0.02687386	-0.025323618	0.029313814	0.049080614	0.042647373	-0.010351598	-0.03466921	-0.04579958	0.04819384	0.011160456	0.042883743	0.044840407	-0.020135367	0.011453293	-0.010524891	0.03222462
-0.0558531	0.10018213	-0.044698667	-0.07703957	-0.021679716	-0.011528125	0.057691686	0.07416765	-0.049471784	-0.05283648	0.06863534	0.065325074	-0.035350114	-0.030481966	-0.02465847	0.037463613
-0.10179836	0.15228029	-0.06881577	-0.14931531	0.0046450067	-0.13313128	0.18939047	0.12148205	-0.039301448	-0.17624657	0.07182693	0.13177161	-0.07402367	-0.07313895	-0.054817416	0.061315987
0.28109837	-0.23218042	0.25104752	0.27485362	-0.2235159	0.2511394	-0.32159716	-0.209916	0.2527891	0.30748338	-0.27045122	-0.22564398	0.25668415	0.21817988	0.23086667	-0.31159228
0.10066577	-0.085311316	0.077124365	0.037532672	-0.07060447	0.07867902	-0.05904213	-0.004993536	0.05605945	0.10873523	-0.038257208	-0.015863778	0.054941908	0.09233112	0.086733244	-0.018145315
-0.010493239	0.039572634	0.041090216	0.018919555	-0.063399814	0.019469569	-0.033998862	-0.0061612213	0.040084608	-0.038279366	0.031118423	-0.032469947	-0.0059770336	0.012791736	-0.0067666573	0.043311417
0.18907893	-0.18187536	0.1764304	0.22714058	-0.27699405	0.19267948	-0.21318504	-0.20986022	0.31984422	0.27197698	-0.1797931	-0.21012154	0.17566663	0.22259486	0.24762008	-0.28603733
0.06778014	0.02836181	-0.025761627	0.0052495566	-0.046631068	0.049556237	-0.028269542	0.04317137	0.043032352	0.00074985245	-0.041772455	0.037996884	-0.0081153205	0.028915359	-0.014425263	-0.04563621
0.18893664	-0.21466185	0.15446554	0.2057769	-0.29803655	0.23937711	-0.18762712	-0.18913469	0.3301518	0.24376354	-0.18552962	-0.24136502	0.17790167	0.20480517	0.18557991	-0.27410665
-0.05350349	0.08587231	-0.04666948	-0.038773753	0.038896255	-0.05391421	0.056417868	0.024283405	-0.037687574	-0.03585649	0.029755967	-0.005095071	-0.028612407	-0.03363184	0.0028862895	0.08071529
0.2688069	-0.17393146	0.17324373	0.17339271	-0.2689678	0.21125294	-0.19301942	-0.21803649	0.3668923	0.24586402	-0.21533296	-0.18508422	0.20745523	0.23758137	0.1788724	-0.21512227
0.15704039	-0.14363733	0.14037688	0.17451665	-0.23347098	0.16302314	-0.21394788	-0.1904889	0.2461288	0.23973349	-0.14543782	-0.16739449	0.18705612	0.14513049	0.18070927	-0.19569954
-0.1644875	0.12184086	-0.12929554	-0.15526062	0.14339387	-0.14199206	0.07016653	0.13988036	-0.13857786	-0.19039546	0.07170054	0.08830233	-0.095476724	-0.11632049	-0.10519367	0.17223589
-0.13894257	0.18558873	-0.17259878	-0.1736281	0.05523649	-0.18954585	0.21661812	0.15556236	-0.16371334	-0.23726879	0.10471558	0.1562418	-0.12618081	-0.14562167	-0.16223678	0.15070356
0.032239694	0.024529966	0.041861758	0.03189123	-0.014847749	0.049946126	-0.020676507	-0.026537972	-0.035356298	-0.029836347	-0.020936146	0.0039702235	-0.028202299	0.0030346648	0.031555966	0.009518777
0.16566019	-0.091681615	0.1616703	0.12564148	-0.14125189	0.10969181	-0.168617	-0.18517227	0.20602721	0.21633983	-0.17451087	-0.17365032	0.15059084	0.117854424	0.16426826	-0.13254723
-0.00069387216	0.053744573	-0.056626324	-0.029793946	-0.052671876	0.014536556	0.014419262	-0.0057412162	-0.003061496	0.016130364	0.057121444	0.044679288	-0.0043572257	-0.045835968	-0.04939504	0.026806772
0.05811684	0.0038531048	-0.035579957	-0.002731279	0.01925503	0.02518382	-0.041030347	-0.0329891	0.0019681866	0.020504886	0.011681	-0.0148522295	0.007927709	-0.00018880007	-0.043031923	-0.031091273
-0.08331999	0.09585922	-0.09227895	-0.18010902	0.0067394436	-0.08896004	0.1610335	0.11783948	-0.12135309	-0.16031557	0.09440207	0.07604572	-0.060760103	-0.10609483	-0.092881404	0.16434538
0.044632558	-0.009715286	0.033344727	0.06544741	-0.075580336	0.031453073	-0.06746211	-0.018908389	0.09171917	0.08439419	0.008327071	-0.034942072	-0.019411223	-0.011202864	0.06668192	-0.061667323
-0.06123784	0.10146207	-0.13416183	-0.12762228	0.02299938	-0.032351017	0.13125522	0.11221047	-0.05050597	-0.11422515	0.047539383	0.07681475	-0.09262019	-0.06091219	-0.11673039	0.09294783
0.10731367	-0.11382954	0.08250844	0.09247223	-0.13143864	0.11610136	-0.12672125	-0.07163193	0.17963853	0.21037674	-0.14327662	-0.16438897	0.107769445	0.16768423	0.06572147	-0.13688998
-0.032912806	0.015923167	-0.06309871	-0.03131461	-0.014162821	-0.09262403	0.08484044	0.012127258	-0.043332856	-0.08722437	0.04798055	0.08206373	0.011127626	-0.04756587	-0.009074839	0.041251436
0.047242764	0.021295734	0.0025810755	0.0007895394	0.026859738	-0.012614035	0.034027502	-0.022254681	0.005730189	0.013782521	0.020732064	-0.04095979	0.038092714	0.02743192	-0.03413253	-0.02686149
-0.111590005	0.07360443	-0.06927584	-0.12001975	-0.00040144645	-0.03489163	0.14177328	0.048134957	-0.04345581	-0.12617709	0.11486115	0.09687804	-0.065796256	-0.06150956	-0.09122468	0.05885451
-0.014132452	-0.02976965	0.00859934	8.147325e-05	0.011844855	0.011579556	0.002033232	-0.013218627	-0.012968623	0.03735327	-0.0065120542	0.021182163	0.02713754	0.039192315	-0.033615954	0.015278646
0.17290084	-0.16455384	0.14494142	0.091620155	-0.089670956	0.115304895	-0.094528034	-0.123156555	0.18445264	0.1930862	-0.11557426	-0.08516364	0.12016747	0.11062612	0.15643866	-0.14696927
-0.07634685	0.11047958	-0.033723168	-0.12476434	0.030414507	-0.09032258	0.048471905	0.04177852	-0.117756285	-0.05640755	0.12535898	0.05528122	-0.06867135	-0.13497153	-0.06861579	0.07425095
-0.11272521	0.107609496	-0.11478155	-0.17951404	0.18794695	-0.13929644	0.1394217	0.113501735	-0.16384153	-0.17331864	0.15837783	0.11474081	-0.07526752	-0.18378305	-0.15183024	0.15809017
0.037982486	-0.011709203	0.036295503	0.023053562	0.028738678	0.0083817495	0.054470375	0.05341815	0.0394659	-0.014481493	0.01972194	0.018862057	0.02025621	-0.040089432	-0.051401567	-0.0026001583
-0.054185525	0.0373157	-0.018766627	-0.032019917	-0.036837123	-0.010806875	0.05334782	-0.014968702	-0.042412437	-0.07721438	-0.013035613	0.035764292	-0.077186145	0.008812797	-0.01822472	0.0827711
-0.043961655	0.071142085	-0.05936067	-0.06204743	0.014393723	-0.0044332836	-0.0010782632	0.069111414	-0.01633829	0.0061857984	-0.005653468	0.06226763	-0.029732617	-0.046708778	-0.084764905	0.058099367
-0.03205152	0.090861194	-0.042655706	-0.087111026	0.08138695	-0.09017968	0.11022195	0.08550156	-0.04949679	-0.09316132	0.08119798	0.040148217	-0.04403427	-0.053695153	-0.10462627	0.02906981
0.04987759	-0.002818405	0.008778594	-0.008812726	-0.044727936	0.006917212	-0.05975294	0.023496518	0.06849733	0.046501204	-0.026254803	-0.026590604	0.045530293	0.039453078	0.013895345	-0.04116025
-0.096120976	0.04767606	-0.06299258	-0.10545592	0.017598893	-0.028958052	0.13710679	0.08467593	-0.091310166	-0.045106918	0.10272009	0.06459054	-0.036833297	-0.04960379	-0.09400567	0.11057743
-0.08795388	0.12820175	-0.053086407	-0.1186098	0.04012545	-0.04649996	0.053152107	0.084504254	-0.07016019	-0.043131966	0.049987074	0.103994444	-0.089450695	-0.025881201	-0.025117535	0.11112291
0.07855929	-0.062227804	0.038700785	0.04812403	-0.026131002	0.080455184	-0.07163471	-0.07247465	0.05420657	0.059989475	-0.056106873	-0.0076132696	0.026184283	0.0057766177	0.063324936	-0.05342601
-0.07315342	0.13661803	-0.06486726	-0.031574093	-0.0072842166	-0.061254162	0.075968094	-0.01120728	-0.09103784	-0.11872156	0.079410665	0.022240529	-0.020158477	-0.05340454	-0.05538078	0.081546254
-0.026317893	-0.03347818	0.03271717	0.042250544	-0.06867863	0.02103298	0.013731801	0.013081551	0.0381083	-0.006378417	0.013707435	0.027793482	-0.034769364	-0.0064352225	-0.037499376	-0.045739602
-0.037168197	0.016729085	0.016927559	-0.0059968075	-0.046664525	-0.003585443	0.057793617	0.023820426	0.04766462	-0.03624429	0.035953205	-0.03222539	0.03296935	0.006157686	-0.020522008	0.056514718
0.06928702	-0.07473392	0.063878484	0.09712843	-0.074194774	0.13453308	-0.0877455	-0.012821095	0.09611626	0.07244369	-0.048238628	-0.09590694	0.06525882	0.081807986	0.108148836	-0.050210625
0.20852384	-0.10149195	0.16351207	0.16575778	-0.18850379	0.19144005	-0.19328004	-0.17953894	0.19068632	0.15528458	-0.15168905	-0.15270813	0.12716217	0.14114065	0.16542435	-0.19892555
0.0453204	0.0013739719	0.047332995	0.01767224	-0.056719128	0.015120538	0.014516728	0.01232497	0.04747716	-0.008835013	0.008112067	-0.028529936	-0.040197738	0.012372781	-0.03827983	0.03636068
-0.09865137	0.14383815	-0.11308663	-0.06318864	0.18606575	-0.10022733	0.11744743	0.07389475	-0.14710192	-0.12609842	0.08265618	0.15393217	-0.12698598	-0.075372145	-0.10005758	0.111423545
-0.06808262	0.02402689	-0.03712211	-0.035957333	0.022700887	-0.030891383	0.029637704	0.050842345	-0.029859852	-0.034865152	0.069108516	0.0063669286	-0.014263426	-0.0009679565	0.0036733681	-0.004274299
0.20499499	-0.16324975	0.23860314	0.20872319	-0.28698894	0.26173124	-0.18036513	-0.24435574	0.27690145	0.22221434	-0.17995287	-0.20040199	0.24631904	0.20940454	0.18667684	-0.25371423
-0.20193298	0.16166666	-0.15251833	-0.14507397	0.09097882	-0.2181007	0.1509576	0.12507349	-0.2010304	-0.21320432	0.14098814	0.19204307	-0.1575849	-0.19726166	-0.11441158	0.15601356
-0.19333129	0.20498843	-0.14172842	-0.15217915	0.1724943	-0.21653184	0.23082376	0.15987688	-0.24210401	-0.18482168	0.13097507	0.19764388	-0.154829	-0.19729166	-0.18397401	0.2072427
-0.10177144	0.08526923	-0.12805519	-0.099936195	0.113620386	-0.15918691	0.16191432	0.06776642	-0.16154799	-0.12985113	0.115609944	0.11524036	-0.12318789	-0.14528742	-0.054701008	0.078573436
-0.121356994	0.13735135	-0.1348987	-0.07132177	0.14148293	-0.092578076	0.11283627	0.13975881	-0.06412639	-0.16346958	0.1348897	0.12245938	-0.06633201	-0.07400233	-0.11205199	0.12291005
-0.041567538	0.018410388	-0.03222803	-0.0051110764	-0.036294725	-0.06033039	0.07741699	0.043707993	-0.07002296	-0.010455433	-0.0057723345	4.4080833e-05	-0.042984378	-0.014907678	-0.03140124	0.029483648
-0.005784195	0.004676209	-0.011719866	0.0047878046	-0.020715678	-0.0057755676	0.054150093	0.032680806	0.00029837326	-0.04515202	-0.02867599	-0.018302644	-0.04528383	-0.03159949	0.023664607	-0.028601062
0.11377245	-0.10284635	0.14180389	0.11185532	-0.18823452	0.09844716	-0.16950162	-0.14415143	0.17627265	0.20129094	-0.1479458	-0.09328347	0.1638642	0.14971541	0.100925505	-0.11932523
-0.02593907	0.06824463	-0.03501206	-0.054905016	0.037825335	-0.082368866	0.057680186	0.024845436	-0.097702496	-0.064267844	0.08156126	0.12999605	-0.051774528	-0.061572198	-0.07271415	0.101003066
0.0010018193	-0.02613397	0.05568531	-0.00514978	-0.018701829	0.0026791843	-0.04217426	-0.018401619	0.012596993	0.0201841	0.003390734	-0.032858796	0.05044227	-0.025031857	0.027114041	-0.05196714
-0.065483086	0.05457778	-0.04540788	-0.03360843	0.08977399	-0.038286984	0.1003253	0.017792212	-0.11396745	-0.0566666	0.05376992	0.08576225	-0.0814361	-0.08285573	-0.109328344	0.056860987
0.10495822	-0.15618469	0.1608689	0.10038612	-0.19233665	0.11391608	-0.11521554	-0.17525616	0.16076212	0.2168501	-0.106796466	-0.16782162	0.1444456	0.09941139	0.17662981	-0.18923154
-0.043878347	0.0520594	-0.05078484	-0.041752655	0.043696065	-0.06286498	0.08142184	0.07029345	-0.019823298	-0.0795382	0.07976849	0.03311101	-0.034310825	-0.026098734	-0.052837957	0.06447986
0.080026895	-0.024401952	0.006626828	0.048730046	-0.07351688	0.06457541	-0.029515138	-0.010066236	0.023976764	0.039824136	-0.034223333	0.000584633	0.03180775	-0.002280918	0.017826404	-0.07590445
-0.0288435	0.034057565	-0.0003032263	-0.032402806	-0.027803928	0.003409635	0.06377541	0.044411957	0.010583572	-0.072434306	0.051002342	0.007917644	-0.038900957	-0.016213657	-0.035140544	0.003111477
0.038914558	-0.0412549	0.08358205	0.035256006	-0.074431255	-0.011353453	-0.074141875	0.006011611	0.026162224	0.023664935	-0.021154482	-0.057140823	0.03402807	0.037197888	0.02506172	-0.08557049
0.15385146	-0.17381677	0.08916295	0.14787564	-0.123918645	0.09196609	-0.12566589	-0.110225424	0.18328281	0.115674205	-0.13432766	-0.11487551	0.12720677	0.15418066	0.07327353	-0.18183362
0.15493682	-0.10943011	0.17381236	0.14438204	-0.118303016	0.18476908	-0.0915187	-0.14136723	0.18889347	0.11912051	-0.17056042	-0.16766404	0.17227925	0.13808872	0.09688476	-0.18076403
-0.08095273	0.12298443	-0.09997837	-0.07257107	0.027270142	-0.076330714	0.110757776	0.07174381	-0.063106	-0.0747904	0.132347	0.094389424	-0.037015416	-0.031415198	-0.0855478	0.031322192
-0.074171975	0.046142206	-0.019320898	-0.03898985	0.06366369	-0.007699848	0.006168701	0.014934703	-0.04128452	0.0042828033	0.02601564	-0.006234376	-0.03302827	-0.025247315	-0.053495567	0.057739228
0.11243674	-0.03728195	0.0795612	0.051522244	-0.048109572	0.06286602	-0.05954942	-0.029588956	0.05497234	0.1230223	-0.019332973	-0.094767585	0.007011504	0.040216934	0.08836335	-0.04836399
-0.11695376	0.08907634	-0.057333186	-0.11678451	0.11427748	-0.10777073	0.062250357	0.12048989	-0.115971506	-0.16671675	0.13015872	0.13408865	-0.05811027	-0.15154988	-0.09398833	0.064971656
0.049606815	-0.024128968	0.08388597	0.045504063	-0.065829635	0.09444837	-0.055952482	-0.076628335	0.08415473	0.04776117	-0.0935059	-0.11669086	0.05218795	0.10844123	0.06458587	-0.12773362
0.10662777	-0.14479385	0.05489365	0.08563784	-0.07305783	0.10581002	-0.110269316	-0.019860966	0.102768295	0.123191714	-0.101200566	-0.06860116	0.011537807	0.010381924	0.106292956	-0.0555886
0.10323137	-0.11387948	0.117433205	0.10500707	-0.09168372	0.06639417	-0.07860397	-0.09454965	0.037245847	0.11644001	-0.072608896	-0.097088866	0.0858461	0.029884731	0.10559413	-0.052972373
-0.06396222	0.010201593	-0.0042836	-0.024379069	0.05084202	-0.047259517	0.061621375	0.022522114	-0.002916533	-0.01865754	0.00033297995	0.0138558345	-0.03155651	-0.031968307	-0.04774082	0.018400965
-0.10814679	0.118394464	-0.10171807	-0.115308054	0.15945993	-0.16842283	0.17204112	0.11545141	-0.22249284	-0.13581285	0.1374407	0.15578465	-0.0987264	-0.16570336	-0.15619738	0.15680161
-0.075562656	0.026792677	-0.02618565	-0.00025958993	0.05987535	-0.06480977	0.033741537	-0.0011656386	-0.065277055	-0.022297993	9.183152e-05	0.075758114	-0.07815517	-0.06938562	-0.061557	0.06143582
0.04163691	-0.07278514	0.0704246	0.016963694	-0.07867727	0.06285524	0.021441257	0.025276758	-0.000100240344	0.07624829	-0.055932112	-0.0073736534	0.025483815	-0.018477134	-0.02303017	-0.06894366
0.006642888	-0.03845099	0.066505894	0.023614647	0.00078295014	-0.0048675854	0.037694115	-0.011994092	0.013345297	0.007054175	-0.046399787	-0.032284733	-0.017015059	0.044440653	-0.02416991	-0.0053585526
-0.03966226	0.04125162	-0.06875288	-0.0015796386	0.021997139	-0.08048145	0.09068924	0.04636179	-0.0861366	-0.005210401	-0.012197065	0.058441956	-0.08419715	-0.06406183	-0.09178815	0.0078020156
0.108989015	-0.09311564	0.107203156	0.09267384	-0.12939285	0.08398909	-0.13126776	-0.14006501	0.18832642	0.17541969	-0.06659978	-0.07978213	0.08539676	0.091242984	0.07499704	-0.16463518
-0.021669803	0.02291534	-0.03561953	-0.0051586637	0.05878546	-0.011479788	0.10505935	0.05757431	-0.06629064	-0.08998237	0.07639648	0.028585495	-0.051546376	-0.040743977	-0.04419077	0.029540554
-0.03386652	0.019725906	-0.009412202	-0.027007466	-0.025143351	0.02135656	-0.019400911	-0.049329177	0.029784145	0.012805253	-0.018527223	0.007161838	0.052463558	0.017043894	0.050460014	-0.06000338
-0.0054417397	-0.016301401	0.015337261	0.024202239	-0.09692563	0.027237065	-0.084442765	-0.06521284	0.08008999	0.023296647	-0.021301482	0.012829485	0.073854126	-0.010816358	0.05326682	-0.02799198
0.0156707	-0.0743124	-0.010406188	0.023181727	-0.037150696	0.0076695345	0.0028492166	-0.050103992	0.03177288	0.07224189	-0.009136551	-0.010686647	0.02196498	0.034319695	-0.01880932	-0.06364014
0.11447489	-0.124975935	0.092617415	0.08870209	-0.059200495	0.11324537	-0.06001957	-0.05834714	0.07482849	0.0970237	-0.034243234	-0.09572783	0.038447306	0.07529662	0.05392896	-0.12895583
0.0016648858	0.1318523	-0.07031556	-0.12852056	0.044425536	-0.07277158	0.04354007	-0.0030647474	-0.08418728	-0.04686488	0.10075497	0.04277007	-0.011442913	-0.06351241	-0.078364216	0.08664993
-0.07560824	0.041329894	-0.10401079	-0.120933145	0.087525964	-0.10884196	0.04939066	0.08453564	-0.16512607	-0.1265796	0.07000855	0.045021866	-0.124229774	-0.07672778	-0.090173125	0.10286008
0.053322475	0.03671118	0.0035131455	0.0054725423	-0.0064526093	0.045400202	-0.020632556	0.0023425433	-0.016252901	0.052215416	-0.045756944	0.009806317	0.038688265	-0.02637024	-0.016254324	-0.022905372
0.1017185	-0.059713848	0.08968607	0.13534226	-0.10849665	0.08763079	-0.13381897	-0.080286175	0.13585916	0.09121916	-0.0890193	-0.043089963	0.045960404	0.14616716	0.10721462	-0.0774838
-0.012636665	-0.029562335	-0.0044249375	0.04390509	0.021915281	-0.005726495	-0.027824888	-0.0035407061	-0.0030404897	0.036786217	-0.0215794	0.0094217	-0.03150089	0.057205047	-0.021583425	-0.022402965
0.028416323	-0.016324984	0.015598987	0.020555733	-0.003638389	0.02777287	-0.034186486	-0.004338623	-0.010741673	0.030846538	0.0007613286	-0.014081143	0.032087117	-0.0035772556	0.012048852	0.0029255776
-0.06856405	0.009979138	-0.065055676	-0.0044251396	0.07051465	-0.02923276	0.093335874	0.01995387	-0.045216255	-0.058998767	0.045096565	0.050627496	-0.052275132	-0.073499866	-0.04176203	0.03452911
0.013897266	0.0022830926	-0.0002475121	0.039613858	-0.012841876	-0.014054495	-0.018510856	0.023148572	-0.01828014	0.049139183	-0.04936564	-0.025733007	0.04717016	-0.037294835	-0.010519371	-0.038535334
0.04080996	-0.0017802853	0.02763037	0.0070736767	-0.0417602	-0.020766234	0.031879943	0.014996851	-0.0011197927	0.031334907	-0.010398838	1.1407741e-05	-0.027622433	0.035152007	0.014267653	-0.017868994
0.013229943	0.013683211	-0.053421695	0.014857527	0.031056942	-0.012706731	0.033207994	0.03956671	-0.0076204115	0.018439546	-0.001261059	-0.015507902	0.021606892	0.019844053	-0.052606285	0.013537566
0.0020868394	-0.052703332	0.031645596	0.040000025	-0.05348286	0.04737739	-0.043957464	-0.04702803	0.009529976	0.06120993	-0.015629537	-0.011733165	0.051925708	-0.009857694	0.075142376	-0.07057267
-0.029137475	-0.007239858	-0.014076255	0.029300341	0.03905265	-0.056400515	0.015335993	0.04829344	0.021181513	-0.01937158	-0.005660581	0.036930963	-0.054796845	0.012150806	0.025098788	0.07136868
-0.0023186891	0.007014048	0.06469388	0.040977225	0.012974305	-0.0141630415	-0.040740535	-0.031955812	0.023031468	0.029035097	0.0022304158	-0.00060648343	-0.030271385	0.0105978735	0.026521208	-0.016543346
-0.0025815228	0.01038122	-0.012427859	-0.02623544	0.029730016	-0.027923744	0.009836123	-0.052298687	0.07071125	-0.024671441	0.0040614824	0.02775768	-0.0013334587	0.030854803	0.039323118	0.0012272443
0.10284836	-0.085233286	0.060473666	0.019148294	-0.12484181	0.02510603	-0.056062806	-0.040875565	0.10224687	0.118367754	-0.015407373	-0.09512511	0.03811359	0.08710843	0.027459161	-0.09901794
0.014425727	0.028361257	-0.05871078	-0.017078541	0.059502263	-0.007023728	0.021541998	0.070641875	-0.037403576	-0.05789996	0.0234902	-0.015160275	0.005895007	-0.0144729465	-0.07589283	0.03248129
0.032157283	-0.0972963	0.06000502	0.01864183	0.02298526	-0.024902323	-0.049635615	-0.013180208	0.0030132683	0.075286776	-0.08116612	-0.051102698	0.04982119	0.0033149994	0.06954971	-0.033521485
-0.009551006	-0.04778154	-0.005655759	-0.04935047	-0.038855556	-0.020262744	0.023346717	-0.03770704	-0.009198055	-0.041259434	0.03245555	-0.029179934	0.0008751239	-0.048188634	-0.009772339	-0.040494695
0.13536267	-0.052578922	0.09392669	0.10889196	-0.12560439	0.11553129	-0.09490033	-0.0932597	0.14475632	0.06266411	-0.09496878	-0.13630715	0.046083212	0.10169457	0.056757893	-0.08354785
0.013264402	-0.006121505	0.07552554	0.046361014	-0.066333964	0.03840598	-0.09826948	-0.011090016	0.061518222	0.053577118	-0.023975667	-0.056376882	0.03979725	0.012232747	0.08392246	-0.05108611
0.019239014	0.051365606	0.022729345	0.013244509	0.025936848	-0.04218144	0.018580765	0.011070387	-0.043096993	0.05720579	0.017869983	0.049017165	-0.045012157	0.00078582705	-0.048707742	0.042152938
-0.023358846	0.0054033813	-0.05054161	0.0051668338	0.044534698	-0.020248415	-0.0072328392	0.05372271	-0.0052071474	-0.025903847	0.076948375	0.07007444	-0.05896375	-0.05538711	-0.001719673	0.0036465973
0.13363603	-0.11380634	0.111151725	0.05670539	-0.137449	0.093214974	-0.10472025	-0.04581471	0.09089797	0.12240711	-0.08455983	-0.060623348	0.1153044	0.053862117	0.0800511	-0.051264837
-0.055600636	0.049756397	-0.08281681	-0.012010376	0.016803317	-0.058059085	0.03703386	-0.014058144	-0.05682339	-0.035651676	0.013928143	0.04291444	-0.022382066	-0.013400436	0.009526327	0.0883441
0.020138118	-0.075019196	0.042777963	0.031802297	-0.0062424	-0.0024691962	-0.051934425	0.0014172328	0.054624055	0.052463412	-0.00062374456	-0.049295273	-0.0085004205	0.073851556	-0.009651463	-0.036766186
-0.009773123	0.008625062	-0.046833795	0.029892853	-0.0325359	-0.006979366	0.011409688	0.0020047948	0.0021437681	-0.030732723	0.024882104	-0.027035348	0.025518399	-0.024608353	-0.03755996	0.034931395
0.06550488	-0.07334095	0.061785992	0.047000732	-0.07896072	0.09725196	-0.0036541913	-0.03322714	0.100738324	0.08100067	0.0013299594	-0.075265735	0.020148387	0.08644482	0.037438296	-0.0023761091
0.14826043	-0.14195976	0.10929965	0.1899434	-0.19788696	0.18485422	-0.120204106	-0.15176001	0.14224634	0.15469384	-0.14066221	-0.10717538	0.08626611	0.1209095	0.16583344	-0.17398198
-0.004167733	-0.007171908	-0.070594974	-0.04861947	0.012765846	-0.0714735	0.002707763	0.06611632	-0.0042628273	0.0051505594	-0.009518495	0.046199862	-0.06253771	-0.010889009	0.023302805	0.027921638
-0.04579524	0.08296609	-0.08559485	-0.084014185	0.044547327	-0.08478242	0.0727871	0.06031875	-0.019778013	-0.108113185	0.058050774	0.017946893	-0.02853397	-0.015218902	-0.06551459	0.080159515
-0.12782858	0.14384006	-0.060987536	-0.05009094	0.14853343	-0.06360735	0.14424233	0.094677	-0.14439507	-0.13813145	0.082203865	0.052003566	-0.093276784	-0.12933928	-0.11645691	0.0653178
-0.05297647	0.066445954	-0.032812852	-0.035418678	0.1000377	-0.06594375	0.036838666	0.08183057	-0.06855986	-0.015243788	0.06985278	0.008803984	-0.008365503	-0.05174976	-0.064270906	0.09495564
0.054193117	-0.0240258	0.051780064	-0.0040719374	-0.060072236	0.010086019	0.028896512	-0.011700963	0.05180996	0.06638704	-0.055929385	0.010760019	0.054373886	-0.018153433	0.009942146	-0.044516187
0.10717467	-0.023074223	0.04764072	0.027731197	-0.044309314	0.07777502	-0.107863404	-0.06400317	0.02649783	0.13030495	-0.06891315	-0.08791273	0.06727145	0.052051626	0.07835449	-0.09748051
0.109861396	-0.13249937	0.13673127	0.08308285	-0.17593975	0.09557215	-0.12584916	-0.11226313	0.13149635	0.094492055	-0.14762866	-0.064590536	0.113176845	0.097927466	0.07502	-0.14973967
0.048102733	0.0020118307	0.004540343	0.031062309	-0.038384765	-0.020614045	-0.07163012	0.03471927	-0.0010546098	0.07294661	-0.05144899	-0.014637388	0.013496597	0.015323483	0.057210997	-0.06810661
0.04461211	-0.07868196	-0.0039762626	0.02754471	-0.03749886	0.06466365	-0.00029703602	-0.03564377	0.10095916	0.004185773	-0.08293059	-0.0627883	0.08074868	0.045876525	0.048210636	-0.06738712
-0.059529644	0.06289146	-0.0904682	-0.027472036	0.070892625	-0.037740067	0.023248112	0.054628726	-0.114144795	-0.09449492	0.10500894	0.11649782	-0.041149367	-0.08944557	-0.11347229	0.11900006
-0.08584956	0.097554766	-0.10523477	-0.15152678	0.027437208	-0.08632313	0.11055655	0.07307658	-0.115488224	-0.14431274	0.05888001	0.0664212	-0.106950216	-0.03909419	-0.12163918	0.07942154
-0.10675751	0.11687839	-0.0944047	-0.11126594	0.030379767	-0.13680784	0.08723833	0.081515625	-0.04538022	-0.086155735	0.11913879	0.046815474	-0.08663761	-0.06440151	-0.07749126	0.09548901
0.09042756	-0.12494982	0.114696056	0.10607948	-0.1056234	0.1049163	-0.07977979	-0.08095988	0.20814733	0.122509725	-0.14731142	-0.12937024	0.16682658	0.12993646	0.17166772	-0.09079917
-0.009799585	0.03828367	-0.017787848	-0.059494954	0.05418282	-0.042885184	0.051246323	0.06456404	-0.07853154	-0.10159795	0.038099688	0.047854986	-0.082620874	-0.07081831	-0.013846473	0.08507798
-0.0641874	0.041527923	-0.042838342	0.021939734	0.008713735	-0.007283627	-0.009491833	-0.024519641	-0.014647406	0.00015470851	-0.016259154	0.0045306105	-0.010726332	-0.014960942	-0.008893826	0.033984408
0.086554155	-0.044803545	0.012280126	0.060020808	-0.030672176	0.09028101	-0.07079576	-0.082252786	0.08629812	0.018468404	-0.043336075	-0.048354007	0.01090812	0.042356785	0.029333565	-0.08415521
-0.022556553	0.07253618	-0.05565621	-0.04944458	0.015597974	-0.08652088	0.025737304	0.099123724	-0.120956995	-0.046169184	0.027415069	0.105479166	-0.08813849	-0.08676909	-0.10289656	0.027191432
-0.12691613	0.174502	-0.1293505	-0.15320183	0.15729755	-0.16455849	0.09412693	0.1337041	-0.20092042	-0.14106955	0.15155146	0.12296912	-0.08952034	-0.093247965	-0.15764485	0.116206124
-0.008622129	0.03997175	-0.024893582	-0.0656804	0.011775748	-0.02988924	0.061078534	0.03985485	-0.013032271	-0.028117927	0.020944074	0.00766793	-0.08437924	-0.048445176	0.009427572	0.02922812
-0.03434396	0.060468648	0.016561525	-0.07673806	-0.018406458	-0.036983106	0.07124831	0.040089387	-0.0025033485	-0.09088892	0.05232987	0.034796305	-0.01984117	0.009689187	-0.030265015	0.08798276
0.012300589	0.054587606	0.030150998	0.035107683	0.006448798	-0.056067143	-0.018672997	-0.01664958	-0.043571904	0.021997407	0.029460931	-0.040306326	-0.025980268	-0.014694328	-0.03133858	-0.027654361
-0.007835881	-0.03999001	0.00635517	-0.009663374	-0.0012064824	-0.023128284	-0.03853607	0.0050035226	0.032658733	0.03846529	0.04367134	0.04304892	-0.003017953	-0.04660808	0.018455684	-0.018532189
0.10597809	-0.103190176	0.14282036	0.082903296	-0.18345396	0.12960021	-0.122417174	-0.083599836	0.19217922	0.10439696	-0.101596326	-0.102184825	0.1319503	0.13506721	0.08336197	-0.17375684
-0.1608863	0.13191871	-0.10989256	-0.067392096	0.1212768	-0.11151141	0.08470425	0.062321685	-0.21798702	-0.10994307	0.08538525	0.058672983	-0.103853494	-0.11961363	-0.09891521	0.08135435
-0.053026482	2.0501011e-05	-0.057489254	-0.029836733	0.028105736	0.00999136	0.0023827176	-0.016680477	0.027608884	-0.040823042	0.023342641	0.038136687	-0.03523773	0.020700162	-0.05344991	-0.023581289
-0.17017213	0.18555577	-0.1366116	-0.13744234	0.08095612	-0.12157812	0.10397844	0.15839103	-0.07714857	-0.19772494	0.123523176	0.14615287	-0.15462382	-0.11887949	-0.11681503	0.18366635
-0.004842653	-0.019035205	0.03633604	-0.011029592	-0.029961854	-0.0022088075	-0.050352793	-0.03372477	0.028306872	0.012032299	-0.03783863	0.045672383	0.053299844	0.050902266	0.029424505	-0.028239755
0.049926694	-0.019627765	0.011174009	-0.04055323	-0.03985991	0.0074502896	-0.040984258	-0.04296897	0.025951859	0.017106798	0.027403109	-0.046247523	-0.0034355684	-0.03940579	0.020726074	0.010705046
-0.013797051	-0.030061066	0.040556803	0.043329965	-0.08325498	0.061928034	-0.0010014139	-0.048834577	0.011023481	0.012118482	-0.017615696	-0.022640154	-0.010625845	0.027710209	0.030808235	-0.0041275686
-0.084196016	0.023539355	-0.037807085	0.011546957	-0.0039094063	-0.071067944	-0.011147878	0.057527985	-0.01647982	-0.013989625	-0.01452091	0.007902219	-0.03286039	-0.049746066	-0.07736876	-0.015573315
-0.05047757	0.041937184	-0.04158445	-0.04850236	0.0437332	-0.028305989	0.015407635	0.03215519	-0.06652741	-0.02390883	0.087673865	0.06329245	-0.05027993	-0.08316168	-0.0472733	0.08527815
0.0064300015	0.011415285	-0.02359767	0.004662881	0.0016345194	0.023073507	0.018743657	0.0059878635	0.012792166	-0.00020207606	0.014806632	0.0006220315	-0.024683569	0.02577916	0.018596997	0.015322514
0.009608805	-0.021155002	0.005394634	0.04300403	-0.036572997	-0.014910777	-0.0056914687	-0.07340076	0.08627581	0.0055603394	0.017531337	0.019777521	0.0070655206	0.017092891	0.07041706	-0.020371081
0.11283794	-0.14867125	0.08923577	0.13260368	-0.12120554	0.1565378	-0.10029686	-0.09783175	0.13033032	0.169121	-0.056199353	-0.13373125	0.13730761	0.13337629	0.051678542	-0.12043011
0.11862776	-0.13954344	0.07309059	0.077289656	-0.13627602	0.14810781	-0.16321266	-0.16547087	0.15391645	0.16358358	-0.10217931	-0.14286089	0.1623843	0.073654935	0.077518284	-0.13989267
0.042097896	-0.010851661	0.030683164	0.052127518	-0.027688937	0.07437234	-0.07941132	-0.017418625	0.06284302	0.089955166	-0.062312428	-0.09571916	0.06416681	0.060252737	0.04265548	-0.05944838
-0.07716612	0.06949423	-0.08809057	-0.08810016	-0.0018035048	-0.019029008	0.12952588	0.05932177	-0.0861671	-0.12093469	0.102618754	0.063131385	-0.08379634	-0.0640506	-0.106666155	0.06528682
0.13726118	-0.08305959	0.14670761	0.11496319	-0.095564	0.10412776	-0.0885702	-0.16433395	0.19256558	0.15348062	-0.15191235	-0.1588917	0.11789115	0.16183805	0.15162015	-0.15953602
0.07938221	-0.03457437	0.043786146	0.078463376	-0.08162185	0.09321118	-0.033195965	-0.105360575	0.07631879	0.061191615	-0.10295172	-0.097396694	0.061941776	0.09854677	0.06060265	-0.11680035
0.013593032	0.060286846	0.0091906395	-0.0626146	-0.0071109626	0.0050784852	-0.0039788135	0.03829418	-0.025277572	-0.063277625	0.039605603	0.0046339263	-0.0052321614	0.027629228	0.030412186	-0.021682326
0.090103924	-0.07330211	0.081100464	0.03391772	-0.087632865	0.08883048	-0.074978836	-0.08113912	0.12840384	0.03406545	-0.008314315	-0.07285745	0.10477229	0.092822224	0.10827757	-0.10331104
-0.07753994	0.06932219	0.0064157215	0.017209593	0.018880121	-0.06276689	0.05269226	0.024772367	-0.052903898	-0.0036553917	0.03374651	0.011833864	-0.010979211	-0.07010355	-0.038282286	0.026874429
0.16767742	-0.17309502	0.10038895	0.114565685	-0.14704983	0.13245419	-0.14412008	-0.17167531	0.16536747	0.20339338	-0.17062916	-0.12296596	0.166342	0.14498672	0.15022367	-0.11595951
-0.1545731	0.11183757	-0.09359597	-0.08613583	0.10196772	-0.062718846	0.1361535	0.09612137	-0.112839654	-0.14500298	0.062375754	0.059537288	-0.041476816	-0.09208879	-0.042708445	0.06628337
0.07499334	-0.011785195	0.008487388	-0.008250952	-0.0062419013	-0.017404601	-0.05564127	-0.02714143	0.01188322	0.063273765	-0.057152618	-0.054288886	0.010125188	0.06054234	0.037850697	0.0006686996
-0.055322703	0.023289379	-0.020150293	-0.05463671	0.06342627	-0.04047982	0.09353257	0.06997588	-0.029873159	-0.12185331	0.07793711	0.068175584	-0.04930564	-0.03822987	-0.016901175	0.060660552
0.050554827	0.0052609765	0.05018738	0.0377061	-0.06449795	0.02429866	-0.08044682	0.010686785	0.077979505	0.041123386	-0.09029015	-0.033858106	0.011522552	0.061576866	0.025223225	-0.03710845
0.086481385	-0.13936381	0.065111786	0.0691405	-0.17250443	0.060137387	-0.13925178	-0.060608972	0.11019344	0.07086975	-0.063983336	-0.07351554	0.07717949	0.06833839	0.12783575	-0.104535945
0.049917918	-0.08579924	0.019361436	0.0024172766	-0.08033799	-0.0023081535	-0.015116515	-0.0049532456	0.044896774	0.07325831	-0.011594228	-0.05424947	-0.0012304608	0.061338775	0.023521699	-0.020090427
-0.10831603	0.14733006	-0.09894434	-0.077905856	0.1050969	-0.10207132	0.14459686	0.08325845	-0.17889148	-0.114975065	0.09989278	0.14852862	-0.056996435	-0.104103826	-0.07593906	0.109718986
0.073041715	-0.11808425	0.08771152	0.08579147	-0.118549965	0.076076075	-0.059873085	-0.11043374	0.14907432	0.16542605	-0.11204119	-0.05760927	0.064217664	0.049622156	0.08959921	-0.09923594
0.030348634	-0.050000504	0.08915679	0.08693994	-0.04701934	0.098259084	-0.03914797	-0.090134114	0.06674386	0.0692676	-0.07738723	-0.07502212	0.07972628	0.060428455	0.030396562	-0.028696265
0.066549264	-0.07531441	0.050709713	0.09381007	-0.09861413	0.08776958	-0.054064482	-0.043706812	0.082453795	0.0987808	-0.04039611	-0.003502245	0.08065759	-0.00075183774	0.04565874	-0.008774602
0.014659625	-0.03363627	-0.004443707	0.020259166	0.019982256	-0.035215177	-0.007980041	-0.031116355	-0.030567406	0.06361275	-0.050789975	-0.01980518	0.04772257	0.025969727	0.061094504	0.01961034
-0.059152678	0.015957477	0.010598908	-0.011620076	-0.017522756	-0.03779087	0.04486138	0.009946214	-0.01639562	-0.012402981	-0.006439675	-0.0020253004	-0.0016168326	0.025621416	-0.029104618	0.00025964016
0.03969475	0.055662107	0.025276344	0.041039247	0.025450574	-0.008872378	-0.0037630235	0.033905126	-0.009335237	-0.021827592	-0.005487028	0.023147088	-0.038846552	-0.043847702	-0.0015945288	-0.031291336
-0.026071038	0.034808755	-0.06965213	-0.05405876	0.07284878	-0.017580926	0.048916772	0.082061924	-0.03482004	-0.07766879	0.040376823	0.07455555	-0.01778413	-0.0250032	-0.092010625	0.060737263
-0.07020474	0.02433303	-0.013069369	-0.04315319	0.06976797	-0.010710348	0.09850371	0.08170532	-0.03376941	-0.09388641	0.036354765	0.08683617	-0.03585349	-0.016790247	-0.04107863	0.051688816
-0.027644623	0.055107303	-0.09561484	-0.030716501	-0.001625923	-0.05965393	0.053972013	0.087478176	-0.067971535	-0.023037829	0.061748102	0.09682667	-0.0741021	-0.05254929	-0.03615058	0.06900205
-0.02365644	0.0863071	-0.09405203	-0.08136825	0.060317174	-0.047352824	0.036936045	0.03236002	-0.054460775	-0.08906821	0.035300672	0.06444758	-0.008228595	-0.040271852	-0.041337613	0.09166157
-0.050167162	0.06091138	-0.028516905	-0.013912363	0.088459045	-0.08845305	0.070583664	-0.012345756	-0.01800375	-0.073166944	-0.012846989	0.059632257	-0.039714944	-0.07198916	-0.008930567	0.011458149
-0.066056155	0.0074694627	0.007864917	-0.051393677	0.027394373	-0.072413445	0.04309497	0.075849354	-0.019787481	-0.057326984	0.0018539332	0.02121396	-0.054405287	0.010139357	-0.081853285	0.07784463
-0.0799685	0.13714056	-0.05096053	-0.1087593	0.11165573	-0.07161918	0.08113016	0.12421824	-0.14673825	-0.1544409	0.10846625	0.09226778	-0.091602415	-0.05819101	-0.046948273	0.12428076
0.21393201	-0.14149538	0.19902438	0.1201521	-0.19748963	0.21714203	-0.1586058	-0.123681515	0.18477099	0.21657275	-0.15630844	-0.12361064	0.18776044	0.17183113	0.15123884	-0.18680574
0.03526597	0.031078344	-0.052528545	0.03672493	0.051373914	-0.05682903	0.012934165	0.012405284	-0.054994773	-0.054386374	0.012937627	0.045335542	-0.016753994	-0.058358885	-0.024511691	0.036089692
0.04277741	-0.068508714	0.055615652	-0.012913195	-0.09362158	0.009088701	0.00085387134	-0.0002554544	0.04100373	0.0128253475	-0.020366263	-0.03754732	0.04051069	-0.00048252058	0.046733316	-0.03787873
0.10074526	-0.054437056	0.054504216	0.12728463	-0.113433406	0.13965799	-0.062416855	-0.150837	0.15386331	0.08724084	-0.05820855	-0.10532182	0.09999832	0.1308408	0.13952464	-0.16094123
-0.0029670992	0.05920752	-0.07232282	-0.0020590595	0.033872362	-0.07922673	0.038267896	0.040736172	-0.048091557	-0.014964646	0.024350422	0.06389782	-0.03144021	-0.038158033	-0.04194832	0.016482037
0.050148558	-0.0015187715	-0.0047417628	0.0050232457	0.004143767	0.045254756	-0.0005650254	0.03526685	-0.018873792	0.060400832	-0.043024432	-0.02812273	0.041590065	-0.025992222	0.01332894	0.0038095391
-0.05119511	0.016763398	-0.012488195	0.010803029	0.03406419	-0.054576326	0.017707394	-0.021246457	-0.061758816	-0.073315695	0.078447305	-0.019112626	-0.07496545	-0.06559052	-0.056768235	0.06261551
0.013052536	-0.0037915432	0.04294942	0.013971046	-0.02425218	-0.004426957	-0.029203458	0.016091041	0.045017943	0.025510836	0.032310985	0.006210823	0.049323037	-0.013777548	0.03305105	-0.022255313
0.013777801	0.08545597	-0.0024792857	-0.043296758	0.038113065	-0.06965387	0.052289035	0.06128745	0.028569803	-0.027167348	0.0353104	0.07031968	0.0022276912	0.029765826	-0.026461827	0.028959773
-0.055685617	-0.011451948	-0.034530275	-0.010383803	0.02797446	-0.03057946	0.0024499197	0.019133288	0.016248276	-0.024503142	0.00033258047	-0.041436106	-0.040623907	-0.035689235	-0.0034489178	-0.029362623
0.17813762	-0.13131562	0.11470363	0.11753332	-0.12330442	0.1963283	-0.17496783	-0.15822092	0.22851206	0.207577	-0.19043158	-0.11918377	0.10710898	0.16431268	0.11203746	-0.17391767
0.05219281	-0.0461847	0.030499294	0.05519965	-0.016826043	0.044350427	0.0056863152	-0.0044149687	-0.008340447	0.02683731	0.011932634	-0.03554702	0.023795066	-0.022893993	0.039557904	-0.05475161
0.0774549	-0.05324935	0.05738194	0.0927058	-0.14620443	0.11503112	-0.14204705	-0.13999596	0.1265927	0.15160124	-0.08498503	-0.101936065	0.12016976	0.13553408	0.13828197	-0.070894696
-0.04510683	0.06509648	-0.010116625	-0.059386935	-0.022470487	0.009326876	0.032112464	0.028288586	-0.0067007486	-0.038334437	-0.018500658	0.03946732	-0.018747993	-0.035288572	-0.061334465	0.030879134
-0.0744133	-0.01872968	-0.03349603	0.016678602	0.08082792	-0.020614589	0.0036145898	-0.012096461	0.035588663	-0.04258086	0.020751882	0.05930816	0.021715187	0.0034279542	-0.043851126	0.008918376
0.009202949	0.022134434	0.030494599	-0.02859809	-0.04703705	0.0457715	-0.00044078723	-0.044727296	0.027652808	0.041472647	0.0035591072	-0.06905485	0.024215717	0.064086996	0.039370537	-0.036717236
-0.056460436	0.027479231	0.005854352	-0.004027418	0.04694983	-0.04796666	0.04108576	0.049261797	-0.049431726	-0.06619472	0.009722244	-0.013121584	-0.020755582	-0.0030761368	-0.04698222	0.046436995
0.049347028	0.033672728	0.053061657	0.028194653	0.025098067	0.03972303	-0.011359917	0.0054497076	0.021904852	0.022702236	-0.019236607	0.041788727	0.03223075	-0.048682258	-0.011048571	0.022434015
-0.058384344	0.09807973	-0.094439864	-0.09959211	0.030415874	-0.07299661	0.03324832	0.014633251	-0.09187638	-0.028674494	0.029973213	0.076128036	-0.03122034	-0.095828556	-0.078157015	0.07369362
0.0124040665	0.038884133	0.04628777	0.020936875	0.0137652885	0.031521767	0.01360691	0.015876228	0.010264205	-0.009810734	-0.0051178373	-0.009280865	-0.0029756702	0.047046483	-0.02716497	0.022824924
-0.03601221	0.021910772	-0.07953191	-0.07819948	0.024033582	-0.07221661	0.024797795	-0.0024482703	-0.07777372	-0.100395024	0.009590272	0.04479313	-0.04783631	-0.07647647	-0.051204048	0.061417893
0.08151435	-0.1166625	0.071852475	0.09243319	-0.16413973	0.13559343	-0.08964494	-0.15948008	0.15036476	0.17410496	-0.1320532	-0.06622018	0.07766567	0.13475168	0.09569017	-0.13030405
-0.05920179	0.101457186	-0.10928111	-0.1057093	0.07972012	-0.081049874	0.055849064	0.069398545	-0.12553129	-0.06077323	0.0463841	0.044420954	-0.008842538	-0.06469205	-0.03077765	0.0973215
-0.010263409	-0.06528149	0.052454375	0.019819073	-0.04542231	-0.0015578566	-0.0467513	-0.0068759467	0.09077244	0.042325474	0.01375749	0.0027828922	-0.004713373	0.058348443	-0.006854377	-0.01098509
0.11321253	-0.06214794	0.10437837	0.11122676	-0.065618865	0.10866549	-0.06491425	-0.14044844	0.14404513	0.072081275	-0.09447446	-0.07348607	0.10215822	0.058741424	0.05940995	-0.10401226
-0.05445132	-0.0019193884	-0.05009347	-0.020513128	0.06581371	-0.0348124	0.04500709	0.012416266	-0.013334758	-0.03881994	0.049828015	0.05451875	-0.036727738	-0.056226194	0.017407997	-0.008194922
-0.077370204	0.05960966	-0.07177184	-0.025500895	-0.0044021592	0.0022881362	0.035268072	-0.010979606	-0.069143586	-0.047689106	0.022714237	0.045432683	0.0046398044	0.015944134	-0.06544255	0.062410288
0.09530531	-0.09855458	0.12916271	0.15387622	-0.13452096	0.10230242	-0.15496682	-0.088365674	0.16036834	0.15914881	-0.13475472	-0.12786481	0.088805944	0.14025438	0.11799823	-0.13167563
0.06834388	-0.044196345	0.051486075	0.04432829	-0.11452316	0.032010686	-0.025880255	-0.052467193	0.1141708	0.07006195	-0.072035685	-0.1024976	0.022626277	0.07315845	0.057403337	-0.087681405
0.044702668	-0.07199863	0.07228948	0.06838996	-0.02948015	0.079325214	0.017642392	-0.01154749	0.0203799	-0.0026299616	-0.03490778	0.0109164165	0.033260897	-0.006108197	0.054339215	-0.013760215
-0.00035541947	-0.033204164	-0.019533329	-0.021149559	-0.014298456	0.059106153	0.022781456	-0.026352275	0.07371172	0.04378047	0.026641378	-0.05562975	0.03657765	0.009370701	0.03427131	-0.05206387
-0.075485155	0.083472475	-0.05932451	-0.051222384	0.04971942	-0.06574561	0.058935102	0.009046782	-0.06300524	-0.06373845	0.011519982	0.06980312	-0.05234907	-0.03554794	-0.057404824	0.015283305
-0.172908	0.06437424	-0.06689466	-0.11283104	0.067101	-0.16603543	0.101795234	0.12381514	-0.08551545	-0.14403385	0.060136843	0.07957407	-0.08616377	-0.12692463	-0.09848523	0.094134
-0.014390418	-0.007232175	0.054117594	0.041186742	-0.07324951	0.034349486	-0.0060512256	-0.06045497	0.00048773552	0.032042846	-0.020613804	-0.031623155	0.052397277	0.008773071	-0.002765784	-0.06096032
-0.02832217	-0.03175831	0.013644413	-0.01058537	-0.0050041433	0.03879708	0.026778562	0.018894454	-0.03202111	-0.04388473	0.0020956933	0.051426306	-0.04832314	0.027145682	0.029761596	-0.012672694
-0.022889985	0.022701459	0.038736127	-0.022674393	-0.0022253755	0.048790645	0.009691556	0.009186951	0.017751168	-0.020017823	0.025541935	-0.0026795238	0.029116409	0.012666689	-0.0034589223	-0.05573216
0.008276071	-0.016725177	-0.03045425	0.043287437	-0.05063289	-0.029410105	-0.020297145	0.03535256	0.039040975	0.02325338	0.041589286	0.052557908	-0.057610653	-0.05071677	0.0018205813	0.0028392412
0.08519636	-0.053377744	0.058476888	0.085028745	-0.023147376	0.03048103	-0.020237451	-0.011246806	0.09511888	0.052700024	0.015603875	-0.07285166	0.051709205	0.021644684	0.0022110532	-0.04697182
-0.003049794	-0.045795668	-0.024425467	-0.02064933	-0.038248118	-0.03222787	-0.016500596	0.01514908	0.054878347	0.043681223	0.027675569	-0.051515635	-0.0021542718	-0.014788124	-0.027915455	-0.030004764
-0.025335629	0.02420099	-0.060516015	-0.008707784	-0.008936076	-0.056448974	-0.02067544	-0.03971524	0.041874576	0.0096590575	0.027408483	0.025317037	-0.027858725	0.004649726	0.024609046	-0.030523863
-0.02442425	0.005049913	-0.049454678	-0.046704043	-0.00090890913	-0.08367077	0.016549869	0.08253693	-0.066775724	-0.04877372	0.06240295	-0.013902346	-0.025942795	-0.05678834	-0.03903596	0.04827338
-0.019150604	-0.0055910787	-0.016652681	-0.038851056	0.0042898017	0.01507028	-0.0050020404	0.019446159	0.028911304	-0.032594398	0.036009498	-0.017314948	0.0149540715	-0.053363066	-0.025842788	0.031947363
0.11225349	-0.11297837	0.054237567	0.03997764	-0.063052714	0.101433	-0.058788616	-0.03877119	0.09868448	0.085780516	-0.055017915	-0.033015456	0.060019415	0.054027427	0.034286477	-0.079791486
-0.03997637	0.02485572	-0.07482564	-0.058431238	0.100724064	-0.075392865	0.046401456	0.03842647	-0.11134162	-0.12585902	0.046879113	0.037214965	-0.037372977	-0.09575053	-0.064341456	0.07053424
-0.11506454	0.0981707	-0.11940221	-0.054888017	0.079312816	-0.078888774	0.12834862	0.10626096	-0.12122185	-0.17184943	0.090434626	0.061168022	-0.1019709	-0.11003814	-0.14494765	0.12447067
-0.121055685	0.1232505	-0.15870593	-0.14414172	0.06827749	-0.18096972	0.07427028	0.07918981	-0.10903569	-0.19294335	0.111032374	0.14183152	-0.14559783	-0.1046502	-0.12028038	0.08711417
-0.037046075	0.09956198	-0.04953916	-0.08468477	0.10036957	-0.104496196	0.07867108	0.079470694	-0.12214675	-0.062303286	0.11249483	0.10171697	-0.07688211	-0.1129739	-0.017976983	0.12635657
0.05662287	0.01589774	-0.0004005825	-0.008525159	-0.015893968	-0.0005470974	0.011964212	-0.011096328	0.059836823	0.027770739	-0.013156408	-0.057985585	0.010419197	0.065638915	0.05126972	0.0055306
0.16046858	-0.14966516	0.10778582	0.10787815	-0.17829503	0.1319443	-0.14559016	-0.16345562	0.18729192	0.16641581	-0.1360636	-0.17062363	0.14728707	0.15585884	0.18084703	-0.17618115
-0.068271354	0.07830004	-0.047318008	-0.052965045	0.09734112	-0.12470422	0.06817073	0.13031115	-0.14429146	-0.13515213	0.098563924	0.09376427	-0.11401056	-0.071494736	-0.14057204	0.10709497
-0.07680145	0.1457592	-0.11098698	-0.08935461	0.11769103	-0.16315928	0.10882525	0.0782887	-0.1360303	-0.15638545	0.13987245	0.09735405	-0.13572505	-0.08208758	-0.0931615	0.08885642
0.09815018	-0.06146634	0.047744744	0.08090384	-0.0415524	0.0016730246	-0.04137349	-0.07343785	-0.012004331	0.10759148	-0.01034326	-0.053883243	0.017077914	0.06106488	0.023263907	-0.039234906
0.032976884	-0.08310053	0.052953806	0.11903057	-0.13620648	0.13293552	-0.12769431	-0.044225596	0.117410295	0.097840846	-0.100582644	-0.112046756	0.030902412	0.07370493	0.07395366	-0.0983356
0.03964446	0.005684427	0.05439967	-0.030926492	-0.016792616	0.013014335	-0.0497983	-0.05214531	0.02528741	-0.0034597148	0.0037480944	-0.00536405	-0.0020301898	-0.025670541	0.005748384	-0.015939102
-0.018598989	0.09573336	-0.0010478063	-0.004842037	0.0671076	-0.1024494	0.07088325	0.014147922	-0.11031261	-0.02689243	0.037785374	0.09238491	0.006092502	-0.09372131	-0.058579203	0.068645746
-0.09324675	0.050762597	-0.042760167	-0.04960263	-0.010106184	-0.00034285104	0.07705944	0.026000375	-0.08729081	-0.04585373	0.08976507	0.030628594	-0.037536852	-0.02116601	-0.049320266	0.056349445
-0.05648381	0.020596756	-0.025663674	-0.06887901	0.05505998	-0.054941524	0.046084687	0.062412582	-0.04597585	-0.0043751146	-0.008001079	0.0010903442	-0.032655116	-0.037012517	0.017186433	0.0132467095
-0.042694878	0.08255528	-0.08348162	-0.015773807	0.029504506	-0.029073754	0.06840382	0.08086703	-0.025011217	-0.08210087	0.0068468302	0.017315952	-0.0644636	0.007315514	-0.033692654	0.017057488
0.06384042	-0.009648089	0.005412113	0.0372048	-0.066991255	0.057011873	-0.06842264	-0.03650363	0.028448539	0.025954379	-0.0740075	-0.026680086	0.067205794	-0.00039106183	0.047129467	-0.08950836
-0.04563929	0.07142689	-0.07933054	-0.06970975	0.04287368	-0.055484533	0.070428014	0.06482154	-0.04573378	-0.084420726	0.023763647	-0.009940353	-0.02784416	0.011104365	-0.0010400937	0.009185617
0.011503885	0.07885732	-0.022610933	-0.0037709856	0.07444598	0.008040999	0.080661595	0.05475872	-0.026027892	0.0073129223	0.06446093	0.06377204	-0.06825263	-0.04233049	0.017819079	0.0036211398
-0.013746889	0.012712037	0.002056732	-0.026888559	0.003829765	-0.050501723	0.015627638	0.08719379	-0.06641618	-0.053492747	0.07783789	0.043911673	-0.024933804	0.0051891985	-0.052063882	0.0333676
0.019446595	0.02572851	-0.03846377	-0.062768675	0.02110877	-0.03472048	0.031551752	0.04457063	-0.04941632	-0.040430162	0.07324382	0.06954215	-0.06000837	-0.074452244	-0.056708977	0.07456434
-0.0032558294	0.06895068	-0.021061495	-0.051541302	0.042328794	-0.029979354	0.0014834931	0.02263577	-0.041497998	-0.035864353	0.027345378	0.05525888	-0.01322084	-0.0492767	-0.03569198	0.078404
-0.078058615	0.11074729	-0.062420346	-0.082735024	-0.003860497	-0.056834415	0.05547741	0.039594878	-0.06913893	-0.0653358	0.017507978	0.029370999	-0.018382052	-0.015079164	-0.050475474	0.045322876
0.027861845	-0.0006093111	0.060153585	0.009425827	0.0032087355	-0.003148438	-0.051907282	-0.0175926	0.039438803	0.01630436	-0.050715446	-0.010697082	0.042975314	0.041864716	0.015996167	-0.03191022
-0.025810393	0.0052375006	-0.090939775	-0.017112665	0.04392402	-0.09929126	0.076359786	0.09025606	-0.047464367	-0.03485694	0.050471418	0.009936076	-0.023801982	-0.02597653	-0.055651903	0.033247203
-0.054778032	0.01789655	-0.08513666	-0.04012239	0.016412105	-0.09491606	0.023147881	0.07023779	-0.059775736	-0.05693617	0.0948045	0.018134926	-0.013842606	-0.0955005	-0.068310715	0.098239526
0.05569651	-0.10661619	0.046540976	0.1357024	-0.078423165	0.08557661	-0.11764813	-0.08682365	0.096960045	0.11586333	-0.08499219	-0.072311684	0.089351185	0.0777884	0.12152336	-0.09226597
0.07282656	-0.11807592	0.07901512	0.04652346	-0.09672635	0.10429898	-0.05078088	-0.026626715	0.06523619	0.13515125	-0.027465377	-0.052131258	0.07768796	0.06767339	0.06650466	-0.034873083
0.030832715	0.010784021	0.022804353	0.008998734	-0.021086575	0.037632316	-0.0076365694	-0.038492404	-0.041144434	0.004693414	-0.032618575	0.01593126	0.026530864	-0.04485997	-0.048708376	-0.008528139
-0.01658525	0.03507469	0.008657303	-0.019385723	-0.025802188	0.0529975	0.025599899	0.016895432	0.03581969	-0.019700415	0.015433016	-0.032714438	-0.010815067	0.04983184	0.012389438	-0.01713154
0.19785304	-0.11845434	0.1820292	0.17776123	-0.12935896	0.1387569	-0.16286856	-0.16034772	0.17681824	0.18832003	-0.14401391	-0.09574847	0.17714898	0.12193792	0.089904614	-0.20202118
0.006212179	0.05342946	-0.0065039275	0.007595966	0.065675475	-0.07566533	0.040315535	0.015532302	-0.033357196	0.008484574	-0.0049128174	0.04648863	0.028351083	-0.010574274	-0.058559705	0.038451966
-0.08047608	0.0697125	-0.033696003	-0.08151009	0.027957797	-0.047782537	0.08237657	0.08618069	-0.045806997	-0.14401382	0.039822146	0.09081231	-0.0982262	-0.0481458	-0.07412752	0.101251855
-0.05614416	0.045248926	0.00039018237	-0.028956195	0.090396106	-0.016537344	0.022818562	0.08409284	-0.047355767	-0.054616902	0.07390794	0.081250876	-0.058215637	-0.03380809	-0.044137128	0.021890432
0.009009998	-0.03159578	-0.038105484	-0.014716916	-0.002520836	-0.0036655057	0.030343123	0.026724704	-0.0071744975	-0.041542236	0.05527849	0.05817555	-0.06006039	-0.016702196	-0.0496042	-0.021140045
-0.040715694	-0.029320944	-0.048620522	-0.05014591	0.0076504136	-0.037916865	0.054420177	0.04579065	-0.037545588	-0.028218824	-0.009547779	0.035859514	-0.06448178	-0.009412687	-0.006572028	-0.02623146
-0.013414945	0.062246755	-0.0038975307	-0.06494276	-0.0013002178	-0.08536443	0.06113316	-0.0001749753	-0.059076246	-0.0065263733	0.07685003	0.031509846	-0.0805126	-0.0086198915	-0.030740129	0.08259527
-0.059520688	0.037081428	-0.017051714	-0.047143467	0.02813886	-0.073338166	0.084303774	0.012472556	-0.083623804	-0.037944365	0.07999854	-0.0053232387	-0.08914341	-0.0021843675	-0.08489502	0.01967116
-0.008488145	0.000881826	0.021777596	-0.01392484	0.016226746	0.05128957	-0.05382141	-0.033682294	0.013924538	-0.025971694	0.019531127	0.024479732	0.038188357	-0.030849554	0.01752006	-0.024864484
-0.04633324	-0.0005282401	-0.049874377	-0.0020137352	0.06560111	-0.088211805	0.034347564	-0.00261178	-0.08972699	-0.05958566	0.02866407	0.07716383	0.006533584	-0.007609243	-0.047019556	0.044441637
-0.05352044	-0.028693205	-0.0022879113	0.018174509	0.04519475	-0.0266333	0.0050391974	0.040226273	0.015297043	-0.00066871516	0.006888974	0.05930364	-0.012794587	0.02039618	-0.055936456	0.016362436
-0.088656604	0.09765064	-0.06275931	-0.11387644	0.08084213	-0.06253481	0.059571225	0.049302462	-0.08015179	-0.049248215	0.0683048	0.029804513	-0.036401212	-0.11345252	-0.074122995	0.0770197
0.049618077	-0.104803555	0.07134895	0.07612197	-0.031620428	0.052116875	-0.052921027	-0.020584254	0.06590432	0.0524571	-0.11138279	-0.04508354	0.070315205	0.03362476	0.07373279	-0.06439562
-0.006137869	-0.03685665	0.0067899753	0.06009554	-0.06708517	0.06694057	-0.0014127236	-0.05783369	0.060902156	0.00725678	-0.06970779	-0.073051736	0.05669569	0.024706103	0.017269582	-0.079487376
-0.028719017	-0.030845525	0.023502909	-0.0025490778	-0.02998694	0.036386386	0.007449741	-0.035049222	0.039490193	-0.01412679	0.0036119747	-0.01363773	0.007938404	0.028315114	0.010297389	-0.024497759
0.15239492	-0.053308412	0.076214455	0.053290028	-0.084084235	0.09883966	-0.11881377	-0.12919217	0.14948927	0.122849524	-0.10176964	-0.048793864	0.0777259	0.12711714	0.10823871	-0.0839935
0.021768421	0.040396836	-0.06186304	0.01046564	0.039384518	-0.06375747	0.035106592	0.016010592	-0.033214413	0.020536365	0.041268475	0.0058585843	-0.03799585	-0.02557419	0.0022400136	0.016986487
-0.009440579	0.042415313	-0.066035375	-0.047622938	0.0031559302	-0.05615512	-0.002282383	-0.030070256	-0.028857136	-0.024076277	0.023524858	-0.021292012	-0.030129666	-0.0314809	-0.03846775	-0.006422061
-0.02520551	0.038477037	-0.06658811	-0.017871192	0.008562419	-0.031953745	0.059965856	0.08380059	-0.03482232	-0.07309331	0.07603069	0.072118826	-0.08015625	-0.043179348	-0.080074325	0.014790073
0.05248424	-0.012610559	0.0825729	0.021172179	-0.08152933	0.07604165	-0.04913241	-0.08056856	0.09648942	0.035388365	-0.035786208	-0.0661668	0.08570547	0.08848588	0.08160308	-0.067713775
-0.02795617	-0.0019443079	-0.0016088572	-0.015210701	0.019945238	0.0072721397	-0.047574434	0.0004877033	-0.0075592217	0.009917662	-0.055094928	0.013614414	-0.026168693	-0.0034893018	-0.013064852	-0.015638806
0.012341543	0.05167731	0.028655136	-0.03220959	-0.031237513	-0.019469025	0.07819743	0.064071216	-0.024000267	-0.057391476	0.01124364	0.024809573	0.010873395	-0.030843528	-0.006671025	0.062717766
-0.110606015	0.0848161	-0.09947809	-0.13197695	0.14382868	-0.10723659	0.13803701	0.082507394	-0.17317821	-0.19448459	0.11147775	0.06277898	-0.11265014	-0.15818508	-0.12895787	0.15493846
-0.028473238	0.087345846	-0.0796532	-0.08102126	0.07845642	-0.03643489	0.029781517	0.08480669	-0.033285517	-0.05218912	0.054171495	0.03765628	-0.07087386	-0.010664573	-0.008652837	0.03542036
0.018134221	-0.019733606	-0.057548176	-0.022053184	0.06169724	-0.009452985	0.011111788	0.0003845557	0.024999117	-0.048515648	0.0443547	-0.0071289367	-0.056637954	-0.04521363	-0.05781424	0.022076782
0.0046122414	-0.07424233	0.02525649	0.023594664	-0.030008676	0.03118062	-0.01369678	-0.023609154	0.09275366	0.06456221	-0.048551325	-0.004029935	0.034471437	0.066898614	0.055318557	-0.019696724
-0.036171176	0.003037745	-0.05344581	-0.06970535	0.045634113	-0.032600313	0.0015448546	-0.012121701	-0.009943229	-0.052426696	0.03763601	0.076216094	-0.013729655	-0.05346935	-0.027455214	0.060285795
0.14949688	-0.10754368	0.05332838	0.13614613	-0.1313745	0.12088288	-0.10143209	-0.08158722	0.15755665	0.09093588	-0.0834483	-0.04901862	0.07656725	0.071995385	0.084015734	-0.13155419
0.18469748	-0.10792338	0.13139817	0.09322107	-0.10659231	0.18797831	-0.15458469	-0.14701207	0.23905568	0.18836229	-0.17949945	-0.13076997	0.17324318	0.115302585	0.10158089	-0.1186511
0.020705953	0.07456338	-0.031200262	-0.051310197	-0.04368925	0.008755029	0.024761092	0.053411398	0.01615968	-0.058885694	0.028871952	0.022954136	-0.038637158	-0.030937625	-0.036355406	0.025956761
0.04545384	-0.076788425	0.07835555	0.076224126	-0.089199595	0.011104117	-0.075841576	-0.049866356	0.04436144	0.008479693	-0.016468015	-0.01699678	0.035610776	0.07918317	0.05145338	0.007724113
0.017123468	-0.016184375	0.04179182	0.08074208	0.0012835034	0.061311547	-0.023677208	-0.053721033	0.056009673	0.046379056	-0.08117505	-0.07729582	0.00983286	0.009300617	0.009362952	0.018399155
-0.011892045	0.029348321	-0.033486437	0.037758946	-0.017126897	-0.008069712	-0.016262569	0.034238815	-0.008923916	0.05806497	-0.026341353	-0.032385554	-0.015969861	0.012419318	-0.0152609525	-0.02397972
0.1411565	-0.05347171	0.04604074	0.072878346	-0.121953025	0.07560146	-0.0643444	-0.047473494	0.08785862	0.16005324	-0.1188173	-0.12064805	0.116451815	0.12818073	0.08642864	-0.045875657
-0.0044495543	-0.022959605	0.045639273	-0.018660132	-0.02435447	0.072109014	-0.023257125	0.019117748	0.057651777	0.045130026	0.017942052	0.01960061	0.006267944	0.061382603	0.047281414	-0.013923894
0.008352173	-0.03803333	0.022416783	0.0138637675	-0.009682554	-0.005675356	0.019587059	-0.065401696	0.02396919	0.028834142	-0.06593151	0.026827417	0.022682754	0.0021124354	-0.017186677	-0.05152583
0.053690273	-0.061217647	0.08729598	0.010410299	-0.08639257	0.06033446	-0.03600588	-0.102845706	0.07447698	0.043658182	-0.043455567	-0.022513814	0.03954672	0.05924549	0.034768306	-0.06883681
-0.029133167	0.024979657	-0.024293138	-0.0034490135	-0.0151915895	-0.03029018	0.015564507	0.034114633	0.038307313	-0.020664034	0.02908303	0.00021168214	0.014127157	-0.0045314035	-0.011796956	0.04349969
-0.003934601	-0.02353449	0.008407278	0.022100838	-0.007108474	-0.007307766	0.021143636	-0.005892099	0.06051347	0.0712532	-0.027873687	-0.018120024	-0.0029663888	0.050704077	0.043713342	-0.03850648
0.1389233	-0.08443694	0.09040523	0.13195834	-0.11378216	0.13154474	-0.10390306	-0.10453761	0.152066	0.13615756	-0.107617475	-0.06066717	0.10504918	0.12562782	0.0401093	-0.126221
0.011974006	-0.07106928	-0.01798515	0.04426143	0.003954913	0.05072523	-0.0036996994	-0.08008745	0.07214368	0.0016391245	-0.00136137	0.019721137	-0.016058374	0.07021225	0.05369906	0.003564984
0.039488904	0.016236953	-0.044778306	0.015184223	0.027454741	-0.016005823	0.032976873	0.047434904	0.03819855	-0.008114332	0.013079337	0.042503916	-0.009824484	-0.05165865	-0.03905682	-0.041129537
0.06603482	-0.043983404	0.09528964	0.00727305	-0.035469674	0.07146796	-0.046122927	-0.047820315	0.078498095	0.048151385	-0.022682939	-0.005681995	0.061986383	0.027957866	0.065085985	-0.039463904
-0.058433563	0.07181862	0.0026184272	-0.07971764	0.04840054	-0.042394407	0.102909245	0.02263598	-0.0068410947	-0.052193973	-0.0020877216	0.0016232915	-0.055072695	-0.056036506	-0.08405206	0.050047494
0.13825582	-0.12238055	0.09723915	0.07358736	-0.15375409	0.05171251	-0.048977435	-0.06834647	0.10039889	0.081071176	-0.12033365	-0.1295468	0.056668255	0.06834008	0.050208397	-0.10852387
-0.09890166	0.026442887	-0.031880315	-0.11084981	0.07277185	-0.11003432	0.01909937	0.042220715	-0.04496358	-0.026892312	0.06842725	0.09710657	-0.06917555	-0.09280348	-0.051220275	0.03663677
0.052952543	0.040132567	-0.056053504	0.0008393752	0.030352464	0.010854473	0.022993688	0.052455653	0.024169186	0.021563744	0.044542197	0.015467648	-0.023279477	-0.035355188	-0.0029905103	-0.020658357
-0.01661018	-0.053635277	0.057529837	0.07026185	0.0135641005	0.036499422	-0.020425156	0.016215807	0.06511291	0.072825745	-0.0058674472	0.009670904	-0.013622768	-0.020141663	0.048663184	-0.023723526
-0.1238507	0.050814506	-0.08448693	-0.06527231	0.050275885	-0.050212428	0.06537643	0.06563842	-0.1049873	-0.111331865	0.042813387	0.01774943	-0.11118907	-0.095068604	-0.05620544	0.09121894
-0.06940434	0.08908209	-0.069250196	-0.07509841	0.092895105	-0.08530333	0.13682729	0.12640828	-0.18593603	-0.14689328	0.05186482	0.05956444	-0.070425026	-0.1535586	-0.094237834	0.068790704
0.101751246	-0.083162196	0.02168786	0.06583346	-0.070615344	0.100161165	-0.08903856	-0.10939877	0.052189693	0.032892417	-0.08805231	-0.06943046	0.017329477	0.062188227	0.086865254	-0.11769252
0.08862408	-0.10104722	0.061988775	0.11010291	-0.10738921	0.071742214	-0.015854597	-0.088656336	0.12060645	0.12213195	-0.078927755	-0.016050931	0.08230268	0.074150085	0.0757926	-0.08561219
-0.108120166	0.06902984	-0.069171585	-0.12938666	0.09837162	-0.09872364	0.03598382	0.021154083	-0.08825986	-0.07946571	0.07293391	0.11446887	-0.09917686	-0.07824899	-0.09137117	0.12828732
-0.04206065	0.06830493	-0.07519247	-0.04519794	0.07282933	0.010374314	0.07136689	0.06979027	-0.03156913	-0.0416314	0.03601738	0.027781667	-0.052144744	0.015730489	-0.044837017	-0.015389
-0.11399116	0.025924722	-0.080448106	-0.066037185	0.04978516	-0.112366475	0.097193174	0.07311764	-0.05565935	-0.03799492	0.01958183	0.026666848	-0.029858364	-0.077864334	-0.07399785	0.04172304
-0.026226962	0.03966228	-0.07812924	-0.0057368227	0.066614196	-0.08860247	0.053851623	0.06584284	-0.06646391	-0.028423147	0.06638485	0.029348135	-0.02624708	-0.0667002	-0.031137906	0.027427262
0.07443493	-0.021753712	0.067757815	0.05745662	-0.11549046	0.10206586	-0.04465216	-0.11809897	0.1102139	0.07860078	-0.025941938	-0.07944482	0.02137557	0.10195824	0.05735335	-0.042521503
-0.07339922	0.06809597	-0.08997144	-0.10358851	0.029377943	-0.053856406	0.06942732	0.10033718	-0.09017484	-0.08687143	0.10954902	0.08922665	-0.09022655	-0.07618379	-0.027792538	0.058482002
-0.032275766	0.07033665	-0.07725031	-0.058751088	0.06161012	0.008393743	0.081568465	0.07013765	-0.006805231	-0.05671615	0.03814476	0.039060246	-0.07464698	-0.07445859	-0.050047696	0.061919693
0.13475668	-0.17355351	0.09535813	0.15376198	-0.09389366	0.100889064	-0.106999636	-0.16881798	0.16680029	0.19120419	-0.1554242	-0.12287036	0.08599384	0.0976473	0.15376729	-0.108380824
-0.052229557	-0.033212543	0.035318155	0.018442612	0.008837252	-0.03727653	0.024052281	0.014352216	0.032204766	0.018684106	-0.03193822	-0.04288569	-0.002193106	-0.04699305	-0.053311948	-0.01181645
0.053383414	-0.008937509	0.046576865	-0.0032903962	-0.030290827	0.06683545	-0.0034703566	-0.04955903	0.05860628	0.061678972	-0.049264498	-0.06817666	0.07163413	0.07597137	0.0039007275	-0.019881643
-0.013170599	0.019912388	-0.029724305	-0.07264087	0.06135002	-0.04823233	0.027767435	-0.00026761938	-0.024842246	-0.062638246	0.06208592	0.060083833	-0.048973873	0.018883018	-0.015177745	-0.014460429
-0.024371024	-0.015263526	-0.057994634	-0.041533787	0.017178675	0.00928881	0.036223132	0.049660902	-0.018852469	0.0037893227	0.03322113	0.011631178	0.017906923	-0.024302185	-0.020192096	-0.0060135676
0.022827862	-0.0968021	0.004135431	0.08649969	-0.011943602	0.06853745	-0.042169653	-0.0616838	0.04369157	0.028973445	-0.019745875	-0.057744678	0.019663766	0.10637303	0.009535184	-0.012180096
-0.051287882	0.054421116	-0.016353978	-0.00017484135	0.037430294	-0.004008324	-0.017971	0.044211984	-0.019175734	-0.041597918	-0.0055322517	-0.007903151	-0.029474478	-0.05555204	0.019404024	0.020177068
0.022736466	0.04785841	-0.055701602	-0.060683277	0.04151669	0.02280874	0.047796782	0.012285334	-0.051495973	-0.08729965	0.049963444	-0.009644627	-0.04781896	-0.042474125	-0.05654184	-0.0028370318
-0.09769774	0.13445276	-0.09562832	-0.13270734	0.1679171	-0.08761168	0.117951006	0.07341734	-0.16673419	-0.16664834	0.0759003	0.14764556	-0.06561515	-0.15899947	-0.12358103	0.14175889
-0.041743796	0.08369723	0.008067254	-0.059631027	0.03959298	-0.02779287	0.06906517	0.06530668	-0.031466004	-0.0145060755	-0.0237095	-0.017825618	-0.03130107	-0.04910952	-0.045853574	0.013706237
-0.117983654	0.10833414	-0.02947534	-0.022566931	0.07138245	-0.10260886	0.048602633	0.108076505	-0.08088942	-0.0741709	0.020578215	0.04893115	-0.05095073	-0.09594221	-0.016627455	0.088972114
-0.054600455	0.05837131	-0.029854344	-0.034962118	0.067215264	-0.03831215	0.034896534	0.045026015	0.001961318	-0.008867392	0.035395876	0.02936389	-0.0067057153	-0.055722494	-0.049345974	0.059972804
0.10590821	-0.11621855	0.15541115	0.10768286	-0.18264543	0.08191075	-0.1171623	-0.145406	0.20815946	0.18059333	-0.089526534	-0.125578	0.11941213	0.09938364	0.12760262	-0.09392051
0.012071772	-0.009993182	-0.0144109065	0.0049268957	-0.02244903	0.0020591337	0.012178489	0.008265957	0.0027329559	0.049635574	-0.012881954	-0.008102863	0.017684326	-0.02259247	-0.035411227	-0.023810064
0.068231024	-0.058108065	0.09191935	0.040497396	-0.010549669	0.06736757	-0.09675497	-0.060059812	0.11624747	0.09236242	-0.09568106	-0.008017637	0.09149488	0.081907906	0.012935708	-0.015621025
-0.10854298	0.037667103	-0.012238563	-0.07970902	0.04706776	-0.042522173	0.08492766	0.07326372	-0.122089185	-0.11028033	0.04253989	0.043496754	-0.09472941	-0.088456005	-0.06418491	0.051431295
0.004474568	-0.00018668012	-0.031536274	-0.030313235	0.0046586934	0.024549456	0.052945204	-0.016493259	-0.05389806	0.021963755	-0.02974906	0.03709298	-0.035497643	0.016697187	-0.034134805	0.02228089
0.1535146	-0.122519255	0.16115531	0.1693494	-0.12187892	0.14792357	-0.11857681	-0.14828333	0.19190305	0.17866772	-0.115881614	-0.093147255	0.13785769	0.115551	0.1404182	-0.10625274
0.0788582	-0.07677196	0.09061912	0.035503574	-0.03753777	0.09814707	-0.076433	-0.022335537	0.042340167	0.10734207	-0.051014792	-0.039309386	-0.004197111	0.08953986	0.029234167	-0.069649465
0.017385304	0.06231514	-0.061530992	0.005216789	0.00080656016	0.026298309	0.035790425	0.019976439	-0.059791934	-0.050475515	0.019859446	-0.00124122	-0.038070824	-0.0062345834	0.013409698	-0.0043724123
0.040425103	0.00296328	0.04749766	0.06513327	-0.07123917	0.090903014	-0.034163643	-0.07540629	0.03704224	0.064220384	-0.085453644	-0.054845404	0.047108565	0.064886525	0.013292586	-0.07236413
-0.10291683	0.12568301	-0.10767402	-0.07231037	0.020977184	-0.14031066	0.0850553	0.09225853	-0.06937543	-0.16483667	0.12551211	0.13354847	-0.07712078	-0.1352171	-0.08494647	0.10115225
-0.07842471	0.08070858	-0.09732255	-0.10734667	0.04149381	-0.08234226	0.07598744	0.1117058	-0.094604984	-0.102816135	0.08361147	0.045780357	-0.091431536	-0.05645172	-0.017839624	0.10275145
0.12098311	-0.13083577	0.09962879	0.028723234	-0.14018594	0.089998186	-0.114597216	-0.108725145	0.1024033	0.07767408	-0.0403458	-0.06390532	0.11662758	0.13331065	0.05621767	-0.09708315
0.12582973	-0.15844212	0.16221242	0.10113056	-0.12649131	0.13961448	-0.12673672	-0.14676322	0.21920992	0.16965355	-0.10613813	-0.16132256	0.12842609	0.13698035	0.09137748	-0.11257974
-0.006381776	0.013674484	0.0314812	-0.034661375	0.05161764	-0.01262631	0.040639408	0.046853513	-0.0057976176	0.031545345	-0.0061408733	0.0047462964	-0.008067238	-0.054888036	-0.0485715	0.039772965
0.13642457	-0.1325847	0.108837724	0.038511556	-0.12005983	0.04499466	-0.1262882	-0.05910267	0.12670149	0.09933966	-0.085594535	-0.06541912	0.10483922	0.039107338	0.10190188	-0.062923834
0.013942783	0.04408097	0.028568065	-0.022366596	0.027288992	-0.027167022	0.034741443	-0.00022283156	-0.029173255	0.008808136	0.044017438	-0.033993777	0.0267384	0.02625101	-0.0074063195	0.03525595
0.03981474	-0.011543538	0.04632813	0.018688656	-0.069026664	0.0062915655	-0.091815524	-0.046475857	0.020573756	0.08595792	-0.031762645	-0.056416225	0.061009977	0.030322049	0.05635407	-0.010638673
-0.033983663	0.038757704	-0.029633908	-0.04378758	0.02981831	0.007499969	-0.0059204577	-0.018836683	-0.022547357	-0.019999936	-0.016911253	-0.0040729092	-0.011471199	-0.04999443	-0.051411126	-0.018915698
-0.0016667781	-0.034279812	-0.028553633	-0.042929783	0.053507913	-0.06625425	0.018615646	-0.014715429	0.030839931	-0.00978572	-0.009290466	0.051498894	-0.034230143	-0.022972353	-0.00014798564	0.036084373
-0.060526002	-0.0009544607	-0.07562767	-0.086351074	0.007895942	-0.027176501	0.020076007	0.018235076	-0.04395723	-0.02295794	0.063597485	0.008678909	-0.059526328	-0.011243345	-0.07706796	0.016698435
0.06857544	-0.016341534	0.038389757	0.09393989	-0.070844665	0.06728328	-0.056400906	-0.083504505	0.043697707	0.09541666	-0.056027032	0.0016554181	0.056172226	0.037350778	0.011648148	-0.036915943
0.08392348	-0.04374724	0.067192845	0.07060164	-0.06889824	0.044549543	-0.051392276	-0.052846216	0.08616636	0.09560094	-0.07038043	-0.024240777	0.05564893	0.0715725	0.07682176	-0.071347706
-0.028320493	0.06038141	-0.11205225	-0.07099633	0.1115321	-0.043711953	0.05451006	0.057398666	-0.058354463	-0.048171245	0.034412708	0.100798234	-0.074508	-0.10322383	-0.07005837	0.09469911
0.09215487	-0.06501351	0.05932274	0.0636633	-0.13176773	0.038705964	-0.0847816	-0.0797308	0.16479343	0.094534054	-0.031997103	-0.115600444	0.0859093	0.03756026	0.1123656	-0.051453087
-0.052608997	0.092815414	-0.044283696	-0.0067520235	0.040953808	-0.040841617	0.093953356	0.076911665	-0.047043934	-0.08281182	0.02176779	-0.0042744777	-0.0030604906	-0.089065984	-0.061547894	0.09430792
0.034373038	-0.047040224	0.046654582	0.088850394	-0.061496258	0.02817998	-0.09770799	-0.043885406	0.027856542	0.06279688	-0.086000524	-0.056107644	0.0058484436	0.06020438	0.072661966	-0.08865306
-0.01311165	0.09020907	-0.023790188	-0.059701763	0.053311966	-0.021172391	0.06232928	0.023494154	-0.07629406	-0.0701856	0.012376004	0.012944576	-0.06077126	-0.05585953	-0.003506671	0.07128194
-0.118907206	0.100525595	-0.13578479	-0.11520372	0.15437736	-0.15079792	0.15113999	0.053474084	-0.20197421	-0.11904834	0.08589697	0.13358583	-0.08699876	-0.13210243	-0.052894227	0.07191773
0.02887639	-0.061309822	-0.0030524728	0.028249566	-0.04679801	0.027008487	0.03015525	-0.00014944017	0.03231821	0.0013613114	-0.009791051	-0.043180734	-0.0067586727	-0.027175037	0.019832939	0.032013856
-0.114029385	0.10869723	-0.11393224	-0.097852856	0.08441276	-0.11754368	0.09694181	0.122562714	-0.1377208	-0.1046651	0.08593233	0.08777064	-0.12597366	-0.09677697	-0.039148577	0.084908195
-0.019309295	-0.06630858	-0.0042787557	0.037882794	-0.0582797	0.0008850968	0.0067878147	-0.0047007254	-0.031017372	0.01558846	-0.015889583	0.04076595	-0.022986464	0.053228382	-0.029523127	-0.050940905
0.023550767	0.02418607	0.0136476755	-0.053290058	-0.030780723	-0.065853775	-0.032651268	0.0059422804	0.011161649	0.012283177	0.003901691	0.064159326	-0.0038659587	0.03304646	-0.017771242	0.0021127027
-0.10890494	0.08512859	-0.027997077	-0.11395905	0.08370455	-0.0685623	0.114773765	0.105619624	-0.103270605	-0.10407787	0.074198164	0.07635766	-0.053980384	-0.015629198	-0.106420435	0.025274124
-0.006223128	0.074177496	-0.016012888	-0.069475725	0.013308406	0.013783317	-0.0058778925	0.010734043	0.022483973	-0.046304286	0.06330055	-0.012661948	0.0022858626	-0.066129826	-0.011345137	0.051864423
-0.08056324	0.057093468	-0.08507593	-0.066538684	0.06056533	-0.09166393	0.013939485	0.06494509	-0.08769794	-0.095191605	0.038396407	0.052049566	-0.03857405	-0.088551715	0.004861698	0.04936788
0.06513081	-0.028295139	0.06260198	0.014364911	-0.06745002	0.093082674	-0.038407717	-0.070479184	0.10738204	0.049407803	-0.024497492	-0.038855426	0.04682873	0.04068382	0.015736585	-0.0043172278
-0.12394228	0.099312454	-0.14928178	-0.10471497	0.16909894	-0.09302126	0.09162383	0.11351	-0.1880236	-0.14206164	0.097742885	0.08234921	-0.049629707	-0.12695435	-0.087119356	0.13109896
-0.039772604	-0.039913364	0.055257015	0.02160904	-0.0006311417	0.038323373	-0.034715235	0.003418985	0.0022095337	0.053719394	0.008550308	-0.013245317	0.012901721	0.02973342	0.026052052	0.008883231
0.073374525	-0.088313796	0.06437025	0.017147016	-0.054366343	0.08558201	-0.03018409	-0.06463701	0.04397715	0.111063026	-0.057908114	-0.08150225	0.038536526	0.053983554	0.07675168	-0.09536407
-0.10782395	0.12497345	-0.113038845	-0.07211615	0.05572294	-0.09619285	0.039189763	0.11546658	-0.17058979	-0.11964851	0.07745467	0.097185105	-0.083440654	-0.04039502	-0.080163375	0.117030844
-0.061976653	0.050176	-0.07046218	-0.11597711	0.11218426	-0.08951316	0.09523808	0.095909715	-0.06407397	-0.08552593	0.04452915	0.07560643	-0.03136527	-0.058113817	-0.055952363	0.09394979
0.1045521	-0.13349752	0.1131519	0.10751218	-0.10426809	0.1023216	-0.08123281	-0.123521395	0.09378697	0.13724394	-0.040578548	-0.04896974	0.093531474	0.052003272	0.11485496	-0.10225437
-0.05888897	0.10604953	-0.08988751	-0.034900874	0.04662907	-0.04958552	0.08820943	0.027781937	-0.043622926	-0.025458	0.04324476	0.07721891	-0.047955666	-0.049525246	-0.035183817	0.041746598
0.010278237	0.04108735	0.008577761	-0.020174675	0.023453726	-0.036654558	0.03011683	0.008850117	-0.06352905	-0.059110086	-0.016675271	0.03297242	-0.041597143	-0.0037791503	-0.06363986	-0.0106624225
0.043115646	-0.023921743	0.021608291	0.018453604	0.017959198	-0.022398528	0.051447183	0.037676953	0.03508166	-0.03238172	-0.0139851775	-0.005646367	-0.008453923	0.0059680534	-0.03320201	0.009580901
0.14824484	-0.10061519	0.11757159	0.15333623	-0.10037194	0.16104878	-0.11558708	-0.069140546	0.19040382	0.104030676	-0.16384165	-0.14653113	0.10559944	0.09517414	0.14503217	-0.09031878
-0.04697563	0.014322011	-0.03380966	-0.024137156	-0.021241728	-0.021543007	0.03901125	0.054645184	-0.027335007	-0.012415938	-0.009230878	-0.010568607	-0.033974376	-0.008149978	-0.017407896	0.023656262
0.052209858	0.008809503	0.040131196	0.036747944	0.017954215	0.05557999	-0.032976676	-0.04053556	0.011744055	0.0049237027	-0.016785726	0.021019934	0.03417497	0.019948073	-0.032180343	0.033330493
0.038326375	-0.065713815	-0.006947417	-0.0082894545	-0.08575409	0.07403255	-0.076756015	-0.0021472336	0.097954154	0.018504085	-0.0875971	-0.06622498	0.0066021862	0.042736717	0.0785167	-0.041430272
-0.03422324	0.11054367	-0.08670666	-0.09217917	0.06626719	-0.040767558	0.10097867	0.027425064	-0.07154048	-0.04317731	0.07719828	0.09513063	-0.014943237	-0.03284332	-0.06858396	0.09731376
-0.12082753	0.03674133	-0.055163655	-0.06542561	0.08635959	-0.10200988	0.041076854	0.0474695	-0.086621046	-0.059606425	0.063457035	0.091888174	-0.03421696	-0.090233944	-0.063830376	0.08214665
0.13625976	-0.07916894	0.03562942	0.05400248	-0.08779833	0.107086144	-0.103288695	-0.12507641	0.067888156	0.060896292	-0.09989391	-0.06985413	0.11126065	0.1242625	0.11230968	-0.10747983
-0.02133282	0.055544373	0.028643882	0.0015867358	-0.032715965	0.020195413	-0.004340717	0.05646024	-0.06851733	0.014982263	0.063888565	-0.010009841	-0.0044438997	-0.04583488	-0.011992614	0.020133082
-0.014234873	0.049165864	0.020616245	-0.028139513	-0.023977736	-0.0291438	-0.009446661	0.042092096	-0.027194543	0.0026514924	0.033412233	0.052786402	-0.011291056	0.019988347	-0.002902464	0.034705292
-0.110682055	0.057361584	-0.08607151	-0.06505892	0.046389986	-0.076658726	0.021236645	0.012191961	-0.07866489	-0.10767972	0.09001608	0.05600625	-0.056957494	-0.112686165	-0.016870692	0.023579378
0.024209345	0.02146849	-0.03109356	0.01971301	0.02280423	-0.056688786	-0.020175595	-0.022753088	-0.057726827	-0.023880793	-0.025890047	0.04865216	0.016945764	-0.04728271	-0.05342914	0.0003618282
0.12433864	-0.10253355	0.1063	0.046369217	-0.09570407	0.055817053	-0.078963235	-0.0460728	0.089456506	0.12925598	-0.08695861	-0.054668624	0.09241961	0.056596894	0.047113348	-0.11216971
0.07330188	-0.046537172	-0.015237451	-0.005436069	-0.05879932	0.059547488	-0.06634448	-0.004708698	0.07877056	0.016270481	0.010823337	-0.047364328	-0.014461397	0.040137947	-0.0087119285	-0.058909588
-0.09022226	0.07414559	-0.016345037	-0.06973837	0.05346845	-0.03738442	0.020176986	0.07837018	-0.114357464	-0.065913334	0.024114514	0.0890272	-0.021398678	-0.0372233	-0.07389213	0.05928302
-0.13377437	0.045222275	-0.05535994	-0.10057262	0.06284589	-0.13430907	0.08516465	0.08867535	-0.1366781	-0.0635591	0.03310004	0.059228603	-0.117424764	-0.06491381	-0.05728323	0.10243146
-0.039954618	0.0075641805	-0.0787948	-0.09583321	0.037518524	-0.09100633	0.08682289	0.015378596	-0.048619866	-0.088665955	0.089596204	0.09794981	-0.08292146	-0.055876493	-0.08492732	0.07054759
0.018312406	0.023766488	-0.022487339	0.004707023	-0.0015224803	-0.0043724906	0.064393796	0.03049643	-0.015246933	-0.056787662	0.00066481007	0.059682608	0.0078414325	-0.056460395	-0.009384467	0.057483993
0.048621226	-0.078073256	0.04811885	0.08841832	-0.10103933	0.100056194	-0.03145212	-0.09404541	0.056881845	0.08848843	-0.0945159	-0.040003378	0.021432655	0.056592096	0.0723175	-0.049993757
-0.097216345	0.038407244	-0.025960457	-0.058704868	0.020917399	-0.07359936	0.09841145	0.04321714	-0.05422441	-0.11684404	0.10915942	0.07163878	-0.039007362	-0.104267344	-0.047142606	0.07534254
0.03829987	-0.031234581	0.03412117	-0.051257145	0.034519557	-0.006501022	-0.045150895	0.03496568	-0.022727197	-0.022683144	-0.014661245	-0.045960687	0.00076114986	-0.024827512	-0.0043143826	-0.0114990575
0.017984852	-0.06354593	-0.009660458	-0.00025900654	-0.072713375	-0.000790982	-0.0662704	-0.038714156	0.032634273	0.05658023	0.007553015	-0.015647965	0.011405251	0.055924613	0.05471784	-0.048977297
-0.02221033	0.031325683	-0.10248261	-0.060851924	0.111978166	-0.023953222	0.09806409	0.06431712	-0.112803675	-0.07779302	0.028821332	0.05973121	-0.09857669	-0.024418151	-0.091888785	0.09259791
0.0036398948	0.030260919	0.027420465	-0.0025303692	0.048246104	-0.001699953	-0.036763556	0.0109604355	-0.013507526	0.03956022	0.011948522	-0.023896294	-0.042258002	-0.023828698	-0.014022042	0.038681403
-0.067671515	0.033783168	-0.08891427	-0.08208263	0.06474383	-0.06929677	0.10189385	0.024325583	-0.10829634	-0.104059555	0.042676006	0.07586057	-0.025671165	-0.10230495	-0.020769369	0.037825007
-0.05343133	-0.003143642	-0.061365277	0.015656669	0.010967526	-0.03201701	0.018081965	-0.015283157	0.0050149905	-0.07199117	0.056965966	-0.012570752	-0.045881428	-0.050035026	0.0143552525	0.07833117
-0.042051576	0.00849935	-0.033713657	-0.047185045	-0.016461164	-0.026331412	-0.008939284	0.009657744	-0.011951649	0.025988467	-0.026407667	-0.05004314	0.0071923635	0.03772248	-0.0007384887	0.014099694
0.14100838	-0.10916641	0.11160184	0.08300692	-0.10251655	0.09598668	-0.09693738	-0.13456258	0.17786248	0.11246716	-0.065102875	-0.114476874	0.075706586	0.1627062	0.11935324	-0.13473552
-0.04142679	0.049221907	-0.025942313	-0.014827389	0.029354604	-0.044524	0.06452259	0.057393163	-0.046610985	-0.05001024	0.0027783858	0.050061986	-0.04039155	-0.03592842	-0.038518712	-0.020254644
0.032309316	-0.038202114	-0.025268711	-0.0011740088	0.04489698	0.0513639	0.01888483	0.025926305	0.04173779	0.03520197	-0.027398184	-0.0031222014	0.028684508	-0.018817397	0.01274676	0.027768277
-0.0073818443	0.001719732	-0.027221927	-0.026948163	0.036504783	-0.0105607575	-0.013652681	0.048004113	-0.02398574	0.012378906	0.04973147	0.0034595397	-0.061847545	-0.045056928	-0.06379994	0.029382069
-0.061398253	0.061626602	-0.0151655255	-0.047444012	0.053569824	-0.037073642	0.061264995	0.058655262	-0.09237324	-0.08269721	0.1073675	0.09449578	-0.1020134	-0.0710025	-0.022897767	0.054026216
-0.07075021	0.10159338	-0.016975842	-0.033179294	0.04061147	-0.033900455	0.03038156	0.013967894	-0.01343681	-0.09697932	0.0034007498	0.0032228471	-0.05619856	-0.024920683	0.017903646	0.070116065
-0.0036092626	-0.0042388756	-0.04153109	-0.001059848	0.026079116	0.03002268	-0.012924526	-0.01571369	0.029241126	0.026226878	-0.024826452	-0.02845079	0.017478181	-0.019620005	-0.06706481	0.04832176
0.025153853	-0.026687598	-0.017152296	0.02327425	-0.011590842	-0.0029831657	0.033387214	0.0146869505	-0.022138787	-0.03847462	0.011566937	0.0011592975	0.0028939678	-0.015249484	-0.029585104	0.031851206
0.020233352	-0.005511586	0.059448708	0.022736879	-0.026917966	0.05969594	-0.027228316	0.019070644	0.059179895	0.07992092	-0.0025888328	0.014009402	0.07027099	0.06394913	-0.0051555643	-0.055724584
0.07800526	-0.041830603	0.019212341	0.023083009	-0.06779532	0.014176109	-0.08805239	-0.03651338	0.016707921	0.047955513	-0.08061532	-0.06444792	0.047672242	0.05194042	0.041622657	-0.0876053
0.005909807	0.013869921	0.052160192	-0.004779261	-0.014514782	-0.015542112	-0.06104152	0.019622432	0.065095514	-0.007442355	-0.025542991	-0.025997475	0.0062691835	0.01314901	-0.011275487	-0.05210519
0.07270962	-0.09491479	0.029214382	0.07179484	-0.040547766	0.043089893	-0.015530727	-0.03746599	0.09910186	0.061973203	-0.07513533	-0.10363286	0.093649946	0.08419588	0.029915534	-0.09516251
0.025409397	-0.015242309	-0.010647112	0.077014126	-0.048795573	0.08068881	-0.024479263	-0.018556494	0.10007206	0.07567658	0.0038192424	-0.014661162	0.05205519	0.0023315314	0.013944386	-0.032916345
0.1319057	-0.08180294	0.1267324	0.15598856	-0.16197807	0.085214645	-0.16217968	-0.11162007	0.16154027	0.17598835	-0.09649753	-0.14012085	0.07060273	0.14821877	0.08756926	-0.17383248
0.04811486	-0.074279726	0.07326805	0.044911467	-0.035563625	0.08034018	-0.08909926	-0.07455822	0.13442956	0.110834874	-0.064081416	-0.107462205	0.033183537	0.08759482	0.095416814	-0.1283492
0.0548876	-0.02492771	0.013923314	0.04495651	-0.01752136	-0.005950243	-0.0496053	-0.034915835	0.04130732	0.023803579	-0.046402853	-0.031398617	-0.005514017	0.03438842	0.056090005	-0.00079328107
0.15117536	-0.08307276	0.13355525	0.067252986	-0.13613051	0.07637394	-0.1358236	-0.11758647	0.20104831	0.14609748	-0.06532076	-0.103146896	0.11351726	0.109407656	0.09218808	-0.104184486
0.12391629	-0.06223254	0.08924144	0.087296106	-0.054011386	0.041707583	-0.11768558	-0.10355097	0.1110361	0.10232012	-0.06901322	-0.09863887	0.10714473	0.113075644	0.073158264	-0.10836797
-0.005820323	0.044216596	-0.013993555	0.028161012	-0.002184189	-0.044546805	0.01482344	-0.029983051	-0.03400284	-0.017674845	0.035486523	0.017909952	-0.040137183	-0.044367123	0.014651693	0.01982953
-0.018617973	0.018923195	-0.07734913	-0.073710606	0.056391075	-0.074778885	0.10744546	0.014296748	-0.12721284	-0.06894866	0.09151732	0.095823556	-0.0329269	-0.022154706	-0.051566727	0.06449061
0.024275465	-0.0013898431	0.039561313	-0.0026455417	-0.017659834	0.02975227	0.0126758935	-0.027759403	0.041609112	0.066536	-0.05782519	-0.017873311	-0.018507317	-0.040541258	0.037944503	-0.008976883
-0.013535917	-0.027096791	-0.00927851	-0.012053307	0.03149895	-0.037793204	-0.031064766	0.039579414	-0.0067456802	-0.0049676043	0.0246628	-0.0083003575	0.0121627385	0.03795365	-0.04598052	0.020210145
0.043517184	-0.024454124	0.018747825	0.004342899	-0.003263437	0.003987965	-0.07787628	-0.038011517	0.0741789	0.047482867	0.00026287723	-0.052645102	0.061889287	0.07553911	0.07230018	0.013333527
0.08351277	-0.1118961	0.09887036	0.07282398	-0.059578232	0.094523795	-0.047390617	-0.028065141	0.12257349	0.07836725	-0.04110906	-0.084679455	0.079173766	0.0668572	0.0904843	-0.046735976
0.037959393	-0.077348545	0.090793334	0.0434001	-0.07018054	0.07759103	-0.112728044	-0.10325884	0.06382382	0.11446437	-0.026484186	-0.08257352	0.118146144	0.059350695	0.0716887	-0.08697327
-0.053417694	0.071182944	-0.07073552	0.022231547	-0.00592116	-0.0386247	0.044869468	0.011891385	-0.0030097247	-0.017407667	0.0742628	0.02042863	-0.013375225	-0.047111098	-0.002755071	0.028852407
0.021808311	-0.037279755	-0.004393832	0.03333854	-0.043440368	-0.0016824515	0.017907327	0.01443897	0.0027172554	-0.011017023	-0.000947241	0.013114255	0.00927103	0.026335955	-0.02311892	-0.029565178
-0.016209561	0.037688307	-0.04124576	0.01147882	0.0636546	-0.05302527	0.03768843	0.07139291	-0.019178925	-0.036065776	0.008065144	0.0085164225	-0.038495675	-0.060139976	-0.008286236	0.027593194
-0.0073574698	-0.057538576	0.018443545	0.059972838	0.008754044	0.010375969	-0.04337836	-0.08338108	0.0153388465	0.05778718	-0.025974482	-0.016417027	0.011640496	0.05478387	0.08272198	-0.036389068
0.12058393	-0.12407799	0.13301103	0.16538958	-0.13863313	0.09562541	-0.14623727	-0.14609954	0.17290328	0.14998409	-0.09165283	-0.079743356	0.12048328	0.10030709	0.07028049	-0.12561172
-0.065348394	0.061413843	-0.076239824	0.0130125685	0.023066817	0.010282738	0.046963878	0.01594959	-0.01395942	-0.015041128	0.0021822366	0.004477069	-0.04208052	0.009187006	0.009021984	0.025382066
0.002571569	0.028151954	-0.07987025	-0.08379829	0.035152115	-0.01277735	0.04804907	0.01031101	-0.07073342	0.0025943404	0.0051136767	0.066577554	-0.073073976	0.008292968	-0.057184584	0.018637272
0.05308513	-0.0869415	0.061191943	0.045283835	-0.040530086	0.06010019	-0.081311606	-0.080676116	0.10609868	0.14349219	-0.10606175	-0.082148224	0.08849714	0.05418321	0.08883683	-0.09067663
-0.07213977	0.02045536	-0.029689431	0.010091013	0.028107336	-0.033854034	0.0022133403	-0.0003839711	-0.047974277	-0.0089538675	0.01858589	0.06262051	0.017246535	-0.05222244	-0.046773136	0.015623506
-0.08150766	0.041628547	-0.074617416	-0.016698292	0.06264332	-0.11079916	0.020846577	0.09077338	0.0010843034	-0.01733367	0.0985517	0.038524132	-0.013379453	-0.046829637	-0.0019975726	0.039621763
-0.050002504	0.004966179	-0.04457212	-0.046762038	0.018538466	-0.06103424	0.01919983	0.08364696	-0.0314945	-0.020207666	0.0021604828	0.001438991	-0.011923328	-0.088396356	-0.071008936	0.053057827
0.036559884	0.006577418	0.016568502	0.07266366	0.00038793968	0.08014392	-0.015410052	-0.06537068	0.08080888	0.07417275	-0.07878909	-0.02629976	0.0039450675	0.0899914	0.02835894	-0.06488798
0.16138269	-0.10486511	0.07859819	0.0883454	-0.13636331	0.12809527	-0.08184763	-0.12580372	0.19269106	0.13830727	-0.13349345	-0.081874885	0.119434595	0.08157819	0.1464645	-0.1623341
-0.06965917	0.043941155	-0.0040242416	-0.03804578	0.06703882	-0.024870487	0.0075029912	0.029655773	-0.04991905	-0.06752407	0.09596432	0.08772242	-0.07395453	-0.017281359	-0.08655825	0.055332325
0.03456411	0.01436454	0.027786478	0.041104045	-0.012128974	-0.013563925	0.042881403	0.020755243	0.018359603	-0.03015785	0.005643859	0.023204627	0.03745353	-0.0064337007	-0.04250236	0.03702372
0.057126343	-0.07723246	0.08246733	0.09279293	-0.06676828	0.03647288	-0.11468224	-0.12113983	0.08034117	0.1255004	-0.04953919	-0.10231236	0.042208333	0.07393495	0.04942803	-0.06818812
-0.046275	0.063435234	-0.09093129	-0.059071872	0.030544052	-0.10426712	0.060099825	0.053852856	-0.107654996	-0.09526878	0.008768127	0.10074576	-0.09917323	-0.056490835	-0.08179802	0.08668465
-0.089368045	0.04338979	-0.0018285805	-0.0851222	0.09149367	-0.030776016	0.08034481	0.06374855	-0.030051412	-0.07593466	0.03669217	0.0043659336	-0.08458087	-0.0936123	-0.064541176	0.07040947
-0.002842645	0.041439448	-0.055652242	-0.0020700525	0.037685256	-0.026402565	0.004096061	0.033944767	-0.052633796	0.0053042998	0.013593802	-0.018236395	-0.002958283	0.009748005	-0.0256545	0.01910598
-0.0143419495	0.029575748	-0.003751417	-0.05727642	0.016611606	-0.02597231	0.036813304	-0.014138646	-0.026266748	-0.0442896	0.047742523	-0.015044711	-0.013528171	-0.004966599	-0.07596891	0.068521984
0.042623814	-0.115320005	0.037335183	0.086119704	-0.1215462	0.13112178	-0.07127291	-0.08831016	0.0743491	0.079413965	-0.045215048	-0.091456935	0.105882764	0.094569094	0.052752916	-0.09697021
0.020302325	0.064195134	-0.051857363	-0.025627239	0.0060888724	0.021602783	0.0361561	0.048306227	-0.013657725	-0.074011296	0.062430233	0.06083159	-0.025672588	-0.062476587	-0.03824984	0.007008479
-0.03997625	0.1210228	-0.04274351	-0.047054518	0.100059904	-0.02915867	0.112654366	0.115438394	-0.07009983	-0.044957858	0.06329721	0.028721802	-0.06643968	-0.08847095	-0.08305188	0.11474077
0.112060964	-0.02138863	0.025948692	0.05121597	-0.037658043	0.049362436	-0.094942644	-0.07438968	0.058654856	0.07600771	-0.09126545	-0.096340016	0.070672326	0.09549141	0.101940975	-0.08820923
0.019658372	0.049303763	-0.030787228	0.040012967	-0.0338788	-0.015076944	0.038570732	-0.011412514	0.039107103	-0.046715714	-0.004464959	0.0024671084	-0.04825931	0.011875842	0.017104467	-0.028033929
0.08411398	-0.033304673	0.054138254	0.030438436	0.00025190273	0.0042379866	-0.07593471	-0.05989213	0.08673264	0.047226213	-0.073341794	-0.008736913	0.003401035	0.07495105	-0.0071755885	-0.019038053
-0.04222867	0.092649944	-0.04757293	-0.08037565	0.06428859	-0.09730337	0.073241174	0.035227347	-0.0685174	-0.06208104	0.031723358	0.08470217	-0.025120033	-0.08714483	-0.041765045	0.09054984
-0.020239655	0.056983598	-0.07032907	-0.037355945	-0.009650004	-0.010889175	0.006871224	0.011143299	0.0029254907	-0.08100293	0.038495958	0.027188584	-0.031609718	-0.002323626	-0.06502677	0.065852314
0.060926545	-0.030931666	0.07986687	0.051046558	-0.06999996	0.110523425	-0.08649128	-0.07057675	0.12358409	0.05915079	-0.0290554	-0.101121105	0.024138473	0.10963769	0.07194351	-0.09701492
0.016813278	0.029251883	0.041528717	-0.009477141	0.030467227	0.050651122	-0.0019954124	-0.019494308	-0.036320377	0.014935825	-0.0337552	0.031211905	0.0012679264	-0.035347447	-0.021925386	-0.010202213
-0.011373059	-0.02839708	-0.01573669	-0.00659621	-0.050845794	0.0747771	0.011701254	-0.074829504	0.008140601	0.019827977	-0.072321296	-0.03371906	0.009600996	-0.0130737815	0.04883833	-0.076817594
-0.035362806	0.056824327	-0.05571679	-0.04457414	0.034132678	-0.0060109925	0.06420681	-0.0116645	-0.007132506	-0.027966034	0.075219005	-0.016732626	-0.038393408	0.019078052	-0.030100344	-0.00159693
-0.06823315	0.0538877	-0.106734134	-0.07277241	0.06404846	-0.032160994	0.07651912	0.09410373	-0.105938315	-0.037680518	0.09353725	0.10001079	-0.036849312	-0.01987304	-0.08273405	0.046138953
-0.13037433	0.08611545	-0.095886216	-0.08477578	0.11623273	-0.13040635	0.034121245	0.02593777	-0.10528856	-0.06481679	0.05422163	0.06122725	-0.102175094	-0.12029	-0.040821277	0.106172636
-0.010014273	-0.001634367	-0.030309606	-0.0017186501	0.013347709	-0.043891735	0.03734891	0.041172378	-0.049278554	0.027495233	-0.03265126	0.035275143	-0.04924255	-0.04745308	-0.003445211	-0.03494899
-0.056221277	0.09666443	-0.05618944	-0.036832366	0.055770468	-0.095317334	0.058719587	0.064407066	-0.08173543	-0.08860804	0.025435826	0.08936555	-0.03798556	-0.014544163	-0.091301985	0.07736747
0.10409489	-0.033448406	0.045267392	0.07605308	-0.055539373	0.11005402	-0.094977126	-0.02701997	0.1394391	0.11277389	-0.041970126	-0.10757747	0.05272532	0.10785331	0.102337986	-0.121961884
-0.064036794	0.0043504746	-0.01926555	-0.096414015	0.073055394	-0.032776557	0.030342473	0.01593481	-0.04672052	-0.053559743	0.09117696	0.0033225755	-0.019183656	-0.0837605	-0.0116808945	0.026817871
0.12652801	-0.07523545	0.15277152	0.13190731	-0.09819705	0.080374695	-0.1202103	-0.1470925	0.17684902	0.12270629	-0.14977048	-0.063350506	0.11777971	0.09087474	0.07178639	-0.14116967
0.08662294	-0.076126315	0.08342367	0.042252894	-0.027372032	0.10594112	-0.1008596	-0.053988356	0.14987257	0.060397595	-0.05254835	-0.025294583	0.074190445	0.024620593	0.10944635	-0.09445652
-0.006970434	-0.046529748	0.056978785	0.046662334	0.010232943	-0.016325962	0.031733893	-0.030309554	-0.009531674	-0.014773831	-0.04579443	0.019662261	0.020847403	0.0025463891	0.06071135	-0.03623605
0.020143516	-0.048539978	0.078062475	0.005333012	-0.06714014	0.067675054	-0.017832076	-0.017199313	0.09570932	0.01658791	-0.056203976	-0.039050274	0.092341796	0.0064297398	0.039088048	-0.03388736
-0.06919433	0.05253663	-0.0835827	-0.103998564	0.09525795	-0.11804083	0.01689605	0.029567223	-0.1334686	-0.110508196	0.06938359	0.1077263	-0.08023844	-0.110516705	-0.10289629	0.05999278
0.106494695	-0.094998896	0.09371227	0.0632286	-0.06931466	0.03862407	-0.037328098	-0.07679804	0.06099512	0.050352316	-0.090761304	-0.096433334	0.06877702	0.114251606	0.030071476	-0.03723255
-0.031892683	-0.0020446316	-0.064398736	-0.08216099	0.0982018	-0.07828566	0.03822887	0.044504173	-0.014207063	-0.09447585	0.041231275	0.0046918443	-0.0510074	-0.06123062	-0.08581538	0.07748894
-0.04008975	-0.029004237	0.03173887	0.013665318	0.05053546	-0.007345155	-0.022863092	0.04779678	-0.04852687	-0.021117384	-0.03581117	0.0050766217	0.034172963	-0.029209904	-0.036044497	0.014184948
0.16061589	-0.12886927	0.07611486	0.09130382	-0.15374073	0.16121587	-0.14710581	-0.11061562	0.14072666	0.12454915	-0.07930757	-0.0981874	0.12627909	0.11799389	0.13691927	-0.13895486
-0.12702836	0.14452109	-0.09335656	-0.117835514	0.11085496	-0.15177156	0.052753866	0.1216034	-0.13674755	-0.090390734	0.052103937	0.13796134	-0.068625554	-0.10890578	-0.05660753	0.10332719
-0.04037578	0.050574917	-0.03439611	-0.065496124	-0.0046647647	-0.01537625	0.06536161	0.032127284	-0.010478974	-0.056536518	0.045617055	0.07080362	-0.07196601	-0.065145105	-0.026564742	0.066507384
0.11619728	-0.07512996	0.025860261	0.04299024	-0.06102576	0.06356133	-0.10390146	-0.112556264	0.1297396	0.114616126	-0.07297109	-0.028634507	0.08271568	0.037601694	0.038643282	-0.05862126
0.0353901	0.03381156	-0.03895766	-0.033497766	0.032497734	0.03344908	0.034542564	-0.0033094587	-0.0043393536	-0.011724366	0.03361735	-0.040416453	-0.002817719	0.024671486	0.035083976	0.0014034361
-0.03367627	-0.0010470119	-0.02727462	-0.004500259	0.0662529	-0.079936855	0.07860348	0.018602494	-0.0032350437	-0.029769255	0.058057956	0.07361227	-0.05454748	0.0011381622	-0.07954845	0.0077070487
0.013101817	0.028265677	0.005169551	-0.034649234	-0.032692824	-0.004089241	0.00904731	0.03818725	0.006371843	0.017194115	-0.015874242	-0.028061068	0.030527906	0.011663904	-0.018412355	0.02469562
-0.012637007	-0.0012903253	-0.029395657	0.056793552	-0.030426176	0.0048265853	-0.06435277	-0.011441501	-0.0009166917	0.04455276	-0.04196085	-0.009236345	0.000664809	0.0018895763	0.01850809	-0.0024302409
0.009604975	0.0036387225	0.012016933	0.041945033	-0.023193315	-0.021400461	-0.0045693405	0.027307447	-0.055122893	-0.01629092	0.014232863	0.015895117	0.006167029	0.006301268	-0.009250293	-0.013672289
-0.05074616	-0.02066368	-0.028382087	-0.03481963	0.0014317904	-0.038813677	0.0024608579	0.002061771	-0.014321317	0.01256624	0.021280916	0.05963389	0.0023289665	-0.03723443	-0.06559662	0.05135384
-0.062673755	0.05947991	-0.0690981	-0.097657695	0.051006705	-0.064730905	0.094158486	0.008742945	-0.033613294	-0.08221478	0.024692664	0.024429439	-0.024437224	-0.05460432	-0.052743685	0.046153523
-0.08838636	0.06375804	-0.009060334	-0.07481656	0.05097592	-0.042231496	0.014351819	-0.0005706892	-0.019223005	-0.045197554	0.079987966	-0.009905606	-0.072640985	-0.08704605	-0.0893678	0.014265319
0.041540086	-0.025536625	-0.028883267	0.06323582	-0.06602796	0.06277356	-0.058585297	-0.022383953	0.054090455	0.049456652	-0.0006664119	-0.052306008	-0.03547562	0.0016686262	0.053627815	0.02098769
-0.11299228	0.115560204	-0.087393925	-0.11041118	0.11622877	-0.08315009	0.076343924	0.07985349	-0.09165684	-0.104940325	0.06522724	0.090299524	-0.08963627	-0.104728065	-0.05943052	0.118967496
-0.07587378	0.021852316	-0.07992076	-0.01786607	0.008926925	-0.029006014	0.0033835808	0.0067756455	-0.05035705	-0.021267852	0.006182822	0.06921407	-0.08492803	-0.030552588	-0.010162035	0.014480376
-0.028124182	-0.007629058	-0.016954325	-0.00548133	-0.017613137	0.025674986	0.037892275	-0.015650265	-0.024196379	-0.023861872	-0.030564079	-0.031767774	-0.02110954	-0.05943918	0.02739996	0.059320033
-0.046926744	0.060886886	-0.014229507	-0.04007372	0.032733366	-0.08211045	0.0773308	0.10218583	-0.08181826	-0.06984493	0.067273006	0.03852097	-0.019775722	-0.042140286	-0.037752096	0.040220343
0.03689793	-0.030273577	0.041848447	0.0641713	-0.025974855	0.035675388	-0.09802241	-0.066688344	0.087932944	0.03313317	-0.0652286	-0.08794254	0.0734089	0.033111826	0.09891606	-0.042881534
0.058548376	0.021219576	0.03055825	-0.017654048	-0.023721486	-0.00018167727	-0.06796459	-0.06579005	0.052725557	-0.015592102	-0.0052858633	0.0005988274	0.041668467	-0.012085021	0.07145955	0.0032711201
-0.042876013	0.0113233365	0.04230948	-0.02120022	-0.029256664	-0.0277995	-0.013882849	-0.0052650333	-0.00086183776	0.009832148	-0.023456821	-0.007144656	-0.024809927	0.027921133	0.023061557	-0.034318693
0.07485653	-0.08337561	0.062216315	0.068395466	-0.1129828	0.12352239	-0.06769008	-0.152233	0.17184217	0.13290927	-0.12039415	-0.13367186	0.06339151	0.15574259	0.10155675	-0.11061434
0.028551761	0.014539169	0.030600391	-0.0014363622	0.0005797805	-0.039343107	0.030806435	0.053576134	0.02506126	-0.042393956	0.04749922	0.02462006	-0.031910483	-0.052904572	-0.037216976	-0.034250557
-0.05137793	0.07157641	-0.08311197	-0.09498333	0.1372773	-0.03739301	0.112290435	0.11074482	-0.09757926	-0.047369223	0.09642082	0.1080193	-0.068998724	-0.100699656	-0.030520221	0.03920319
0.10729131	-0.10843954	0.08949372	0.060929447	-0.08683093	0.1422026	-0.13143617	-0.062138885	0.1014684	0.16383734	-0.06126877	-0.14945067	0.14348191	0.12601542	0.06291161	-0.12553386
0.035113066	-0.04852216	0.03760883	0.031021757	-0.06129902	0.0056910254	-0.028563986	0.026943205	0.05336008	0.030735701	-0.019872092	0.029643938	0.010277402	-0.016717482	-0.011349599	0.0044620214
0.028888261	0.016785735	0.052345123	-0.020400379	-0.024333961	0.05791985	-0.0633746	-0.059732538	-0.0022481678	0.053880673	-0.04024279	0.0068756565	0.04415409	0.0517291	0.0350764	-0.04487771
0.09075691	-0.08302273	0.1596938	0.13019733	-0.07647262	0.11045585	-0.06787435	-0.10045468	0.15771472	0.097643994	-0.10700592	-0.08518419	0.16235876	0.12540899	0.08809386	-0.10606096
-0.05839951	0.054446336	0.03180753	-0.041264422	0.026324011	0.007578502	0.009516825	0.009943064	-0.016394602	-0.040960915	-0.025368925	0.019478502	-0.045285404	-0.010966276	0.012189561	-0.00472948
-0.006201067	0.043659177	0.001943057	0.03131629	0.020678328	-0.043432556	-0.020021545	0.04851004	-0.030518789	-0.047550734	0.04618856	0.017269425	-0.03449307	0.02013899	-0.025452686	0.02109267
-0.058787704	0.12040596	-0.076862775	-0.068589024	0.035971425	-0.060922105	0.09073238	0.08056818	-0.0752359	-0.11365686	0.02443024	0.115846686	-0.079024106	-0.113836266	-0.03685622	0.11539609
-0.030397732	0.03190173	-0.0446551	-0.017001485	0.08654353	-0.055456005	0.08754009	0.028698616	-0.06491952	-0.0986053	0.011869337	0.061754234	-0.06701976	-0.076991804	-0.091547	0.046704326
0.047924336	-0.04336766	0.077412456	0.078540705	-0.11862864	0.11059471	-0.037394937	-0.07511973	0.015070553	0.09855458	-0.022673765	-0.078706674	0.081843406	0.043080654	0.006195053	-0.023000645
-0.055108454	-0.011384462	-0.05903129	-0.057039727	-0.020343747	-0.0384554	0.017424336	0.009949579	-0.06137868	0.015040214	0.049891964	0.02229816	-0.05042859	-0.028611204	-0.05120183	0.021772396
0.017849842	0.022134326	0.01944791	-0.027499892	-0.009196102	-0.049978733	0.036100328	0.032319937	-0.028145023	-0.049484566	0.03726076	0.029684464	0.017929299	-0.049229134	-0.031417195	0.06263814
0.13635935	-0.11352514	0.083361864	0.09487047	-0.14128521	0.13737574	-0.12158008	-0.06883413	0.121266276	0.13094695	-0.099309385	-0.1458243	0.14546958	0.1048281	0.083364874	-0.074298985
0.011079882	-0.010429933	-0.021700399	0.034152947	0.022045916	0.0190474	-0.04987656	-0.050418474	0.038335085	0.017673416	-0.008418591	-0.06523549	0.062171612	0.027276477	0.054316908	-0.0009521633
-0.015242216	0.098222226	-0.0014199673	-0.03496205	0.045240734	-0.060961463	0.06816214	0.04289701	-0.07235746	-0.04755898	0.06429786	0.04072164	-0.07560583	-0.060869593	-0.071821585	-0.00038555372
-0.048507683	0.051011015	0.036129903	-0.017908331	0.016808579	-0.05864156	-0.017930191	0.03894928	-0.0314299	0.014453907	0.012849822	0.056224186	-0.021321977	0.0370101	-0.059759438	-0.02354687
0.021737587	0.024676818	0.01974905	-0.0057160845	0.0004308229	-0.0076027196	-0.031933356	0.0010827895	0.010368719	0.07631596	-0.045793608	-0.016759701	0.0060229953	0.06278123	-0.017055139	0.012901902
0.049881864	-0.04179501	-0.010369161	0.06088999	-0.025495185	-0.013348903	0.012245602	-0.05636339	0.0366443	-0.018784203	-0.07059729	-0.006660125	0.037299737	0.07090815	-0.0058685318	-0.06811374
-0.043581124	-0.0030614056	-0.016331775	0.0026446807	0.024317462	-0.0061264485	0.037102725	-0.014829798	-0.032260843	0.01043752	0.04694716	0.017517105	-0.0055000535	0.028508214	-0.011203972	0.017661955
0.08079005	-0.1565226	0.096124165	0.1604133	-0.10125032	0.07888219	-0.06681278	-0.08486175	0.123259075	0.101221554	-0.09990287	-0.07954075	0.06729326	0.074452475	0.1521591	-0.13392217
0.057701156	0.017211223	0.012286573	0.06301178	-0.0025054389	0.032276213	-0.022549922	-0.05338384	0.06726241	0.010617972	-0.03834678	0.0031482296	0.047335077	0.028255321	-0.011063906	0.0008127111
-0.08866386	0.0329579	-0.06566823	-0.032171126	0.04540807	-0.045285616	0.103216015	0.032820653	-0.0685721	-0.10160224	0.08374681	0.061602175	-0.044734683	-0.060771026	-0.021418205	0.058712106
0.0036614717	-0.03300379	0.01692138	0.062218513	0.022972895	0.03436824	-0.05151484	-0.010611043	0.07062431	0.0031117438	-0.010416708	-0.06326401	0.021041535	0.021117264	0.00011191378	-0.017326334
0.03359165	-0.055275626	0.072761916	0.061853334	-0.054663166	0.017458374	0.0001718299	-0.020690296	0.03105647	0.03634476	-0.009940404	-0.042021357	0.06088216	0.02366793	-0.024646128	-0.076096
0.018804174	-0.0004386966	0.039708715	0.05007779	-0.0521028	0.022221794	0.025595794	-0.057922684	0.03678691	0.02893696	-0.018897908	-0.053642694	0.052825168	-0.014709225	0.013539051	0.017138004
0.0039134137	0.057040926	0.013241171	-0.051675282	0.044881485	0.029354956	0.009501634	0.05789847	0.025988894	0.013787439	0.056783717	-0.013516204	-0.007094484	-0.03924899	0.03105429	-0.010805915
-0.09163316	0.05505431	-0.1021723	-0.049022753	0.1481579	-0.12147899	0.05758212	0.11111048	-0.11878554	-0.08806518	0.110080995	0.08066677	-0.09485592	-0.08069175	-0.11317455	0.15413935
-0.04386928	0.03443538	-0.030420246	-0.03951238	0.025105147	-0.0213625	0.0031021684	0.061319605	-0.102745265	-0.06949983	-0.0030288459	0.06707084	-0.072890356	-0.029411027	-0.06278519	0.0040224707
0.0011791121	0.014132262	0.022273352	0.059042618	0.025151245	-0.020714778	0.029439643	0.031558644	0.033073843	0.056144286	-0.05051001	-0.043476846	0.029207077	0.053910658	0.048163302	-0.047645517
-0.04870101	0.09010272	-0.089232445	-0.04299115	0.063446485	-0.0011530546	0.049606234	0.076581985	-0.104171894	-0.009229832	0.03599194	0.002277277	-0.064900346	-0.07348001	-0.044370037	0.095388584
0.02951505	0.0067802076	0.03375078	0.005429682	-0.06919016	0.0025909406	-0.06023925	-0.060126044	0.054441396	0.011400959	-0.06669129	0.017537251	0.005482367	0.03385077	-0.022170598	-0.004477422
0.08319593	-0.013605979	0.020018626	0.07877383	-0.10554378	0.08859723	-0.0737822	-0.08171576	0.06649715	0.0702247	-0.03570971	-0.06311702	0.025773093	0.054520395	0.0028143912	-0.09598862
0.089589395	-0.09615518	0.13860084	0.13519531	-0.12547965	0.11151407	-0.121745415	-0.12077264	0.124727175	0.15484868	-0.09630993	-0.058637876	0.13488404	0.07878171	0.113273785	-0.071705565
0.060220506	-0.06321363	0.012990027	-0.026877796	0.03241189	0.024191776	0.025539503	-0.07064871	0.041691557	0.066044025	0.00881801	-0.047747277	-0.024159068	0.07316639	0.03343178	0.0059670177
-0.08578334	0.0093713105	-0.07727791	0.0018758678	0.043522984	-0.04016887	0.040078722	0.058250934	-0.1078315	-0.10729524	0.014081617	0.09276551	-0.016996507	-0.044903994	-0.01982068	0.06071627
0.019057427	-0.032887936	-0.0075232303	-0.0025642226	0.014140028	0.059756294	-0.026607761	0.032418136	0.0063233427	-0.01982208	-0.02386754	-0.007626386	0.038605593	-0.0224152	-0.016564721	0.026234364
0.10047157	-0.10092838	0.122251794	0.06258865	-0.1566237	0.0758666	-0.11741916	-0.10865792	0.11023305	0.09590432	-0.14526986	-0.08026856	0.078691	0.087653995	0.112365335	-0.11723576
-0.12437158	0.08992645	-0.050169248	-0.04793947	0.06054116	-0.062797956	0.089857385	0.039644346	-0.104295254	-0.12341338	0.06852522	0.105523735	-0.071693145	-0.047216058	-0.098269455	0.11551553
0.13331664	-0.12543246	0.1251116	0.094155066	-0.072770625	0.1402095	-0.15539253	-0.16379596	0.16969971	0.107223436	-0.08682377	-0.1560744	0.10483462	0.073024645	0.09375823	-0.08571859
-0.08788218	0.06560552	-0.086312264	-0.044417907	0.043798607	-0.042849373	0.030254222	0.06623587	-0.08173922	-0.06387365	0.027110402	0.06418379	-0.06357222	-0.077464566	-0.056050636	0.080615565
-0.039113566	-0.031016178	-0.028364053	0.0135573605	-0.04733421	-0.027061017	0.04364756	0.056508563	-0.03774636	0.021626018	-0.007727239	0.023246557	-0.06109255	-0.041290987	-0.029499125	0.04913548
0.075676985	-0.06962386	0.05779877	0.06509523	-0.106572	0.10434279	-0.061891027	-0.14737675	0.1953963	0.175994	-0.13386993	-0.09644951	0.11525588	0.1335473	0.06710273	-0.15395159
0.10283061	-0.101304285	0.15143752	0.15146725	-0.109022826	0.09613394	-0.07857159	-0.12530729	0.16802835	0.10764854	-0.06553952	-0.14349903	0.12317496	0.11249519	0.08784167	-0.11501004
0.017508604	-0.01360551	-0.013393657	0.0056839203	-0.054868933	0.054266103	-0.015299711	-0.06673369	-0.017628282	0.06954667	-0.004153184	-0.022485528	-0.019381057	-0.014487182	0.038703565	0.0007861003
-0.044022743	0.025981111	0.019854803	0.0032461258	0.014047919	0.00068868883	0.011076135	0.019361848	-0.022546818	0.00084228744	-0.008843278	0.015445532	-0.012135349	0.012233401	0.010005035	-0.0042697266
-0.0028956658	-0.03459018	-0.033086438	-0.0044792644	0.037671123	0.028712979	0.020145984	-0.026066331	-0.0014864677	0.03740587	-0.008173342	-0.010259116	0.009294445	0.015326053	-0.045130227	-0.034208175
-0.042329166	0.0419151	-0.05950149	-0.050975192	0.016008057	-0.070361525	0.07608208	0.0337389	-0.07534034	-0.0761489	0.063659444	0.0006619749	-0.012608062	-0.08333185	-0.0611823	0.025490899
0.034387425	0.030302739	-0.05181875	0.0356557	0.06279458	-0.047229223	-0.005027529	0.05733051	0.007880753	0.014166768	0.009556303	-0.0011437609	-0.008752896	0.025074093	-0.04518609	0.04081016
0.015926883	0.0553665	-0.016528789	0.026097178	0.010101879	-0.054751318	-0.018048903	0.030870432	-0.005338041	-0.05833761	0.04568442	0.02785128	0.01409368	0.03481658	0.032740798	0.010226179
0.031812616	0.023222351	0.002340167	0.010747312	0.04396002	-0.031686284	0.048199877	0.0031116072	-0.009434872	-0.053462718	0.040546685	0.05781379	-0.031613313	0.013548332	-0.06256823	-0.03400771
-0.024121938	-0.04373308	0.0017904651	0.026316945	-0.038813632	0.008546446	-0.043071702	-0.02723312	0.029416868	0.05636094	-0.059811827	0.020945724	0.024718825	-0.0027605898	0.06514616	0.017103504
-0.045582894	0.055831943	0.018768296	-0.012235193	-0.052866034	-0.011190672	-0.00083696167	0.055530842	0.005664598	0.030385112	0.013776693	0.009215365	-0.045388166	0.03571026	0.011289443	0.05455278
-0.010124741	0.07905201	-0.05039587	-0.015020092	-0.00025695784	-0.037777856	0.06255498	0.07085056	-0.080264606	-0.063136384	-0.0069524134	-0.0077032275	-0.011895565	-0.08465173	-0.08012293	0.045204543
0.02544824	-0.10130102	0.03752687	0.04653075	-0.021642374	0.08483424	-0.017951284	-0.089294426	0.10937995	0.08026195	-0.042557236	-0.08797468	0.075955294	0.10484078	0.023437776	-0.018310715
0.004372476	0.041923665	-0.044989504	-0.035305552	0.0040275506	-0.057375487	0.039491132	0.003586486	-0.020564208	-0.039903224	-0.005498727	-0.010084283	-0.015325522	0.01496318	0.0056276196	-0.008928571
0.13718268	-0.10772662	0.092875004	0.08409463	-0.17208305	0.15316863	-0.110741526	-0.06896929	0.17713735	0.15881461	-0.09318054	-0.099536926	0.15146191	0.07659463	0.12460422	-0.12208214
0.039925087	-0.03214534	0.01985202	0.03754802	-0.118142016	0.023627326	-0.09821326	-0.0515082	0.08610271	0.08594829	-0.068672	-0.030422824	0.062008742	0.071247116	0.08760124	-0.05980278
-0.033023134	0.07162281	-0.031856246	-0.005997662	-9.0254696e-05	-0.04435923	0.079084106	0.012838277	-0.057913817	-0.056077816	-0.020618629	0.06142093	-0.013351863	0.028905036	-0.056729525	-0.020147756
-0.06087385	0.04881351	0.017179037	-0.028569061	0.02921712	-0.022371182	-0.031886898	0.05316811	-0.010702417	3.7710182e-05	0.028052285	-0.036575284	-0.035847064	-0.0061958088	0.03362375	0.041840922
-0.062809825	0.0072577577	-0.02675625	-0.031055175	0.021920651	0.011822966	0.03187563	0.036284417	0.016407864	-0.03445292	0.052861415	0.044025313	-0.05153422	-0.03558456	0.008639925	-0.0031890513
0.12082974	-0.062723376	0.09010873	0.05197518	-0.04562359	0.049942143	-0.031710617	-0.048470743	0.058425993	0.12912938	-0.04099155	-0.10773293	0.10904355	0.109996356	0.022278326	-0.0844743
-0.114110835	0.103175536	-0.08564892	-0.080883615	0.0814943	-0.14923286	0.065224335	0.1190235	-0.14715339	-0.15454902	0.09864811	0.070239305	-0.081302986	-0.1358213	-0.10603967	0.14928906
0.047442842	-0.011140654	0.036625028	0.040524915	-0.016693877	0.016598446	-0.06229511	0.0019769333	0.05867474	0.06865611	-0.060086947	-0.025672335	0.06465423	0.045068394	0.056243375	-0.057467178
-0.092526615	0.08717696	-0.08833097	-0.067359075	0.04278446	-0.08543199	0.05200496	0.026866276	-0.10498928	-0.081535354	0.007678007	0.04075999	-0.02686143	-0.051637962	-0.07715537	0.045927066
-0.06420309	0.027286703	0.007094261	-0.04489768	0.08159972	-0.08977697	0.0019811348	0.07913166	-0.05277306	-0.013508615	0.009694235	0.04346337	-0.03821343	-0.048489884	-0.04950327	0.051922742
0.15298288	-0.06950099	0.09610968	0.12228823	-0.108162895	0.0604675	-0.14879934	-0.07938526	0.13505653	0.16723254	-0.072578795	-0.14370097	0.07844934	0.08327002	0.061744615	-0.07350984
0.059599083	-0.04295139	0.041821185	0.09777366	-0.0867078	0.06278721	-0.07769479	-0.071629904	0.09871638	0.06159545	-0.10504533	-0.08221844	0.032907207	0.068214275	0.03867884	-0.10820157
-0.060700145	0.07680994	-0.039228827	-0.052264255	0.061150126	0.0013281256	0.08997502	0.08888523	-0.086526215	-0.040939182	0.09216609	0.08217393	-0.07495225	-0.024075713	-0.031089948	0.017274894
-0.019844392	0.060095984	-0.026819676	-0.07331067	0.05648059	-0.0063641416	0.076489106	0.070714116	-0.09058075	-0.024989989	0.07535745	0.09068185	-0.011516424	-0.020481313	-0.089753285	0.064331286
0.096517354	-0.059579354	0.047110856	0.01506475	-0.09649205	0.09879001	-0.019049075	-0.012371211	0.12944394	0.079600185	-0.043441463	-0.056490693	0.038465545	0.10879293	0.06381084	-0.08354676
-0.08016135	0.026901133	-0.11156756	-0.04792266	0.1275822	-0.056643583	0.0742618	0.05461134	-0.13976909	-0.077506185	0.04598393	0.0796956	-0.06613328	-0.031212632	-0.1161321	0.035983145
-0.039799493	-0.023908647	0.02201391	-0.042477105	-0.036684774	-0.00089113176	0.008761542	0.052329857	-0.016424073	-0.06701531	-0.0047457255	-0.013792697	0.011738656	0.005385289	-0.0076110745	-0.012672485
-0.09052121	0.0045937933	-0.025875375	-0.027973942	0.05743428	-0.038560927	0.046341516	0.091744035	-0.09434761	-0.024892824	0.038584948	0.0146336425	-0.0606125	-0.016075393	-0.05593186	0.039765067
-0.029114302	0.006661328	0.0077903005	-0.012533595	-0.01940773	-0.0140546905	0.013241677	-0.0308331	-0.05488006	0.027292196	-0.008625574	0.01112738	0.03569414	0.029604143	0.005060436	0.03913358
-0.009598697	0.057597548	0.013277567	-0.0085027255	-0.013613716	0.0017134154	-0.027213313	0.0050573386	-0.05113557	-0.009593771	-0.000933941	0.036904737	-0.009317721	-0.052902304	-0.053936645	-0.0034301574
0.10083258	-0.06083865	0.097561985	0.08955293	-0.09892002	0.09478199	-0.1091802	-0.025305975	0.048982255	0.11806596	-0.027755184	-0.034874458	0.11161735	0.025918707	0.09537982	-0.05245037
0.028650614	-0.029350767	0.017115675	0.0076045315	-0.04294502	-0.028062074	-0.054187655	-0.014605399	0.09019935	0.03885213	-0.015101819	-0.039821275	0.031168755	0.066088706	0.009030636	0.014970931
0.072267376	-0.05146942	0.11120066	0.041705776	-0.05504277	0.093867354	-0.11196711	-0.075489655	0.116290554	0.11816059	-0.08605019	-0.08100406	0.08363802	0.05791893	0.083499655	-0.041906364
-0.096337534	0.04554494	-0.02765264	-0.10902865	0.07057598	-0.10630782	0.10416299	0.035215475	-0.12122761	-0.065858305	0.08646117	0.06522967	-0.10935139	-0.115445465	-0.053495158	0.069997296
-0.01174442	0.053808447	0.000550221	0.019737186	0.031279	-0.004478895	-0.0018147429	0.029561458	0.0033971549	0.013002881	0.003171201	-0.010924078	-0.048074797	-0.035760537	-0.006218443	0.030767282
-0.01780452	-0.0026487953	0.009102378	-0.016542925	-0.027085828	-0.0496146	-0.0033342254	-0.034451313	0.008374262	-0.0005286675	-0.034130473	-0.015370666	0.019472305	0.0343724	0.010990131	0.011970172
-0.012970719	0.006810793	0.020943338	0.009456582	0.0012860316	0.022114486	-0.023179427	-0.028563071	-0.034160636	-0.058596697	-0.018193567	-0.03534319	0.016423956	-0.026471112	-0.05315017	-0.0246601
-0.017148888	0.0043599275	-0.08157923	-0.08895517	0.014109003	-0.050886363	0.06420371	0.08622804	-0.07581083	-0.06848381	0.008626705	0.013172043	-0.04215546	-0.024960674	-0.06039297	-0.002911072
0.034816287	0.024295399	-0.0013745989	0.016466578	0.007879448	-0.03823718	-0.0060511203	0.029556043	0.018986756	-0.0274559	0.04702044	0.05632562	0.040795043	0.0010691455	-0.058991574	-0.004643323
0.0138366455	-0.026643027	0.016472127	0.058463626	-0.061549652	0.0099627115	-0.014372848	0.005807134	0.040001664	0.006586423	0.0018554202	-0.022671172	-0.022505121	0.031578276	0.0007928952	-0.014098521
-0.09324661	0.08749306	-0.07052399	-0.052445047	0.045537297	-0.027487075	0.074651375	0.023817908	-0.113326296	-0.09743321	0.0007262513	0.048346598	-0.0750781	-0.019493833	-0.016360262	0.00042019092
-0.040110618	0.01345407	-0.052817177	-0.041394815	0.034115903	-0.007484963	-0.015164669	-0.01634297	-0.051585734	-0.026349567	-0.012373825	0.04644007	0.022657832	-0.051407073	-0.01784461	0.045999154
0.019837504	-0.032759923	0.059759855	0.0010580047	-0.058919568	0.052615516	-0.037384234	-0.040638614	0.021017887	0.065129235	-0.062294103	-0.022621643	0.03582035	-0.0059069414	-0.007627469	0.012490557
0.05252928	0.008356542	-0.009200159	0.07180246	-0.032737337	0.011206367	-0.06759412	-0.0031245588	0.022679823	0.057285488	-0.0665409	0.026061075	0.0190432	0.065736555	-0.010342533	0.024724783
0.0031829998	-0.07138371	0.049066212	2.1133543e-05	-0.024400746	0.0135919545	-0.035079997	-0.029157432	0.056958657	0.04992855	-0.030252466	-0.0125347935	-0.022653228	0.031316426	0.020389542	-0.015269698
0.0058801747	-0.034723904	-0.052688036	-0.05577729	-0.01601097	-0.03837513	-0.0047940696	-0.009686464	-0.025804596	-0.020732267	-0.019885825	0.02511114	-0.008646703	0.0056264824	0.02373582	-0.01701314
-0.084678434	0.021750227	-0.11516026	-0.09150264	0.0791635	-0.08566307	0.044612948	0.01803623	-0.09796878	-0.094696626	0.10539412	0.07904568	-0.009416621	-0.09027258	-0.021323971	0.07499148
0.02432715	0.025188303	0.026984956	-0.03964149	0.042582657	-0.05195816	-0.00011013204	-0.028285937	-0.044144507	0.0014922898	0.06179088	0.037470672	0.010554966	-0.010223311	-0.046710156	-0.010193683
0.001829635	-0.0017181685	-0.04584225	-0.024664408	0.05677317	-0.053705074	0.0041460176	0.029028414	0.022971423	-0.05225353	-0.014800305	0.053780057	0.028398484	-0.03304944	0.003608714	0.049976435
-0.08964593	0.12037124	-0.12282067	-0.06907005	0.06676098	-0.098834515	0.13344656	0.096596055	-0.13000186	-0.07474539	0.04918406	0.1382955	-0.09221723	-0.06103094	-0.101879165	0.14878549
0.07956562	-0.07791598	0.12089504	0.14900465	-0.1540869	0.1407404	-0.06491424	-0.14905398	0.08589062	0.13568796	-0.09703066	-0.1140092	0.14005192	0.075974226	0.13630089	-0.08798409
-0.053680975	0.016574947	-0.0281007	-0.058709554	-0.023978606	-0.013588848	0.04114411	-0.011293135	-0.0086915605	-0.053418424	-0.010276244	0.011182456	-0.048024245	-0.01350575	-0.013808349	-0.006659382
-0.07853798	0.04394182	0.017533394	-0.03470926	0.00027223906	-0.002830251	-0.005917103	-0.013499726	-0.043235764	-0.059203435	0.011046812	-0.011323739	-0.043220174	0.013488631	-0.065899394	0.058299184
0.09374806	-0.00397496	0.08723559	0.07875417	-0.012430574	0.014685899	-0.062204428	-0.03189425	0.087807514	0.019185707	-0.07479608	-0.010245294	0.045327432	0.068334684	0.07906388	-0.03836915
0.10647345	-0.05671732	0.12974606	0.06430801	-0.1209618	0.13458756	-0.14963539	-0.07333609	0.17569602	0.08058843	-0.08615503	-0.079361096	0.095608875	0.0975888	0.051647644	-0.15193674
0.12841454	-0.08019183	0.12543325	0.10584514	-0.0758727	0.13813476	-0.121076584	-0.14195055	0.13801898	0.14469402	-0.0962785	-0.07775224	0.09248255	0.14370888	0.124884345	-0.068191595
0.03633433	-0.034705568	0.023175253	0.013603446	-0.090292424	0.05361188	-0.061255943	-0.07505124	0.111093774	0.062064666	-0.035535175	-0.054854646	-0.002440937	0.0877264	-0.0073343134	-0.07512902
-0.035403576	0.06165171	-0.062108662	-0.0062311743	-0.018829413	-0.004072745	0.010897373	0.06068594	0.008237464	-0.029419132	0.028069464	0.019860053	-0.059711244	0.009990144	0.01616175	0.053979512
0.008284658	-0.030544389	0.039085925	0.0010882552	-0.07971522	0.058293477	-0.07899237	-0.026605584	0.058886252	0.011720454	-0.012946702	-0.05824955	0.07075637	0.03514019	0.06439029	-0.0023673023
0.026597023	0.028697914	0.054387838	-0.03990231	-0.019774212	0.011586941	0.040641747	-0.047510363	-0.016042527	0.022240533	-0.014367093	-0.053174056	-0.0238847	-0.013735551	-0.014372828	-0.041569408
0.060800944	-0.008906578	0.07263911	0.00047289586	-0.05193523	0.004373777	-0.06863462	-0.100187734	0.03207496	0.05768735	-0.013848092	-0.00935844	0.034227505	0.050407335	0.08834081	-0.0930051
0.05365629	-0.05692363	0.08215517	0.035580892	-0.025777416	0.046511363	-0.0778903	-0.09408487	0.089829594	0.058253832	-0.013020413	-0.054069888	0.032224007	0.0714106	0.012386713	-0.008779628
-0.03886284	-0.0051581236	-0.05915104	-0.015588243	0.0036056307	0.0015641544	0.0381442	-0.002955428	-0.0011348443	-0.063520096	0.03961107	0.006065732	-0.050209656	-0.010264127	-0.060270514	0.04315647
0.044058576	-0.05747354	0.09458322	0.073090024	-0.05064289	0.08918776	-0.056674574	-0.089189135	0.053181924	0.06655849	-0.042295456	-0.03100228	0.08416652	0.022138704	0.092693955	-0.07148477
-0.020722657	0.04029832	-0.014372612	0.015148937	0.034313012	-0.041736145	-0.0019274113	0.03763817	0.03417736	-0.025788434	0.045391448	0.006321184	-0.019123385	0.033720803	0.01595686	0.023235006
0.091974325	-0.11873784	0.10214142	0.12794271	-0.13494727	0.13326989	-0.093068145	-0.07760617	0.12179083	0.049134508	-0.10436487	-0.12431572	0.036189113	0.041157093	0.095532656	-0.10940092
-0.07358087	0.082974054	-0.026570728	-0.01881761	0.02795229	-0.0752928	0.10476211	0.09286375	-0.10786636	-0.056383163	0.065518655	0.10384953	-0.061210897	-0.04839828	-0.056826655	0.022342293
-0.034674864	-0.00020533014	-0.049587056	-0.030461004	0.07851051	-0.055172294	0.010607174	0.07417809	-0.076794975	-0.028960578	0.035321433	-0.011202373	0.012546132	0.0035643633	-0.008196892	-0.0023951428
0.00066493155	-0.051955916	-0.040261094	-0.023424916	-0.025304131	0.051683214	0.03689608	-0.009231729	-0.008132039	-0.030341148	-0.036290333	-0.05331801	0.018239139	-0.022520391	0.058432475	0.023093501
0.14902413	-0.09147954	0.09257481	0.1325375	-0.13389345	0.1455138	-0.10220548	-0.1459873	0.13843754	0.16370928	-0.071146585	-0.056097455	0.07933789	0.115070365	0.098995514	-0.1321257
-0.06261988	-0.011130453	-0.08530235	-0.080936946	0.049858414	-0.017341863	0.00017086131	-0.008959478	-0.076713935	-0.038413547	0.06240302	0.07466461	0.005229486	0.003380484	0.011521867	-0.0022239254
0.062322818	-0.0503593	-0.006017371	0.06349207	-0.10222774	0.037265375	-0.07014754	-0.060794555	0.10195699	0.067243345	-0.021519057	-0.007773209	0.0104419105	0.038017903	0.072330646	-0.044575967
-0.08259197	0.02308641	-0.033608567	-0.007510757	0.008842628	0.011264554	0.02160525	0.061124135	-0.03462949	-0.065104984	0.07729886	0.056126654	-0.014191124	-0.07688711	-0.021646593	0.0034887523
-0.039723437	0.05661159	-0.0134809585	-0.020228585	-0.017810978	-0.02505462	0.059293397	-0.01992972	-0.0044935415	0.00074505026	0.05226361	-0.009820717	-0.031993505	-0.022455039	-0.063703835	0.064358376
-0.02903891	0.026907796	-0.0077120448	-0.06294209	0.02335159	-0.054362927	0.04765972	0.0420519	-0.03807444	0.013928276	0.042218138	0.06776346	-0.0074668345	-0.027270945	-0.06539391	0.034912188
-0.007509548	-0.04505799	-0.028847948	0.051568374	-0.025640888	0.043083362	-0.03511986	0.022456022	0.0573406	0.03188623	0.020981135	-0.006596352	0.054692626	0.010636083	0.030180477	-0.05786308
-0.07907317	0.00226975	-0.043469608	-0.05794138	-0.0057359757	-0.006367267	0.072397456	0.059770353	-0.059964076	-0.070409164	0.042946674	-0.014336524	-0.01961477	-0.054889575	-0.030795662	0.0030955428
0.12538035	-0.052594483	0.099529855	0.070951	-0.08784587	0.06594963	-0.09158122	-0.109844595	0.12159233	0.16402821	-0.12249044	-0.11112945	0.1222731	0.12205183	0.079252504	-0.089216396
0.087775	-0.06897184	0.08811428	0.0491224	-0.013377015	0.031762324	-0.017058527	-0.09348908	0.06966074	0.038474362	-0.0069366894	-0.054303434	0.06776871	0.04469546	0.08777048	-0.051906742
0.034911983	0.03471164	-0.040623825	0.003242451	-0.029691132	-0.024971142	-0.010379031	-0.051593293	0.016405245	-0.013961359	-0.045981504	-0.04124803	0.02365572	0.041042805	0.014726585	-0.0517312
-0.08489695	0.024203658	-0.03445083	-0.020559268	0.074350856	-0.060094796	0.042064145	0.055522457	-0.10504264	-0.112415045	0.10101187	0.103941016	-0.06698326	-0.10969757	-0.10348821	0.036291935
0.045289397	-0.03092855	-0.009511786	0.025230287	-0.005702708	-0.0056809825	0.0075764973	-0.051028013	0.015189083	-0.005337871	0.027499542	0.03623912	0.042730197	0.027779762	-0.020559335	0.0060903807
-0.047317825	0.00866203	-0.017136943	-0.080963835	0.03913517	-0.022585295	0.0077735297	0.0262351	-0.027851839	-0.015311089	0.021359205	0.046578493	0.007856837	-0.048715387	-0.020919073	0.03665699
0.097096585	-0.03279954	0.1049424	0.08248887	-0.08392997	0.09276921	-0.029190619	-0.0869424	0.106624015	0.08222384	-0.063065715	-0.09547674	0.09105087	0.10828787	0.07308224	-0.0781794
0.11581729	-0.12920651	0.13022624	0.06154032	-0.116664164	0.08820146	-0.089206696	-0.050013017	0.14280519	0.13900043	-0.09247903	-0.104871415	0.13355297	0.05219925	0.10166914	-0.15249854
-0.07060693	-0.012127976	-0.062241357	-0.07491286	0.040196992	-0.01134711	0.00034814986	0.027592251	0.01599976	-0.040926293	0.04301481	0.006054174	-0.049883958	-0.066566594	-0.016452324	0.07553506
-0.051636606	-0.017346144	0.00400506	-0.014838107	-0.009658613	-0.06803871	0.009761094	0.048769858	-0.07742583	-0.07411923	0.064302325	-0.012606037	0.0028805756	-0.07903049	0.014847928	-0.00073362567
-0.0053266278	-0.0076288288	-0.07422887	0.0032119732	0.018845296	-0.010734135	-0.010266967	0.038198788	-0.04935115	-0.06610656	-0.016734606	0.024946168	0.0044324044	-0.04105679	-0.06865973	0.01012698
0.09715808	-0.084248945	0.0345247	0.006175839	-0.10854153	0.08805615	-0.06953409	-0.037148934	0.08871661	0.015981711	0.003085159	0.0038238834	0.044543333	0.0048333434	0.0037304908	-0.008867144
0.14896698	-0.10267104	0.07602594	0.07640777	-0.13569453	0.1316402	-0.106241845	-0.118017	0.109141804	0.11172494	-0.074321955	-0.14324325	0.11084457	0.08655092	0.12995593	-0.07888229
0.0028817481	0.037400816	0.009078957	0.003114375	0.039879974	-0.057524674	0.04179573	0.0044429633	-0.0637438	-0.0069133216	0.049513396	0.05522621	-0.0075687775	-0.009941353	-0.03256363	0.038742557
-0.09785213	0.011057238	-0.02011619	-0.05243931	0.019785257	-0.047901824	0.049511682	0.020763682	-0.10932527	-0.07296527	0.09735112	0.03187665	-0.06465886	-0.07006914	-0.010087246	0.04332103
-0.015536821	0.028306104	-0.038482975	-0.067714356	-0.02689213	0.0028871044	0.06880976	-0.007994273	-0.07089654	-0.06941854	0.011852424	0.047771174	-0.05034866	-0.05460709	-0.062033188	0.034120526
-0.041285016	0.019424215	-0.079858154	-0.02851562	0.09199829	-0.054594625	0.09839949	0.061765797	-0.094862655	-0.1168076	0.04019875	0.029969832	-0.046670895	-0.028435186	-0.085708074	0.037107714
0.044174895	-0.008251638	-0.011621514	0.013122547	0.021043295	0.03257981	0.047938634	0.025013601	-0.01089073	-0.043289464	0.014437092	-0.011364906	0.03347464	-0.015124141	0.0353294	-0.0022323718
-0.02144271	0.041134544	0.020815149	-0.02266039	-0.004385268	-0.026262468	-0.01591427	-0.038071286	0.04154158	-0.024647065	-0.016515631	-0.0254193	0.01961839	0.04814152	0.023458397	-0.011939756
-0.055707283	0.04310155	-0.102931485	-0.11181214	0.1380819	-0.12065191	0.075879164	0.10296218	-0.11892402	-0.052828208	0.09019484	0.027851094	-0.0737474	-0.09837489	-0.03450638	0.040898327
-0.10688912	0.099840045	-0.07174638	-0.07519214	0.058146045	-0.024560349	0.09095175	0.029304726	-0.06353738	-0.048149012	0.08171122	0.02360156	-0.022564368	-0.049344804	-0.025705224	0.047420938
0.08456525	-0.072794765	0.11869094	0.07239775	-0.09938669	0.06621055	-0.05577223	-0.109228276	0.089473665	0.123004854	-0.13611263	-0.060360376	0.12157566	0.06959468	0.1090894	-0.05918686
0.069819175	-0.07975245	0.098484844	0.097349815	-0.07530641	0.11451425	-0.059077267	-0.059516404	0.12319833	0.07697576	-0.04904156	-0.05957838	0.14339758	0.098470174	0.1333358	-0.087457776
0.10237474	-0.08401853	0.086519174	0.043225624	-0.067378074	0.02870399	-0.060783435	-0.046120465	0.1210403	0.08632364	-0.0342218	-0.0063838162	0.05963685	0.06375175	0.046118617	-0.093404785
-0.026881084	-0.032545354	0.04513931	0.04283198	-0.025045536	0.023747008	-0.023351634	0.038141493	-0.01054349	-0.00090953405	-0.050461777	-0.022585405	0.040519062	-0.038830914	0.010746913	0.035212904
0.049233906	0.032311197	0.0065097376	0.029233208	0.04066725	0.028570117	-0.0151128415	-0.040908575	-0.034260415	0.020411212	-0.018411119	-0.020561546	0.0437104	-0.027349085	0.031398278	-0.02709001
-0.1074588	0.034296982	-0.01842558	-0.08605294	0.044090852	-0.08652384	0.040585585	0.019307148	-0.08349576	-0.06783166	0.08770758	0.030055042	-0.09020592	-0.092571564	-0.09721815	0.08328988
-0.079277925	0.022865769	-0.026355201	-0.01134149	0.070712276	-0.061853215	-0.010973339	-0.00914908	-0.08443549	-0.013777543	0.05920819	0.010919238	-0.076548934	-0.013562538	-0.013575405	0.034322277
-0.08217564	0.062056303	-0.04041587	-0.03992421	0.027822584	-0.05970741	0.08267618	0.057333708	-0.10626194	-0.057066172	0.0964579	0.009532087	-0.08715654	-0.10316908	-0.08855144	0.057102665
0.12314526	-0.12251071	0.10047438	0.10304538	-0.10307258	0.13527294	-0.12277466	-0.13790564	0.1021058	0.1400842	-0.14407746	-0.08529064	0.070696644	0.060066544	0.14495085	-0.09675829
0.05986738	-0.09258046	0.010551513	0.058986496	-0.09322848	0.06875948	-0.029438753	-0.06214856	0.045503065	0.016486015	-0.059829433	-0.06334071	0.08661784	0.074443795	0.018124722	-0.083631024
0.04516157	-0.02053269	-0.01699537	0.04793473	0.007910439	-0.00426441	0.036498334	-0.01685678	0.052115873	-0.0075432635	-0.0029357502	-0.040806614	-0.0061556487	-0.020167805	0.02213073	0.04369056
0.0021344402	-0.040032975	0.011343779	0.0037604945	0.01606902	0.037069008	0.030635238	0.00075172796	0.0053728833	-0.02969359	-0.043784283	-0.047359638	-0.019331139	0.053473745	0.054235604	-0.017671298
-0.071623504	-0.0036113616	-0.008157612	-0.031674754	-0.02233577	-0.051946115	0.07076659	0.050295353	-0.066188335	-0.041874755	-0.009344873	-0.002445509	-0.061376575	-0.048268355	-0.06378266	0.053553984
-0.020327624	0.021668095	-0.00939212	-0.045873817	0.03012885	0.008544168	0.07373664	-0.008367643	-0.023536453	-0.0641141	0.04517645	-0.009599481	-0.06115956	-0.03211014	-0.012283804	0.06692859
-0.04229247	0.046088442	0.0059900433	-0.07485898	-0.025648506	-0.050281025	0.042322617	-0.009391531	0.026991889	-0.069052316	0.07237949	0.06791517	0.022188999	0.017740525	-0.03668258	0.06297502
0.032087725	-0.043488808	0.008073335	0.04796712	-0.008583305	-0.030952165	0.02500676	0.043466676	0.022207664	-0.0020047096	-0.03139558	-0.0017885568	-0.029827246	-0.036859896	0.050077084	-0.030050242
0.03666466	0.003943912	0.037650656	0.0043799826	-0.082140364	0.0090188505	-0.056986403	-0.01196284	0.03583126	0.06574812	0.0065424843	-0.039912164	0.07089458	0.038722157	0.07608296	-0.037593164
0.006013062	-0.088536695	0.011399931	0.033386018	-0.020101529	0.09572851	-0.04316334	-0.04785031	0.04275748	0.08970216	-0.0134482635	-0.039471284	0.009542483	0.055155687	0.037414264	-0.09931988
-0.036138114	-0.008723113	-0.003037709	-0.06668441	-0.014895398	-0.027154239	-0.005902902	0.07779577	0.006323857	0.0034121687	0.058400974	0.06480074	0.015264898	-0.063614376	-0.05770123	0.07290069
0.04122935	-0.018285507	0.036075097	-0.027921505	0.010261827	-0.029602045	-0.024980076	0.0066414326	0.053737476	0.029454812	-0.022432098	0.037790306	0.0073290276	-0.0020790799	0.029277537	0.036188953
-0.085940406	0.06410613	-0.065624245	-0.07303947	0.02804704	-0.04244495	0.09185645	0.08815675	-0.12738016	-0.11491639	0.036146533	0.078598455	-0.02449836	-0.097880505	-0.07834379	0.11014469
-0.018389625	-0.015462008	-0.05532149	0.01434104	0.029897321	-0.03832773	0.012613927	0.058140706	-0.022696566	-0.056143284	0.04805246	0.06132371	-0.05982163	-0.05960639	-0.03795617	-0.016769847
-0.026215088	-3.2142514e-05	-0.048529867	-0.05405114	0.019262472	-0.07637363	-0.00026326458	0.060033068	-0.009220981	-0.035169255	0.004657818	-0.007424363	-0.019399185	0.0082576135	-0.026146166	-0.020016776
0.030705165	-0.037795343	0.039161783	0.018230524	-0.025252478	-0.023398293	0.023137815	-0.042673226	0.036887754	-0.040198706	0.0214307	0.0018133239	-0.031936612	0.001651905	0.014702865	0.010091326
0.0018786954	0.031222297	0.0075996355	-0.03684871	0.01525402	0.015616893	-0.0129845	-0.044421006	0.0602981	-0.025705226	-0.017919622	-0.03125073	0.041415643	0.04308149	0.02456039	-0.037560895
0.077718	-0.12462358	0.063890755	0.08010925	-0.07716557	0.10236593	-0.07352588	-0.13778421	0.09430156	0.16612989	-0.094299056	-0.111366056	0.055695634	0.07829908	0.0818647	-0.10340256
-0.03564815	-0.022857595	0.010908511	-0.0024166938	-0.010073332	-0.015326813	-0.045299128	-0.048678536	-0.018288705	0.015293321	-0.0015311246	-0.034849428	-0.038195286	0.00846558	-0.03375044	0.020338899
0.03839204	-0.04930666	0.05572862	0.06325993	-0.006336168	0.035466332	-0.04270884	0.0068627936	0.046698667	0.064530626	-0.06942289	-0.06408932	-0.008449484	0.01106803	-0.00035927666	0.00020480668
-0.03161075	0.08924021	0.030754177	0.011941669	-0.030778507	-0.06067056	-0.0026612384	0.009742299	-0.072676346	-0.0016191246	0.010769854	0.02422793	0.016876034	0.018771831	0.02176554	0.042954747
-0.059201688	0.05204253	-0.065229036	-0.013940837	0.086533226	-0.079647265	0.07056287	0.03747159	-0.11718246	-0.074317716	0.071092226	0.02435679	-0.03136132	-0.095432214	-0.059967436	0.04588403
0.018398901	0.011659636	0.006127823	0.02161907	-0.06075973	-0.008679114	-0.040564958	-0.051058646	0.054458134	0.04408352	0.025655037	0.012512415	-0.012910842	0.023884676	0.00809728	-0.021563506
-0.02678952	-0.004581827	-0.06710936	-0.0650808	0.031304937	-0.020129157	-0.0005811927	0.024716254	-0.06558475	0.011229497	0.061797418	-0.009732898	-0.021884544	0.0033702375	0.001581248	0.016527321
0.025784254	0.00760416	-0.011345804	0.036120012	0.009676367	-0.03660245	0.0034269374	0.017693479	0.047224775	0.04155535	0.014443509	-0.034768596	0.024199614	0.045962844	0.010040663	0.031766906
-0.017446268	0.030224245	0.018618243	0.0033949718	0.04442319	-0.0715505	0.02466421	-0.00814688	-0.034740876	0.012369604	0.03336247	0.07747262	0.019281063	-0.024156202	-0.061465204	0.011972811
0.059212714	-0.07826402	0.026042446	0.08239904	-0.092159554	0.090812474	-0.012076032	-0.004474901	0.08946634	0.08509829	-0.048872404	-0.06947623	0.019224491	0.043027636	0.06888971	-0.035683498
0.016887812	0.033749655	0.011802108	0.0077642575	0.009828252	-0.014121795	0.041444335	0.02041629	-0.022945184	-0.04108862	0.06301721	0.052930437	-0.002025044	-8.881907e-07	-0.042953927	-0.018062498
-0.022214696	-0.051922906	-0.0025765859	-0.038457897	-0.022516252	-0.0029108108	0.033868276	-0.027606038	0.033971876	-0.0109317945	0.026001463	0.03511203	-0.041433364	-0.018427512	0.02050714	0.018092211
-0.02893258	0.08627077	-0.083822615	-0.030014776	0.065434754	-0.036929414	0.09311585	0.0979147	-0.12272655	-0.09252748	0.038843688	0.061234415	-0.010946068	-0.09937128	-0.027412146	0.06128126
-0.021482557	0.012198552	-0.021997936	-0.036766592	-0.0031126253	-0.018527009	-0.052065663	0.029074885	-0.019176448	0.022497306	-0.038347077	0.004757987	-0.011002006	-0.005926706	-0.020754967	-0.013938491
0.001053581	0.0363804	0.0053558243	-0.020741755	0.08239293	-0.07606703	0.068421	0.030165158	-0.07478491	-0.01978581	0.017259356	0.016927404	0.011663929	7.307739e-06	-0.045333803	0.031254012
-0.046477374	0.0016686519	-0.04344784	-0.050808266	-0.012963052	0.011989351	-0.00815329	2.1607735e-05	-0.06372761	-0.027327275	0.046225313	-0.0025685683	-0.042468164	-0.07087759	0.010494892	0.0007742375
0.0066315443	-0.015926596	0.08935662	0.00951475	-0.100257464	0.0022161868	-0.007745508	-0.02134802	0.11103499	0.023173291	-0.061726432	0.002077123	0.0534006	0.09015399	0.06996866	-0.0028846422
-0.086783886	0.04506356	-0.06435506	0.001681709	0.046614513	-0.020972988	0.08401469	0.025301911	-0.050201237	-0.07258796	0.045082673	0.005851904	-0.043673284	-0.072184645	-0.07511806	0.088766426
0.13646103	-0.13893294	0.086045645	0.09486596	-0.08003325	0.0866867	-0.06389991	-0.1252261	0.16880159	0.08148395	-0.072308294	-0.06437482	0.080937706	0.062881224	0.07206304	-0.1116287
0.07632299	-0.045046836	0.0053022443	0.024444293	-0.03481326	0.078533806	-0.023595324	-0.015600139	0.09007469	0.105431594	-0.084144	-0.074436486	0.08947971	0.024044525	0.0060851136	-0.05528955
0.011301633	-0.04428378	0.02582616	0.051817898	-0.062005185	-0.015560966	0.013127461	-0.036854755	0.036998037	0.051058643	0.026197188	-0.01179251	-0.020642951	-0.014473391	-0.009127898	-0.01901517
-0.11996513	0.05094153	-0.038625102	-0.04189575	0.08639137	-0.09230978	0.07747392	0.032876514	-0.14576668	-0.12049244	0.09951286	0.112124376	-0.097257756	-0.077401325	-0.121294536	0.063676216
-0.0772017	0.05856376	-0.06544035	-0.02575198	0.018614238	-0.047457583	0.027100781	0.053602554	-0.09468941	-0.02586294	0.006913798	0.051028676	-0.022650585	-0.103194095	-0.005495307	0.02802316
-0.080129504	0.054296236	-0.06144845	-0.101094715	0.08091458	-0.061936595	0.039644245	0.028680542	-0.04721574	-0.07515988	0.0640916	0.05502234	-0.07427036	-0.08010869	-0.07745887	0.07030709
0.004387751	-0.07609972	0.07735691	0.06701681	-0.03413038	0.062509716	-0.014532064	-0.012292699	0.10083099	0.049461894	-0.038949206	0.00025734497	0.010742916	0.018852849	0.014949361	-0.07902736
-0.0045558764	0.02681102	-0.01648351	-0.010747733	-0.038365234	0.044103272	0.007848916	-0.03600826	0.0641057	0.026128262	0.022448037	-0.012139965	0.033038374	-0.034224536	0.008901663	0.0015695356
0.04310591	0.012987741	-0.00811204	0.06975137	-0.00550932	0.0420091	-0.007434204	-0.034433033	-7.4711745e-05	0.0948584	-0.008965171	-0.016995199	0.06954544	-0.010195169	0.018346999	0.0043639387
0.055632196	0.0011469872	0.08960419	0.0074388427	-0.03591452	0.08875095	-0.013076334	0.010846824	0.09149386	0.07788433	-0.04562828	-0.012539746	0.012375511	0.07009277	0.002915295	-0.0568725
0.010948527	-0.0741582	0.055697028	0.103327885	-0.03366792	0.07891675	-0.021244084	-0.022693338	0.043825895	0.07439497	-0.07804863	-0.07219862	0.032780133	0.06447259	0.059307523	-0.048340116
-0.07738504	0.04207119	-0.028645849	-0.10291583	0.03785494	-0.052877102	0.017699957	0.056997154	-0.053916555	-0.07068574	0.05698285	0.044113126	-0.018832665	-0.062092323	-0.0938189	0.019206576
-0.065076716	0.050459635	-0.021367336	-0.030524615	-0.0046747727	-0.051503245	0.073469676	0.06006043	-0.040006813	-0.030078914	0.02058168	0.08742389	-0.031379234	-0.01004784	-0.07468566	0.063461356
0.048083875	-0.02354289	0.025306849	-0.016042186	0.039674204	-0.021567404	0.025620433	-0.04881643	0.017838763	0.033052534	0.02916819	0.032457408	-0.033732027	0.011224255	0.02838567	-0.02594256
0.035109706	0.004674512	0.026034875	-0.0371875	-0.057797298	-0.03473811	-0.010174405	-0.019577876	-0.013640446	-0.029828414	0.013080708	-0.042585317	-0.038913354	0.053634066	-0.043556284	-0.055549424
-0.11817934	0.1015493	-0.07968023	-0.07163961	0.065482646	-0.032089025	0.04161904	0.05825444	-0.10448417	-0.104027495	0.06730731	0.07977669	-0.072438024	-0.121669404	-0.06876897	0.12237932
-0.0028651112	0.03038822	0.016359545	0.050099023	0.032918558	-0.009552006	0.007342061	0.019792145	0.0389534	-0.0012412303	0.006950347	-0.034403734	0.0006368032	-0.030238794	0.02299473	0.0048855743
-0.039308395	-0.0167631	-0.047668982	-0.0174827	0.015162975	-0.023559801	0.046115205	0.0169703	-0.011117989	-0.052808527	0.012939229	-0.021147879	0.009881005	-0.058943488	-0.03669099	0.062028114
0.041072704	0.051121056	-0.030767804	-0.010535825	-0.02365178	-0.015520462	-0.018517794	-0.028188271	-0.025547491	-0.019067124	0.035872072	-0.01920784	-0.062277447	-0.045300145	-0.043675996	0.06026077
-0.092159964	0.064386845	-0.05851677	-0.09129738	0.13063483	-0.09558804	0.048807222	0.06788543	-0.17443627	-0.073730245	0.06002107	0.052943535	-0.030974386	-0.087568596	-0.12471889	0.13195898
0.023102818	-0.042094756	0.006902171	0.08105221	-0.100199915	0.03911679	-0.07825545	-0.0934829	0.1253003	0.11408337	-0.024251562	-0.07102219	0.09759622	0.027654659	0.044367436	-0.056091003
0.07760206	-0.011037604	0.07800457	0.035458855	-0.096246056	0.033602238	-0.028485373	-0.07782506	0.082638405	0.06661676	-0.005747336	-0.00790794	0.019811025	0.048721198	0.060045335	-0.0493428
-0.026417661	0.0809411	-0.067023434	-0.0124122435	0.05350419	-0.106893435	0.07457194	0.084177464	-0.08494882	-0.085762754	0.021247085	0.09559266	-0.027771173	-0.07614925	-0.093079984	0.02333362
0.024721256	-0.073623404	0.034729883	0.026543843	-0.023941638	0.08210535	-0.06510087	-0.046586055	0.04289928	0.04512492	-0.078838326	0.010447721	0.078195535	0.021493822	0.010515381	-0.031010756
0.07689162	-0.04362977	0.02422825	0.052653756	-0.083254315	0.095024236	-0.08025499	-0.0044515133	0.10774244	0.041608263	-0.027030073	-0.022842878	0.015518364	0.07959866	0.00073464436	-0.0060548102
0.0075753485	0.051412713	-0.030874413	-0.0427509	0.041705932	-0.010029974	-0.0049717044	0.0017483315	-0.008271249	-0.031071573	0.027322533	0.02020929	0.0068346374	-0.05800811	-0.026554804	0.078781754
-0.06609902	0.008087574	-0.062719174	0.013444256	0.025647331	-0.039234377	0.01048492	0.06544518	0.005863515	-0.06744637	-0.011905978	0.042078037	-0.012136218	-0.05094587	-0.07430947	0.038396277
-0.14118277	0.10436185	-0.033114873	-0.08079955	0.15360217	-0.048296586	0.08346582	0.05255354	-0.08090221	-0.123429246	0.06513834	0.08699721	-0.10148432	-0.10938493	-0.085711524	0.110963546
0.034190133	0.030149013	0.046118706	0.011254663	0.023396589	0.005327465	-0.035972655	0.035474725	-0.021755245	-0.013314876	0.037156522	-0.033540964	-0.00020537185	0.03530873	-0.0055975844	-0.0046951813
-0.035401627	-0.015401638	0.034293115	0.042681843	-0.043561775	-0.0023022636	-0.035723947	-0.05380279	0.012272952	0.014890845	-0.05198495	-0.030121213	0.05157896	-0.039014652	-0.016633406	-0.014797016
0.044462692	0.011199213	0.05312349	0.03394022	0.015740536	0.043925043	-0.0017303507	0.02977902	0.010471117	0.02301398	0.044204056	0.0002648017	-0.0086345365	0.022661291	-0.04130101	0.0072569977
0.032795105	0.06530669	-0.051575076	0.026815662	0.03976326	0.0070578926	0.008369495	-0.02810324	0.0121219605	-0.05923774	0.028260034	0.004889853	-0.0052848193	-0.03460045	-0.02587941	0.045240294
0.09592819	-0.09227275	0.110791706	0.06468454	-0.16288707	0.12917289	-0.124718994	-0.055460524	0.12605184	0.16032356	-0.14410196	-0.13529767	0.090817295	0.07033176	0.07110024	-0.12555276
-0.0365967	0.047100518	-0.031085877	0.019103387	0.08128711	-0.045660906	0.067130476	-0.006674421	0.013400384	-0.045143638	-0.015227679	0.0031990793	-0.04934072	0.0014934106	-0.06321395	0.0036895813
0.0145572005	0.0056494754	-0.00926522	-0.0021156932	-0.011595792	0.014121223	-0.029273229	-0.022037866	0.044480234	-0.014503417	0.0037092743	-0.036069147	-0.024969926	-0.030427488	0.029940622	0.027453894
-0.13177255	0.112392694	-0.10691793	-0.03794202	0.1337032	-0.076229	0.07228012	0.027622327	-0.07040929	-0.13753694	0.12251998	0.023614628	-0.103542395	-0.05025827	-0.037116207	0.12984817
0.1354213	-0.07569312	0.08750886	0.13235596	-0.08417568	0.15378496	-0.1305798	-0.07899078	0.16709194	0.101687215	-0.06606823	-0.09592712	0.1273857	0.09275396	0.09082432	-0.15472664
0.1160394	-0.083788775	0.14502154	0.128043	-0.0794094	0.0587773	-0.12595059	-0.08762048	0.09191874	0.15642503	-0.11400123	-0.12520319	0.058736704	0.13872355	0.12621981	-0.13176166
-0.076732114	0.04267591	-0.037371185	-0.0040950985	0.0640213	-0.00025885846	0.07386281	0.02727587	-0.042467315	-0.0059384555	0.034094807	-0.0040552914	-0.07855603	-0.018383197	-0.0028007948	0.055560615
-0.015672712	0.04173719	-0.039655406	-0.023978757	0.061132677	-0.08275778	-0.009327166	-0.0144687435	-0.057389855	-0.06453589	-0.0055463216	0.0237193	-0.041087247	-0.08447108	-0.03054248	0.025274888
-0.07262329	-0.009895514	-0.07272815	-0.04128211	0.039903224	-0.015793605	0.068880975	0.006184158	-0.066198915	-0.0043033427	0.06632398	0.023806155	-0.024914974	-0.07432748	-0.05423262	0.06991053
0.012918999	-0.037282314	-0.025661876	-0.028428782	-0.014312766	-0.043192487	-0.03518265	-0.011671766	-0.019561553	0.012958624	-0.010639447	-0.011517055	-0.01307338	-0.03918818	-0.035772853	-0.05724346
0.015251788	-0.07825965	0.05350216	0.08700991	-0.016788626	0.076982446	-0.0826688	-0.0050353026	0.06462578	0.11042668	-0.08695661	0.004826382	0.052091118	0.02145298	0.068816446	0.0055717193
-0.049475785	0.08825058	-0.079487965	-0.042868763	0.047024745	-0.046741318	0.10941757	0.026350541	-0.08996706	-0.05096362	0.02956761	0.08902381	-0.09720605	-0.043652046	-0.062751755	0.058446992
-0.061411474	-0.04102412	0.027167391	-0.049049072	0.06419267	0.036024425	-0.025380347	-0.0011343852	-0.0068579605	-0.03129609	0.023786224	0.048056297	-0.051646274	0.0101381745	-0.0058867726	0.02647638
-0.0440776	0.0827729	-0.023418618	-0.073763885	0.06102569	-0.10332586	0.005832075	0.0037897015	-0.044504035	-0.06766224	0.008348618	0.07363143	-0.05915561	-0.045176923	-0.04563623	0.032079045
0.030581944	0.006298108	0.056366276	0.069291815	0.005419183	-0.012482916	0.0069370824	-0.017580872	0.015451065	0.08199073	-0.011616625	-0.0632953	0.02889754	0.05907432	0.013957392	-0.071097456
-0.025976242	0.026829507	-0.02384394	-0.054392777	0.054718368	-0.018370394	0.025386995	0.05561647	0.02304155	-0.013772689	-0.029975662	-0.014918096	-0.037924506	0.010686432	0.0031439438	0.0075064553
-0.0008627586	-0.059045576	0.054162826	0.08034026	-0.029978896	0.06346703	-0.07845389	-0.02116779	0.08501532	0.08834278	-0.023412883	-0.04210348	0.040148	0.06223135	0.0034386064	-0.0339909
0.13103579	-0.07688807	0.10219895	0.07558669	-0.09750487	0.07933212	-0.080747485	-0.09566821	0.15382314	0.14887197	-0.12475088	-0.09671246	0.067495555	0.10505027	0.0683943	-0.13838983
0.105339386	-0.1062659	0.13469708	0.12851945	-0.13980563	0.056251798	-0.099916965	-0.045051485	0.08560315	0.0646972	-0.062135775	-0.09832916	0.073325	0.078370266	0.103061445	-0.04849678
-0.0058032186	0.008458992	0.026561221	-0.012159407	-0.02536569	-0.052238695	0.026160233	-0.02290182	-0.0057056793	-0.056968737	0.04996491	-0.018051699	0.013910172	0.0020712286	-0.043821994	-0.010183984
0.032050963	0.024013685	-0.054213013	0.020823108	0.026947236	0.014908501	0.054023847	-0.025177017	-0.024725316	-0.053941544	-0.0016647757	0.062416337	-0.05531005	0.018734982	-0.007804054	0.047755603
0.008184967	-0.032954626	-0.059205588	-0.009726621	0.030656708	-0.013947907	0.009592836	0.037069216	-0.010149352	-0.034066867	0.0502343	0.058914743	0.037736412	0.0036872434	0.035606556	0.029211268
0.031542003	-0.03370553	0.05284459	0.024507932	-0.00048895227	0.0692251	-0.018844262	-0.0035818722	0.0822518	0.03935188	-0.04161077	-0.054564282	0.022217711	0.053122092	-0.015637217	-0.01613494
-0.005561203	-0.027679618	0.037828267	-0.03278478	0.016228637	-0.050460994	0.05965772	-0.035553344	0.015640521	0.00046111303	0.047212955	0.03107808	-0.026365427	0.023207478	0.012266084	0.049975425
-0.08447733	0.042963505	-0.049798805	-0.051437914	0.057269637	-0.13049094	0.030141253	0.04732027	-0.06536468	-0.04181038	0.07167133	0.077628	-0.06867149	-0.10771712	-0.029975848	0.11962477
-0.06890858	0.08506011	-0.05135659	-0.0496624	0.0695813	-0.09445495	0.03764878	0.05825574	-0.12645964	-0.123218104	0.08554486	0.1096207	-0.053108815	-0.120629266	-0.09691531	0.09110049
0.012854891	-0.06137123	0.031979866	0.030214362	-0.0014614137	0.06474074	-0.034926318	-0.0007594167	0.043279495	0.047410425	-0.031062843	-0.06861603	0.07863872	0.041600578	-0.0052897	-0.061250757
0.050132144	-0.009637986	0.07760692	-0.010614069	-0.050154015	0.0383058	-0.07900839	-0.06355921	0.025940215	0.04469502	-0.0387233	-0.051790413	0.031099975	0.035463028	0.041159615	-0.057823837
-0.05468922	0.08875961	-0.070823886	-0.07927438	-0.03602044	-0.10091081	0.03917386	0.028810443	-0.054120325	-0.123205185	0.11474817	0.07617299	0.005167814	-0.07365078	-0.054002	0.09456384
-0.037983876	0.047923036	-0.040323656	-0.0440307	0.04191736	0.02916863	-0.022294346	-0.0021692514	0.025334228	-0.062060356	-0.032957703	0.03339085	-0.011929922	0.028125735	-0.01327786	0.030644905
-0.0885574	0.034477063	-0.0722468	-0.04311903	0.06981284	-0.110125	0.08747206	0.11017198	-0.14235394	-0.05211738	0.09209467	0.0760783	-0.1143914	-0.03916574	-0.09047163	0.056132767
-0.020330898	0.012581159	-0.028540188	-0.03411454	-0.008489376	-0.05353385	0.096831515	0.0018725184	-0.06072842	-0.004497802	0.08995066	-0.009330048	-0.07307953	-0.0074397395	-0.049340837	0.020098155
0.016526917	-0.07267432	0.080987245	0.03104555	-0.05576161	0.023547582	-0.03347794	0.022629667	0.03240004	0.047449928	-0.014642314	-0.05005525	0.010745262	0.04920396	-0.0034705831	0.00247454
0.038941808	-0.02158094	0.03553578	0.06984041	-0.072244614	0.02936078	-0.0017158366	0.012923395	0.073503144	0.083898515	-0.0124202855	0.012611438	0.07321546	0.06488344	0.040479004	-0.07124375
-0.025362747	0.009630266	-0.013693576	0.015662521	0.023614364	-0.050926015	0.007148015	0.03337408	-0.039733537	-0.018966312	-0.006791541	-0.021023653	0.009437404	-0.049464427	0.031091196	0.027069297
-0.039270896	0.028551262	0.027419362	0.00627455	0.017209709	-0.036802676	-0.0329683	0.045583744	-0.062062543	-0.0578541	-0.036746968	-0.017768027	-0.04854777	-0.013597565	-0.023305034	-0.002957073
0.022689428	-0.035515405	-0.013149743	0.03983933	-0.024926215	-0.04575687	0.04983912	0.033065498	-0.038678743	0.027549839	0.03075	0.020339869	-0.028908255	-0.043725148	0.01128702	-0.03366971
-0.009594217	0.033264782	-0.016592864	-0.035218507	0.037147954	-0.02508349	0.0809371	0.04273936	-0.044431042	-0.012278643	0.080425486	0.052551296	-0.08926391	-0.040541768	-0.089124255	0.067344606
0.01635012	-0.049406864	0.055906504	0.021095822	-0.041478835	0.059172887	-0.06597472	-0.00027389394	0.04846915	0.077123515	0.0046083727	-0.041547116	0.05543472	0.064129874	-0.016868137	-0.041416615
0.062954195	-0.0042840354	-0.0071375878	0.020721858	0.012444529	0.06723922	-0.07411344	-0.07328386	0.06813156	0.07864462	-0.069646426	0.020131772	0.0097685885	0.008435612	0.06487054	-0.04652659
-0.05144327	0.08643635	-0.044701964	-0.06346838	0.06740751	-0.07931535	0.12043165	0.086076766	-0.037333764	-0.05874764	0.04085357	0.038066838	-0.050322585	-0.0207498	-0.034500256	0.043027557
0.04780989	-0.006078486	0.052561253	0.0543461	-0.083715394	0.021242268	-0.003498054	-0.043242425	-0.0102271745	0.062792696	0.007559644	-0.03808282	0.04590547	0.030328453	0.016597541	-0.030159935
0.11964222	-0.081155315	0.11181198	0.042947516	-0.046761993	0.1068252	-0.091251485	-0.11309666	0.11943589	0.13471802	-0.123153724	-0.07888971	0.086775586	0.09735561	0.075557016	-0.066018954
0.05106829	-0.027193865	-0.008273515	0.055657156	-0.047064826	0.00858828	-0.02908735	-0.027456278	0.010264222	0.032265842	-0.07512643	0.005492624	0.06249292	0.064416826	0.044417642	-0.017536554
0.06093625	-0.045016184	0.0010469117	0.019323241	-0.037677098	0.0017313296	-0.005863453	-0.07915228	0.0259474	0.023877656	-0.057215285	0.0065633184	0.018191598	0.020151518	-0.012022299	-0.021107793
-0.058025863	0.009851911	-0.069618545	-0.015249042	0.04634609	-0.03691018	0.015548067	0.07380439	-0.070506826	-0.06936315	-0.0016777917	0.08020285	-0.045560334	-0.0065146605	-0.03242877	0.044073932
0.04431222	0.009405806	0.022286847	-0.016939128	-0.03613698	0.023441745	-0.016224403	-0.030550187	-0.029312715	0.030810202	0.019443	0.023071326	-0.022039585	0.03026775	0.011052869	0.015595181
0.06069618	-0.050314173	0.10564627	0.12248988	-0.12262802	0.10913605	-0.12488361	-0.12003767	0.12833044	0.10411572	-0.10520006	-0.121182464	0.0629537	0.119309835	0.051300153	-0.048710853
-0.015562711	0.028613647	0.03178607	-0.022849713	0.023746084	-0.011710978	-0.0067667095	0.024219537	-0.02476121	-0.02870681	0.0040215976	0.04252965	-0.042766847	0.033586927	-0.031048195	0.004133099
-0.08225167	0.080850594	-0.026244134	-0.055475824	0.06038198	-0.08556581	0.05976583	0.060245827	-0.04634628	-0.009991886	0.03271458	0.021271281	-0.037469905	0.0048261187	-0.06707925	0.023991542
-0.07547722	0.06811218	-0.05301277	-0.023048157	0.07150154	-0.055344626	0.0046136803	0.069880635	-0.061571054	-0.09272379	0.09395967	0.044229086	-0.045733646	-0.07689405	-0.041905902	0.014893056
-0.029803924	0.042434018	-0.07831409	-0.05777028	0.077999435	-0.0071235285	0.007467197	0.007571095	-0.08189435	-0.07957763	0.0024056633	0.025081674	0.0024797702	-0.0120390365	0.0038612937	0.0581137
0.013021712	-0.0043026423	0.015779398	-0.010015206	0.015688367	0.03257651	0.017842147	0.021386484	0.039898865	0.054129902	-0.03748062	-0.022832226	-0.014854761	0.0087278215	-0.015576805	-0.034360223
0.0027341396	0.008567535	-0.006241183	-0.0029780176	-0.03557725	-0.018258985	-0.029124945	-0.0023746963	0.02280602	-0.017006371	-0.0050708656	-0.0065288856	0.029656375	0.013450033	0.013176675	0.021424579
-0.07801235	0.10500872	-0.023352742	-0.061479345	0.1210805	-0.111924134	0.061690558	0.09010341	-0.06757087	-0.045771074	0.10919018	0.054460973	-0.10932998	-0.053620085	-0.088367514	0.063028194
-0.051722128	0.004559103	-0.07851829	-0.042987015	0.038022783	-0.08064264	-0.001986295	0.047629263	-0.06485571	-0.05673634	-0.00094231265	0.021853106	-0.03985526	-0.060347114	-0.0014473124	0.082334675
-0.0043631536	-0.033646792	-0.024298059	0.033180848	0.0150947515	0.022027187	0.008725355	-0.00047739636	0.017265324	-0.009220004	-0.002499805	0.026574427	-0.047144577	-0.0421536	0.016208619	0.04407026
0.13472265	-0.12914757	0.06576676	0.07466111	-0.1283003	0.14011653	-0.13234471	-0.054844957	0.14759195	0.0959645	-0.058672477	-0.057560522	0.10178944	0.058689434	0.093803994	-0.10346257
-0.05842044	0.0636527	-0.019935036	-0.01742753	0.08200852	-0.06719071	0.014700355	0.09243174	-0.09531948	-0.016878687	0.07309483	0.005011114	-0.044565674	-0.03802964	-0.0007982924	0.048425134
-0.04687839	0.010181949	0.015175515	0.03831932	0.0453076	-0.019147206	0.01688256	-0.040490143	0.022152659	-0.048256762	-0.031876765	0.016596856	-0.0024956337	0.018425832	-0.041551206	0.013887062
0.084100954	0.0011527949	0.07801351	0.04441267	0.014822868	0.018607061	-0.0055412706	-0.052581497	0.05170008	0.042378604	-0.010701377	-0.017036598	0.014483589	-0.0016346759	-0.008175501	-0.06517065
-0.027350552	0.08783549	-0.027220465	-0.06502498	0.08701271	-0.044754293	0.040381048	0.012891697	-0.048853338	-0.04292887	0.0869886	0.008385711	-0.006888265	-0.06530159	-0.047451124	0.006217669
0.073349684	-0.055309974	0.014461149	-0.003877346	-0.019626599	0.08425762	-0.016253984	0.0068771965	0.09167535	0.019855646	-0.02899102	-0.06585632	0.033993006	0.062348925	0.0042510284	-0.019007023
0.09791194	-0.068475194	0.09947865	0.11564664	-0.102843314	0.11679748	-0.057340916	-0.10668105	0.12638105	0.121774614	-0.12990007	-0.052506313	0.07222384	0.10197852	0.086474456	-0.07126858
0.106299035	-0.11106201	0.056908187	0.12222363	-0.14321962	0.11768024	-0.13286966	-0.12942496	0.16065313	0.09299504	-0.06536315	-0.100991845	0.09345594	0.11342264	0.06806005	-0.14245516
-0.0033967793	0.029823007	-0.060747664	-0.042072374	0.057814933	-0.074668206	0.06914565	0.06925989	-0.043572705	-0.046883788	0.042469934	0.013281593	-0.023699304	-0.01793621	-0.063382894	0.0036789188
-0.00075993175	0.035667233	-0.026249116	-0.04002092	0.0856313	-0.05606836	0.07058318	0.032283027	-0.06806755	-0.02395723	0.03277826	0.06727059	-0.08486204	-0.026271867	-0.061627585	0.053085297
0.07899161	-0.04129752	0.09372869	0.08865862	-0.09326031	0.059651524	-0.10016477	-0.11086356	0.15954594	0.107303776	-0.07137094	-0.081450336	0.03609979	0.07852067	0.094106965	-0.12179271
0.08469159	-0.13851964	0.048843887	0.05028923	-0.112172656	0.047898415	-0.061260853	-0.13557972	0.15268613	0.08546238	-0.09177835	-0.07401769	0.13710237	0.13483056	0.09274637	-0.10933663
-0.026005136	0.017510278	0.010725149	0.037846208	0.051787756	0.032440197	0.053291447	0.04564425	0.022177206	-0.024147073	0.0022039711	0.019620404	0.036879588	-0.029294394	-0.04066362	-0.035767876
0.047706563	0.006098247	0.030910583	0.003193088	-0.080912404	-0.008856983	-0.046442643	-0.022504263	0.03962549	0.027438955	-0.053189855	-0.06736106	0.049047343	0.029902173	0.054655917	-0.062367152
-0.027589068	-0.03313879	0.0009601201	-0.048256427	0.05500579	0.027765758	-0.00913752	0.02447917	-0.02141481	-0.022019334	-0.024787484	0.05591234	-0.05612313	-0.051574368	-0.057768606	0.038582664
0.024169656	0.0038399587	0.020240894	-0.016508918	0.014808871	-0.027751973	-0.020874487	-0.02092129	0.01197506	-0.059293073	0.041680668	0.039318983	-0.049443334	0.009529379	-0.0040328735	0.021291858
-0.0091768745	0.08531532	-0.05094836	-0.056849558	0.013121271	-0.05796554	0.08151769	0.08280375	-0.011061151	-0.00517802	0.015202315	-0.0026243443	-0.07815516	-0.091619276	-0.07088689	0.03276234
-0.078480646	0.07753219	-0.04493516	-0.11434813	0.072239384	-0.04694963	0.11552227	0.111026496	-0.09218516	-0.05746899	0.09277903	0.044846352	-0.072115906	-0.11928283	-0.066815235	0.08835872
0.08809677	-0.09595239	0.11438368	0.07453172	-0.07756755	0.045486894	-0.10588007	-0.09130015	0.1184717	0.11539388	-0.10868871	-0.04108925	0.05981105	0.08988006	0.042817865	-0.11282201
0.053262193	-0.11067604	0.032946654	0.050477505	-0.06801992	0.11070459	-0.06712865	-0.09517095	0.10693626	0.09201194	-0.036477484	-0.11116609	0.05910354	0.08684335	0.04163924	-0.05697417
0.06279854	-0.014713459	0.021312375	0.036974143	-0.04769193	0.08594684	-0.02693325	-0.06814139	0.04555486	0.031928226	-0.0006374746	-0.05579365	0.0036186443	0.040722422	0.08392237	-0.07389209
0.03495143	-0.0036311222	0.00884657	0.011181791	0.0634751	-0.019168733	0.01468431	-0.009806968	0.03884907	-0.038326763	0.03056982	-0.028004032	-0.02911292	0.024419734	-0.024400922	0.028140485
0.067156814	-0.07886838	0.059705637	0.09508413	-0.10383749	0.044895325	-0.12743595	-0.12324016	0.11681458	0.130082	-0.045369454	-0.06226561	0.04562062	0.10692159	0.045760628	-0.1324618
-0.05436284	0.08603916	-0.022371653	-0.07382396	0.04473615	-0.0905378	0.06853561	0.106443405	-0.08536046	-0.045331147	0.10942854	0.079575256	-0.0716915	-0.07624164	-0.05783013	0.071449965
-0.1291821	0.11067404	-0.11508663	-0.059797518	0.07039342	-0.080928884	0.0646635	0.075857	-0.16013406	-0.08556626	0.042371474	0.031193603	-0.041430846	-0.06595614	-0.04835116	0.060536135
0.06445921	-0.056879792	0.024840659	0.06754392	-0.02498933	0.041998934	-0.07603577	-0.058224477	-0.0028128284	-0.0058127586	-0.034414858	-0.018409451	0.07994641	0.06672508	0.057791416	-0.06486732
0.05688184	-0.1256899	0.09343525	0.11862746	-0.091087386	0.09558474	-0.11389988	-0.06945674	0.1558928	0.13804457	-0.123690344	-0.0920488	0.05533001	0.08274905	0.12366622	-0.11554422
-0.01860186	0.029005969	-0.03936157	-0.065378465	0.037813626	-0.052944746	0.05211397	0.019860964	-0.017448308	0.03352957	0.02881135	-0.019120272	0.0014584161	-0.054351497	0.0056701507	0.0627843
0.05646443	-0.113134325	0.04833006	0.041751403	-0.07529928	0.10185043	-0.099210694	-0.12296974	0.101345085	0.059908655	-0.10668858	-0.097890444	0.11347008	0.055480637	0.1294818	-0.08791907
0.06432085	-0.015178877	0.058919463	0.07251105	-0.033534437	0.02269053	-0.053842157	0.00852613	0.05163327	0.033323865	-0.053228088	-0.012916306	0.03876071	0.022380814	0.016019795	-0.039293963
0.1344213	-0.09320576	0.106356286	0.060590677	-0.06348955	0.111871704	-0.11256754	-0.08915442	0.08258672	0.07220262	-0.08644483	-0.11773285	0.05094757	0.08809199	0.090881415	-0.072289474
-0.015337068	-0.0022660107	0.001201812	0.06323368	-0.09012498	0.076959655	-0.07535078	-0.056329835	0.023825606	-0.013699313	0.0012817072	-0.025732411	-0.0003378849	0.006734574	0.008538029	-0.060760334
0.03135956	-0.016245231	0.013428133	-0.033835605	-0.034981918	-0.05511138	0.05340834	0.0473408	-0.047113884	-0.044063304	-0.034956306	0.037738737	-0.042387795	-0.0029568872	-0.041618645	0.00927941
0.041616254	-0.05964421	0.032636736	0.03313176	-0.0766119	0.018252734	-0.056663074	-0.07879052	0.0010149071	0.004929274	-0.054484896	-0.039276425	0.07023636	0.04403034	0.019390063	-0.026399422
-0.08098216	0.038012348	-0.0015040695	-0.038181987	0.085549414	-0.03881382	0.028381148	0.042620342	-0.09088729	-0.07025133	0.0051502734	0.09467481	-0.069467515	-0.046187356	-0.0058421614	0.012395862
0.052029233	-0.116786174	0.11428236	0.04053508	-0.03647155	0.08888733	-0.074126616	-0.05803932	0.06081572	0.09448481	-0.11096391	-0.038912766	0.03574161	0.112193115	0.110172756	-0.12492267
0.05411907	0.010465744	-0.039948918	0.007852106	-0.0384365	-0.055838175	0.048897818	-0.030750394	0.008692813	0.03190124	-0.0386986	-0.0025709227	-0.05254985	0.0007393341	-0.010318308	0.013865525
0.019930838	0.04115793	-0.019247817	-0.03057789	0.007527014	-0.002719889	0.0069577885	-0.024714747	-0.03028	-0.056640036	-0.0001752736	0.053516753	-0.03463105	0.0056162984	-0.0059882808	-0.03163777
0.115767114	-0.12159875	0.11906561	0.11167886	-0.0688692	0.1166254	-0.11985869	-0.1115992	0.076793574	0.14875689	-0.03568732	-0.03986018	0.12545674	0.13458084	0.11372089	-0.074044265
0.032547224	0.009935554	0.01634045	0.025206454	0.0012989468	0.081580594	-0.053969454	-0.051304486	0.064086154	0.07544881	-0.036766786	-0.037433933	0.01821855	0.066665955	0.05935009	-0.017712146
-0.051898416	-0.022498094	-0.015771732	-0.0011279611	0.014280239	-0.02572993	-0.03618481	-0.0053023156	0.02389327	-0.028127301	0.049365476	0.04468715	-0.01080411	-0.05844955	0.037962593	-0.022443231
-0.10146936	0.08226536	-0.111007586	-0.12293161	0.104470186	-0.034544263	0.08186222	0.035660025	-0.06571477	-0.10537179	0.075567216	0.05297035	-0.061545286	-0.03158643	-0.051028736	0.041487202
-0.0030247986	-0.032846633	-0.0377972	0.012990859	-0.0044736154	-0.024853101	0.011216161	0.02556459	-0.0009422374	-0.059319608	0.053663168	0.031978346	0.0054483702	0.017890956	0.023361923	0.0069175893
0.03346745	0.054216947	-0.058900334	-0.042708177	0.0071893106	0.015799588	0.0042800056	-0.022027772	0.02469466	-0.00049579644	-0.019475898	-0.02023597	0.023954486	-0.039741144	0.03202517	-0.0006893893
-0.04604285	-0.015892526	0.023158856	0.006796942	0.04159528	0.037516125	0.050817885	-0.012472197	-0.0052221166	0.025239762	0.025452897	-0.024244526	-0.032075852	-0.05169463	0.0045225206	0.015072144
0.0028856066	-0.003648132	0.04244676	0.02450532	0.0017390213	0.03041225	-0.07152634	-0.07039414	0.037620623	0.03218929	-0.04791177	0.0032871433	0.058034834	-0.0076495963	0.06931445	-0.078878015
0.012027761	-0.018919999	0.051125776	0.06516008	-0.036887925	0.0022729607	-0.073098026	-0.020481825	-0.004852255	0.022187367	0.0018171063	-0.07058954	0.024548355	0.010756559	0.047653552	-0.01914758
-0.10736897	0.10132828	-0.06591891	-0.09671493	0.0676341	-0.06286272	0.07709464	0.105255015	-0.135593	-0.06602551	0.1063021	0.028265923	-0.021966267	-0.060861878	-0.0461292	0.08788802
-0.0040592547	-0.01727988	0.023202252	0.05016995	-0.098528355	-0.0029974263	-0.07138108	-0.017080596	0.079275966	0.034198895	-0.0314819	0.01838395	-0.0026616787	0.031096121	0.04125584	-0.019443188
-0.009920253	0.01068183	0.049918283	0.005671316	-0.034652274	0.040263172	-0.032554556	-0.00095005444	-0.023548499	-0.008993222	-0.0526917	0.0027154228	-0.040373158	-0.033499196	-0.00011164242	-0.03251972
0.03164882	-0.058389913	0.041376032	0.063886486	-0.025458487	0.0810996	-0.00086400687	-0.0396799	0.05314767	0.06265981	-0.08614484	-0.031593874	-0.0035940465	0.004091466	0.045620475	-0.080853894
0.015333932	0.009412856	-0.0033961667	0.017130768	0.050437663	0.0012413026	0.059228238	0.012655866	-0.039730042	0.0036970102	-0.021398008	-0.027451169	0.023814633	0.012634937	-0.03988387	0.03823162
-0.10830206	0.093955666	-0.05255218	-0.04871838	0.060311604	-0.12994404	0.038303237	0.071869865	-0.12981948	-0.13765089	0.093353555	0.060427092	-0.04794047	-0.12606002	-0.092130475	0.07882265
0.083794326	-0.034183767	-0.006153686	-0.0005821544	-0.076112114	0.05389098	-0.055770755	-0.08329817	0.059559025	0.005562141	-0.06896503	-0.05316183	0.08188047	0.072718	-0.0077760625	-0.07996835
0.09248755	-0.06183758	0.11348101	0.13975403	-0.099065125	0.05362681	-0.0834002	-0.118981756	0.14419709	0.16012308	-0.123729296	-0.041501407	0.10769618	0.11040308	0.040757243	-0.13029866
0.018304484	0.0047008954	0.009963903	0.019480573	-0.022516299	0.0299045	-0.0059005576	0.009823715	0.004012677	0.08714747	0.00016405521	-0.058591586	0.055928443	0.043812472	0.013201766	-0.06799317
0.0035802226	-0.004225491	-0.01471286	-0.04876934	0.03730989	-0.03683029	-0.010170228	0.028851958	-0.036275063	0.0018609255	-0.0014048142	0.01056338	-0.032094408	-0.05330786	-0.029907763	0.010987403
-0.07098972	0.0071174176	-0.09867331	-0.045256183	0.09186415	-0.07663394	0.06020542	0.010223249	-0.040861193	-0.020058963	0.0076250634	0.07035312	-0.08769905	-0.005413081	-0.02308213	0.09953172
-0.009009718	-0.0233666	-0.057878938	-0.005679111	0.043616656	0.03253378	0.01599489	0.038375843	0.03215057	-0.039283138	-0.038332697	0.04072353	0.0367665	-0.0018811002	-0.035588253	-0.005982639
0.08102109	-0.02914572	0.06992726	0.10709536	-0.06368515	0.08415558	-0.06561308	-0.070036516	0.11849833	0.062208727	-0.09900315	-0.08222693	0.039834872	0.116086766	0.039962135	-0.051661503
-0.0011698441	0.044327162	-0.029032605	-0.0565674	0.033051882	-0.035412434	0.07632227	0.03404245	-0.027708203	-0.09292695	0.005630941	0.04025318	-0.033926703	-0.051835943	-0.07226224	0.054203667
-0.0019597686	-0.0063352035	0.059683874	0.023983672	-0.044518594	0.04679011	-0.04393111	0.009473918	0.05550771	0.0006258354	-0.049609885	-0.062150862	0.031416062	0.033753064	0.053829834	-0.07803339
0.08536088	0.013117355	0.037799895	0.08149182	-0.026049118	0.0064946497	-0.011410871	-0.02247725	0.014430897	-0.003947694	-0.031822924	-0.040226277	8.997909e-05	0.0009336907	1.7768587e-05	-0.07175422
0.00418975	-0.025753867	-0.00019033178	0.016489696	-0.08376921	0.06497067	-0.074485116	-0.03412737	0.06447701	0.0295681	-0.014400934	-0.018501382	0.064531416	0.04846155	0.008939472	-0.06520973
-0.016265074	-0.005913835	0.00010531701	0.0045407126	0.05061131	-0.07895555	0.05410499	0.025177002	-0.09988289	-0.018452518	0.04225314	0.071615845	-0.010597653	-0.03642019	-0.07970406	0.0122892205
-0.07352161	0.112283625	-0.11856743	-0.07642677	0.12368281	-0.043034814	0.027850777	0.07382373	-0.08388026	-0.057925507	0.116482586	0.11103779	-0.095727935	-0.06700643	-0.046048384	0.12186449
0.10076603	-0.11707611	0.049784932	0.09150175	-0.06425003	0.13139264	-0.11831233	-0.04152366	0.15800877	0.07704384	-0.12072443	-0.13104084	0.12787	0.08665656	0.043724913	-0.058265563
0.020624071	-0.08413363	0.039779764	0.06606247	-0.08030053	0.05076236	-0.04887053	-0.04277059	0.041287597	0.072387055	-0.031009527	-0.004622335	0.08850299	0.044828694	0.069906965	-0.02748656
-0.0073690778	0.025318755	-0.025960691	0.00028466136	0.10437328	-0.071509644	0.08467884	0.09336694	-0.058581702	-0.067494206	0.033336144	0.0089300405	-0.071283974	-0.043047793	-0.08749085	0.024982322
-0.016033048	-0.012434181	0.028261388	-0.034062546	0.0012355419	-0.01955444	0.008476502	0.021163743	-0.022098264	-0.011807495	-0.007783267	-0.03462908	0.012318321	-0.024259776	-0.02027393	0.042012293
-0.092008226	0.03108821	-0.030453548	-0.036118172	0.037206784	-0.0028781893	0.053791717	0.045715135	-0.029074615	-0.082447305	0.0719936	0.07450177	-0.035638783	-0.06932324	-0.031700358	0.004213366
0.031584848	-0.018369522	-0.05764588	0.038389113	0.014319401	-0.0108693335	0.044345215	-0.019315593	-0.019713126	0.0008875797	0.0023650904	0.05187937	-0.05721815	0.0037193422	0.026529323	-0.027833447
0.02640964	-0.027088117	0.07031976	0.05362493	-0.02123548	-0.016982935	-0.0091786245	0.0014449189	0.044274345	0.048987556	-0.041199602	-0.054481424	-0.013162621	0.063900776	0.050802186	-0.03118059
0.059512876	-0.070320286	0.13945791	0.0571403	-0.11006761	0.10150531	-0.106445715	-0.05507701	0.080856256	0.08185087	-0.057684276	-0.11180363	0.09318185	0.11588366	0.068852834	-0.10634715
-0.027761104	-0.038265415	0.018545093	0.01164036	-0.0054935385	0.02617405	0.018316075	0.025555927	-0.026658382	0.034315143	0.03542266	-0.018474443	-0.026006378	-0.02593866	0.01390503	0.004643342
-0.078919545	0.04199376	-0.029230993	-0.03019159	0.038096964	-0.06043742	0.038195644	0.06699675	-0.033803303	-0.086629294	0.0054316837	0.065143526	-0.08949299	-0.030636765	-0.043561205	0.092634596
-0.07083536	0.06551596	-0.06636168	-0.09310462	0.11122242	-0.08027077	0.020619884	0.03940737	-0.15097572	-0.120987	0.11364773	0.03162215	-0.015332844	-0.048646934	-0.059605442	0.039864182
0.13149534	-0.12753199	0.069125526	0.09421231	-0.07210037	0.11770971	-0.06612391	-0.11062653	0.105273426	0.13558269	-0.061910633	-0.111505106	0.055909764	0.11757012	0.069392584	-0.07886563
0.08070193	-0.10059782	0.12511328	0.09803906	-0.081773326	0.050511662	-0.11828875	-0.093239576	0.07349381	0.058222216	-0.075844266	-0.058948938	0.047815878	0.14399365	0.13754013	-0.093912005
0.14751884	-0.054592147	0.06788484	0.10076847	-0.12542297	0.093605995	-0.08162375	-0.10152705	0.10146828	0.14961478	-0.092666976	-0.07947036	0.07304079	0.114585645	0.12361744	-0.08513924
-0.09916331	0.09696269	-0.043622494	-0.045013867	0.104129024	-0.064774215	0.00821261	0.08800374	-0.052816346	-0.10011219	0.08141185	0.014547187	-0.028802788	-0.027702631	-0.012677738	0.01248662
0.1148382	-0.10900534	0.1224566	0.10373038	-0.065518744	0.13305196	-0.053375814	-0.03870999	0.08972035	0.10605339	-0.059434913	-0.08984245	0.11649875	0.076381594	0.054723963	-0.10698675
0.008044547	0.013321877	-0.043014634	-0.010017429	-0.033204414	-0.04089304	0.007880786	0.021921093	-0.017273217	-0.008080449	0.006343366	0.029207436	-0.043782856	-0.033300694	-0.023782665	-0.0006535869
-0.017612414	0.026498895	-0.04566547	-0.008283229	-0.021328175	-0.011560938	-0.00018509815	0.019192964	-0.020875506	0.020958789	0.00891447	0.04240112	0.031592086	-0.004799577	0.04063531	0.022454388
0.013629567	-0.044124182	0.028352864	-0.024556791	0.04699642	-0.030909387	0.02220864	-0.038260896	0.023228768	-0.04014	-0.041416813	0.0006918811	-0.038765002	0.013045422	-0.035123635	-0.037369654
-0.05162313	0.056854106	-0.06170506	-0.042972013	0.10426538	-0.050707772	0.04944174	0.0625425	-0.11844153	-0.09209028	0.004097388	0.029635848	0.001864057	-0.0051366333	-0.069137655	0.031029902
0.032853168	-0.06296943	0.03784319	-0.017978996	-0.03265164	0.0062327012	-0.060174737	-0.06735121	0.046944696	0.0816842	-0.013777487	-0.05366694	0.056580696	0.023012016	-0.005096729	-0.018926917
0.032084085	-0.05291933	0.05880179	0.03513999	-0.06923021	0.068194464	-0.07687411	-0.0621193	0.006487489	0.044056162	-0.040426604	-0.033743702	-0.008323512	-0.010963762	0.008501272	-0.015987834
0.007880405	0.039339203	-0.05823002	0.03402519	0.0006652771	-0.023830736	-0.019946247	-0.0001986325	0.019953199	-0.030528754	-0.026927317	0.024202082	-0.011266995	-0.008739851	-0.043136097	0.036189135
0.111013986	-0.0908866	0.12500599	0.09344759	-0.08748071	0.0846034	-0.13781387	-0.08395358	0.15735172	0.11184427	-0.048964612	-0.13049671	0.08738082	0.083933406	0.074105486	-0.0805244
0.014311739	-0.018440533	0.004561765	0.077778585	-0.01118579	0.042904552	-0.061037887	-0.04272688	0.06716811	0.07327047	-0.02299918	0.00039776467	0.004135591	0.037211318	-0.019805757	-0.037353054
0.032415375	0.0055878395	0.0052825967	0.004960652	0.047881722	-0.025806611	0.013558298	0.02625672	0.039691374	0.039537754	0.01162099	0.05592377	0.03877104	-0.020192137	0.022356702	-0.011784507
0.009573608	-0.078082144	0.07700371	0.020346206	-0.039887074	0.015379627	-0.07205	-0.03962954	0.02506136	0.020555316	-0.046067234	-0.072135136	0.06695967	0.0302285	0.05709442	-0.026282512
-0.092402905	0.0076302877	-0.07468363	0.0002865261	0.068409555	-0.047626924	0.017237715	0.08821962	-0.015010594	-0.08355797	0.049483437	0.02839952	-0.014709586	-0.08813809	-0.035158396	0.07008157
-0.048959274	0.017208159	-0.039032765	-0.06244106	0.103324026	-0.013285924	0.007997732	0.05949544	-0.0783348	-0.034610458	0.01778339	0.0909338	-0.03632268	-0.01631343	-0.09091833	0.013205582
-0.07563326	0.052875936	-0.010732016	-0.0354663	0.09606932	-0.09426292	0.087565415	0.06878991	-0.05809294	-0.050515316	0.027221598	0.057744607	-0.079467356	-0.04342558	-0.039737947	0.0633784
0.12941787	-0.094710216	0.116545446	0.11275397	-0.11971122	0.0639194	-0.10739775	-0.11658684	0.09628849	0.07133649	-0.04303483	-0.07461669	0.06932192	0.039166186	0.039188582	-0.06496843
-0.024431169	0.05420469	-0.038846422	-0.086875595	0.031732604	-0.09450434	0.006286931	0.07480539	-0.055827267	-0.077741735	0.022258256	0.06131818	0.0049429736	-0.025065556	0.009975046	0.0045807697
-0.061981145	0.077165715	-0.048983682	-0.0009942539	0.076169245	-0.07822138	0.009720998	0.049984768	-0.06699248	-0.010159046	0.08638689	0.025152694	-0.07232595	-0.0004077899	0.0015127911	0.018635066
-0.05703804	0.07170564	-0.058804482	-0.02239282	-0.027043078	0.015713	0.012518423	0.04384962	-0.07097993	-0.09247296	-0.0008217292	0.050935227	0.021050261	0.0046570273	-0.011442311	0.068352655
-0.020947441	0.04286715	-0.012061257	-0.065334156	0.085124746	-0.004730963	-0.0012258511	0.00039933925	-0.04887242	-0.032512832	0.027372751	0.08963787	-0.028036073	-0.051613174	-0.0051856814	0.015079546
0.0074173356	-0.03428373	0.024779841	0.06790174	0.022123123	0.011919811	-0.036252882	0.00089119765	-0.027171938	0.035036758	0.017988672	-0.040013608	-0.0037098255	0.041195687	-0.021878805	0.019000348
0.11079708	-0.08702994	0.058624562	0.11185942	-0.07599859	0.13721521	-0.041522127	-0.13640913	0.093918785	0.15129468	-0.12756291	-0.09017023	0.12260938	0.102207825	0.086415075	-0.09917522
0.005352472	0.02629722	-0.019324224	-0.01122018	-0.029029371	0.028094018	0.0009580618	0.011069924	-0.04728577	0.018652758	-0.023771474	0.051299255	-0.010232252	-0.05292485	0.024413098	0.0009241079
-0.07886828	0.061604105	-0.0610576	-0.018674947	0.050232634	-0.10749469	0.05233345	0.040254705	-0.041269153	-0.11892611	0.09179351	0.09823433	-0.02537641	-0.073415354	-0.030086815	0.060653668
0.032267533	-0.03549162	-0.0016132786	0.0018043	-0.025555303	-0.019038165	0.01832333	0.037991162	-0.040764075	-0.014657923	-0.019909043	-0.019398531	-0.043693993	-0.0021167928	0.0376555	0.022161674
0.025726033	-0.03731546	0.03776586	-0.0053439788	-0.03157493	0.039514065	0.04704546	0.01773356	0.037657112	0.03469437	0.030057237	0.05530526	-0.039663788	-0.055407718	0.021678884	-0.006837684
-0.12806256	0.09155706	-0.10267617	-0.11536996	0.1333818	-0.028838532	0.07396741	0.023743447	-0.122310616	-0.074247375	0.03740134	0.044915747	-0.087639175	-0.12080815	-0.03917127	0.12198613
-0.0029201584	0.012214201	0.020617876	-0.053827643	0.04271932	-0.03207172	0.04471401	0.013437389	-0.046019193	0.024188483	-0.030787118	-0.002352305	-0.04436463	-0.014281376	-0.015497782	-0.030968307
-0.045515858	0.08698751	-0.017598275	-0.010161551	0.07790026	-0.06839007	0.053773463	0.054806907	-0.10526454	-0.04501054	0.080991976	0.08890667	-0.0334089	-0.065591276	-0.020042054	0.048383072
0.026672397	0.023320409	0.020471755	-0.035662785	0.027764253	0.026234146	0.05414098	0.05436279	-0.0413449	-0.03516754	0.0044418983	-0.016852172	-0.030174097	-0.044011083	0.012862863	0.03779724
0.009953245	-0.019078666	-0.04484221	-0.05435816	0.019579805	-0.022801151	0.005554943	-0.03716259	0.016805034	-0.008804538	-0.030195257	-0.019047443	-0.037403498	-0.010448579	0.03363332	-0.002965428
-0.0152604785	0.025445562	-0.013255615	-0.062218197	0.07902968	-0.09338917	0.01839628	0.0624652	-0.033426426	-0.016133204	0.02000661	0.018438626	-0.022660688	-0.08763704	-0.012314543	0.0063462355
-0.06695425	-0.0032038179	-0.033833914	-0.054376397	0.04594657	-0.08215306	0.021203982	0.03615646	0.009748826	-0.016229594	0.02871613	0.057763174	0.0026098196	-0.05023502	-0.0360216	-0.0004192419
0.07709412	-0.11678023	0.04236026	0.08170728	-0.13884239	0.12997097	-0.105233364	-0.09146546	0.06887055	0.12269798	-0.048740376	-0.04201621	0.10733494	0.10226283	0.031300835	-0.07203721
-0.037850782	-0.020187194	-0.006700885	0.04627541	-0.031406175	-0.029590469	0.017391043	-0.02646811	-0.04509303	0.04206471	0.01337515	0.055352826	0.005924862	0.027583007	-0.02684194	0.0133640515
-0.08469904	0.076625556	-0.026659967	-0.032127827	0.025764192	-0.09211767	0.006174932	0.03623739	-0.04957967	-0.08208149	0.083046995	0.06446081	-0.06531203	-0.031030292	-0.06256262	0.08679843
-0.13365641	0.07378602	-0.08419802	-0.039307922	0.05934222	-0.12555926	0.035491567	0.045419693	-0.11977849	-0.048045207	0.105092555	0.106992245	-0.0600507	-0.08867169	-0.08495604	0.036433015
-0.0052520344	0.02333382	-0.01601838	-0.052462555	-0.020639315	0.01894895	0.05121642	0.011617869	-0.04300639	0.0019215553	-0.02428372	-0.017086558	0.01761525	-0.05262603	-0.0060875905	0.0025295352
-0.038317535	0.08279349	-0.09521386	-0.041562874	0.018285798	-0.06101894	0.027102632	0.0078041703	-0.10128273	-0.016956812	0.01766302	0.0679462	-0.0021606607	-0.03321158	-0.025660582	0.061396055
-0.025554249	0.011726274	-0.057433955	-0.059222933	0.0869509	-0.07634579	0.03464603	0.08619818	-0.047917645	-0.07073771	0.012179679	0.054129712	-0.0635513	-0.042301953	-0.033977896	0.018065332
-0.030453831	0.094601154	-0.093674846	-0.023352627	0.018950986	-0.0071742693	0.07229628	0.049559213	-0.023334842	-0.09641071	0.05458887	0.038144056	-0.07471551	-0.02303239	-0.028572535	0.018298434
0.027026197	-0.03678939	0.035192706	-0.050787184	-0.015355061	-0.016698677	0.00973052	-0.04223346	-0.0033581736	-0.01731097	-0.012059374	0.018740674	0.032740597	-0.020114454	-0.0076883067	-0.0119272
0.08681506	0.011861847	0.040947493	0.057313785	-0.0052024554	0.043089435	0.014398685	-0.06933553	0.101862825	0.09117014	-0.0043959823	0.014788543	0.05434134	0.02241796	0.05662106	0.003687461
0.0949506	-0.07936627	0.09658273	0.050862964	-0.14005874	0.08080623	-0.089296825	-0.06661691	0.082181014	0.13055654	-0.08220293	-0.13327476	0.10539545	0.10679262	0.08489369	-0.09603828
0.048164506	-0.027258474	0.029146872	-0.0028540196	-0.060126144	-0.0017572392	-0.07492662	-0.07415087	0.032856226	-0.007731468	-0.046968754	-0.014593223	-0.0058049657	0.07855487	0.032650907	-0.038555115
0.07201139	-0.10046835	0.11722999	0.12888901	-0.14813375	0.12279265	-0.07944071	-0.13025095	0.14035907	0.15801814	-0.055408884	-0.052613027	0.09026832	0.11630098	0.089674	-0.10729293
0.060718834	-0.13059017	0.1280994	0.094899215	-0.045393534	0.056105874	-0.08417512	-0.12585661	0.115950055	0.14344582	-0.08690654	-0.08912673	0.07924208	0.06639738	0.10447181	-0.044131976
0.060211893	-0.048109677	0.07975232	0.07058914	-0.056211933	0.10622701	-0.048772667	-0.05842276	0.13896877	0.06400809	-0.057363	-0.046406444	0.047875453	0.058498293	0.051126897	-0.11688999
0.14172967	-0.048086416	0.08811096	0.056648523	-0.144082	0.11531535	-0.1312987	-0.06147483	0.10767018	0.101792865	-0.1267729	-0.10114328	0.051345203	0.04540529	0.07204286	-0.104282096
0.06763788	-0.0512345	0.067960516	0.004121887	-0.0063052545	0.072526656	-0.07186387	-0.0046763243	0.054041073	0.010318802	-0.025094628	-0.041988794	0.042537306	0.05922528	0.0016794555	-0.012398004
0.025311213	-0.0376156	0.0075180368	0.07324108	-0.06856133	0.011376124	-0.08077112	-0.057598107	0.051152725	0.02249668	-0.055248734	-0.047400143	0.0008669021	0.042599283	0.03820592	-0.019232938
0.01222258	-0.0113040535	0.032032702	-0.019410187	0.0060810912	0.016273277	0.049640562	-0.006097232	-0.036818318	-0.018988842	-0.02867691	0.006856715	-0.05440092	0.036104735	0.030605325	0.022801992
-0.019649116	-2.97706e-05	-0.010328476	-0.008551285	0.024677796	-0.04985262	0.0739866	-0.002071128	-0.023634985	-0.034430023	0.09153485	0.06381311	-0.014216007	-0.05570002	-0.009977712	0.028807223
0.045192707	-0.021719642	0.00485205	0.035922464	-0.021594219	0.056274448	-0.02119433	-0.06337405	0.013161027	0.05849232	-0.0042464603	-0.025645642	0.04182251	-0.016272228	0.017614854	-0.050268386
-0.032533124	0.0061091874	-0.030808706	-0.022364363	0.03382202	-0.047676068	-0.021714866	0.05379501	-0.013881712	0.010532699	-0.002862717	-0.012689702	-0.040221907	0.030832628	-0.04273605	-0.018936317
-0.12172328	0.056948867	-0.086654656	-0.02814779	0.11009058	-0.12027168	0.032334484	0.035982434	-0.092233494	-0.11274338	0.0209559	0.08158515	-0.066394046	-0.08787033	-0.03200117	0.030485561
0.13418967	-0.10685581	0.06868716	0.06846835	-0.09634189	0.10667083	-0.1290803	-0.09216867	0.15823504	0.121912144	-0.07091385	-0.035366423	0.12169628	0.12679514	0.07368368	-0.13613842
-0.09168453	0.072363384	-0.053521257	-0.049912676	0.07117813	-0.063174576	0.04589737	-5.1624025e-05	-0.048985	-0.072073504	-0.0008391652	0.06571957	0.006992708	-0.05280851	-0.02892182	0.07000573
-0.035573177	0.086134896	-0.0927587	-0.066147536	0.13987768	-0.08800715	0.054413162	0.10297142	-0.11108522	-0.05546776	0.07723275	0.028504198	-0.06361285	-0.10617874	-0.1056596	0.094194666
0.032457646	0.05612643	-0.02966477	-0.015876638	0.03317316	-0.04906103	0.005455635	0.042438455	-0.045900896	-0.0014097386	0.027775556	-0.008763711	0.005052893	-0.0073613515	-0.06338471	0.04927479
-0.066478	0.0804567	-0.08880206	-0.08900305	0.070582755	-0.060367595	0.08198684	0.07873039	-0.055376053	-0.08318232	0.0055869897	0.07424028	-0.032267816	-0.071658865	-0.053962786	0.078053184
0.024833811	0.05039075	-0.030419322	-0.042614534	-0.01800774	0.012737471	0.01568669	0.021886507	-0.01781576	-0.048511602	0.024311226	0.056810003	0.023959747	-0.055353004	0.03756182	-0.028734427
-0.025586324	-0.0009186027	-0.030792288	0.029391948	0.036837988	-0.027475886	-0.03732225	-0.034299992	-0.014876591	-0.034514412	0.038144518	-0.034236293	0.002071068	0.006503403	-0.019198664	0.0025600754
0.047510706	-0.018202443	0.04990746	0.042689778	-0.04336846	-0.011590323	-0.08065513	0.006730509	0.047852702	0.025709338	-0.06274116	0.0077018933	0.0077508935	0.036685906	0.06913774	0.0035988977
-0.010512959	-0.03743256	-0.002544115	0.021400595	-0.012326112	0.058830187	-0.03421945	-0.022913264	0.028566778	0.056807455	0.009277913	-0.0051684617	0.009897597	0.01901472	0.031922802	0.014036721
-0.004944996	-0.054542843	0.014029526	-0.0070607616	-0.087841675	0.031041106	-0.0059531596	-0.07832574	0.010861875	0.041426115	-0.045754164	-0.06433802	0.033035696	0.02824852	-0.011436642	-0.024248755
-0.07377179	0.09643638	-0.122905456	-0.056785718	0.055461258	-0.11757719	0.105576254	0.042417776	-0.045215193	-0.104079895	0.06593815	0.056562245	-0.11022305	-0.028853573	-0.024896426	0.12309311
0.08811525	-0.069178164	0.10755671	0.053163975	-0.07044099	0.093181334	-0.07126379	-0.080838114	0.08012125	0.110856056	-0.07940026	-0.116618864	0.11046611	0.09303868	0.09753741	-0.123128176
-0.047672506	0.053388473	0.034638878	0.01652407	-0.006097438	-0.031613786	0.035447363	0.043381583	0.025876664	0.03087029	0.05009917	-0.022815924	0.021466149	0.03179865	0.021499518	0.047196027
0.08457809	-0.072455585	0.0155682545	0.0426453	0.0018590578	0.042571742	0.0026291679	-0.048865773	0.0677067	0.08697523	-0.006529507	-0.0021857552	0.045609344	-0.00017883792	-0.012365909	-0.060024496
0.06251316	0.008278993	0.030418353	0.008994349	-0.0033961476	0.02070489	-0.029123113	-0.04554896	0.05124054	0.07102468	-0.026346287	0.01507182	-0.010719981	0.049739778	0.039282806	-0.07615818
-0.025486385	0.10436069	-0.09818944	-0.09676338	-0.012803991	-0.12600368	0.11561203	0.053658817	-0.078142256	-0.11294718	0.099248335	0.10521644	-0.08302297	-0.049211856	-0.057957117	0.06464293
0.06860218	-0.11790832	0.09477091	0.13080879	-0.057687625	0.08557239	-0.12062582	-0.08897318	0.1391684	0.08772958	-0.10320505	-0.06557629	0.07946011	0.067041345	0.1298425	-0.06654692
-0.1279061	0.09725888	-0.086418316	-0.05583223	0.123178504	-0.047928512	0.113771066	0.029125433	-0.14664935	-0.06947618	0.0897599	0.1002275	-0.07965939	-0.118667446	-0.04394275	0.08639291
0.031083798	-0.0283584	0.044752713	0.0071535767	-0.037668474	0.037914954	-0.015404118	-0.013914886	0.030328108	0.079653904	-0.043957815	-0.06887584	0.08090739	0.047685888	0.07219141	-0.0074616033
0.019515608	0.010836834	-0.008592287	0.05295781	0.009918847	0.047344938	0.0077235247	-0.080981456	0.09853515	0.024944264	-0.014130663	-0.07352955	0.02330281	-0.0009897836	0.074698746	-0.033288796
-0.09523426	0.07660728	-0.019989341	-0.022600766	0.091611624	-0.09681157	0.036798786	0.030432941	-0.0871727	-0.03474991	0.044358876	0.03744003	-0.010744221	-0.09180123	-0.07337086	4.7640708e-05
-0.07009373	0.07521094	-0.0922984	-0.06708433	0.042007625	-0.040850576	0.031587567	0.040046267	-0.08801042	-0.07412511	0.08644542	0.06929802	-0.081825346	-0.07433236	-0.009029191	0.018258726
0.12318935	-0.08997511	0.1318797	0.06488294	-0.13455912	0.11350466	-0.057237417	-0.104745045	0.13883264	0.08675655	-0.12574013	-0.09045138	0.12733825	0.06243613	0.1112935	-0.09324061
0.008659206	-0.016377252	0.017063264	-0.015491554	-0.023862937	0.07628371	-0.004808103	-0.03035019	0.02294899	0.02008459	0.016906083	-0.01741406	0.027514048	0.026320353	0.043710828	-0.079501316
0.052812222	-0.062189084	0.034005176	0.08683875	0.0121290935	0.077061504	-0.070934385	-0.048936218	-0.011040774	0.038885	-0.040170006	-0.027634228	0.003021963	0.05703013	0.023334635	-0.024102636
0.068354845	-0.051499076	0.09834741	0.0698815	-0.13175319	0.14103772	-0.08822892	-0.09803058	0.10482662	0.117604874	-0.10334458	-0.07424291	0.06999405	0.07230709	0.066123165	-0.12738013
-0.12206391	0.06750853	-0.03598324	-0.07866806	0.14298545	-0.09213211	0.059479613	0.037003726	-0.16898179	-0.11405995	0.06143855	0.084112056	-0.101404294	-0.12942044	-0.03702844	0.067316055
-0.09365877	0.1287379	-0.084592976	-0.11119789	0.13685659	-0.12557207	0.08204601	0.06619012	-0.14200646	-0.10072883	0.059151318	0.10669351	-0.08392703	-0.07128395	-0.091485195	0.0696702
-0.038826495	-0.034438998	0.019285822	-0.030651756	0.003407449	-0.058228508	-0.012221978	-0.02168497	-0.061940286	-0.03977716	0.018081868	0.011589736	-0.011685432	-0.04222009	-0.044431522	-0.0059214947
-0.08133414	0.046852473	-0.004179867	-0.05382943	0.049736984	-0.03877894	0.02815724	0.008137554	-0.011386149	-0.019268958	0.007204273	0.05564625	-0.055410117	-0.069885395	0.0058538755	0.08702927
-0.009188194	0.06499777	-0.06027903	-0.037452694	0.05238243	-0.051778913	0.021454826	0.06372135	-0.06809276	-0.10375118	0.052683968	0.022617618	-0.08210048	-0.027336316	-0.0683151	0.031094786
0.1282506	-0.09219797	0.13346423	0.04102421	-0.13923895	0.11171779	-0.1232872	-0.06826588	0.1386549	0.07422004	-0.044415724	-0.074747615	0.041347377	0.048671857	0.06181881	-0.059610467
-0.08860884	0.073686905	-0.07251134	-0.05925557	0.13805765	-0.13032249	0.080412336	0.03998127	-0.16168323	-0.10427226	0.028650943	0.06936649	-0.035901316	-0.0364665	-0.026773725	0.07815411
0.07778923	-0.0665613	0.05479656	0.11519224	-0.05954848	0.13409822	-0.10529059	-0.09971553	0.0894919	0.14504679	-0.11208517	-0.08841431	0.0804559	0.100534536	0.069180965	-0.066480085
0.031247072	0.060535837	-0.014759363	-0.0407224	0.066863626	0.012451858	0.020294828	0.04177551	-0.016779216	0.004389747	0.014208345	0.04732395	-0.0006079021	0.034213483	0.035591904	0.04511837
0.030116277	-0.077925995	0.034141827	0.015171534	-0.0067650243	0.036161482	-0.037924137	-0.057876598	0.042361036	0.05702004	0.013110998	-0.0013363652	0.07344375	-0.0035904835	0.077455945	-0.046992652
0.003560553	0.011943564	-0.011289714	0.008700011	0.044119056	-0.020739794	0.006910364	0.0381926	-0.02616288	-0.028974975	0.04874707	0.04398403	-0.036405787	-0.046022482	-0.026786499	0.026405992
0.07594878	-0.09900298	0.09789393	0.045380507	-0.12704308	0.101231776	-0.1036463	-0.11458423	0.103496894	0.1366909	-0.050556537	-0.10065232	0.059088845	0.13610063	0.06446566	-0.13633327
-0.011816344	-0.0017292695	-0.04541347	-0.032310694	0.10715182	-0.06866917	0.044374283	0.078229606	-0.10225058	-0.089864664	0.026914384	0.058780923	0.0072276415	-0.023496946	-0.033819307	0.07004807
-0.022368785	-0.047298297	-0.026641684	0.014285031	0.006743823	-0.0074170306	-0.030001206	0.044642117	0.041654725	-0.011623063	-0.06685319	-0.006466274	-0.008645705	0.03226579	0.009669411	-0.04152613
0.033022836	0.015838206	-0.053106576	-0.021398496	0.034888998	0.03415086	-0.015546106	-0.03132253	-0.030450081	-0.03902297	0.03520761	0.04402577	-0.042572785	-0.04680659	-0.051291376	-0.009424947
0.005783196	0.030436568	-0.02358785	0.02750873	-0.00691966	0.00043311814	-0.014552175	-0.03340978	0.024308752	-0.04940885	0.04962082	-0.0026654021	0.0053679403	-0.047559246	-0.0039997506	0.015055857
-0.038987737	0.045234703	-0.04476894	-0.019107517	0.051932756	-0.08605401	0.074790604	-0.0022432883	-0.10623452	-0.04956607	0.025894415	0.08663451	-0.04332601	-0.06371156	-0.06704546	0.07667164
-0.017504115	-0.039517224	-0.02430828	0.03686178	0.03776208	-0.035138413	0.058805387	0.05473629	0.022947898	0.014664061	0.048250955	0.011919151	-0.03557921	0.013494691	0.0072299987	-0.0032788676
-0.0661153	0.03660996	-0.035749972	-0.04905771	0.12507305	-0.045565747	0.089773215	0.12805796	-0.11992283	-0.099574305	0.05657147	0.052360695	-0.11279155	-0.11488619	-0.11651541	0.05928858
-0.00798496	0.021140294	-0.04000489	-0.0491946	0.007067589	0.022322116	0.050451912	-0.023489334	0.026013361	-0.021857971	-0.03175549	0.054103773	-0.05048025	0.019098189	-0.042546995	-0.021031702
-0.06461204	0.027518852	-0.014095575	-0.08987265	0.07406956	-0.07007848	0.044346124	0.02076755	-0.07483858	-0.0173156	0.060826056	0.040750872	-0.062362254	-0.053891104	-0.055463195	0.050733257
0.07175645	0.0035736351	0.0045511825	0.06436326	-0.0720859	0.07872505	0.006397045	-0.022686053	0.062463243	0.06646593	-0.039315823	-0.08056253	0.0055353004	0.032893885	0.017208453	-0.055259183
-0.083213665	0.10445849	-0.09491896	-0.118139975	0.08186962	-0.1104579	0.09096976	0.095436856	-0.13342817	-0.13640185	0.05414486	0.1062938	-0.09384433	-0.06124048	-0.071735784	0.09007006
-0.056579735	0.016866198	-0.08154695	-0.09467095	0.04563481	-0.019306058	0.030747294	0.04423599	-0.054572426	-0.039806973	0.08277968	0.08510499	-0.03043559	-0.01798053	-0.07871087	0.09749701
-0.09530517	0.006429	-0.05803419	-0.0062367027	0.08604468	-0.080338776	0.0590866	-0.0019965265	-0.040906936	-0.088233896	0.048079073	0.06287864	-0.041816715	-0.007035839	-0.0366322	0.022064164
-0.02359396	0.03832804	-0.07466718	-0.009859934	0.0858541	-0.0890648	0.04083798	0.02995938	-0.038152803	-0.04457871	0.07461147	0.03108272	-0.009264068	-0.01818746	-0.038868878	0.025899785
-0.062215496	0.00582164	-0.01660442	-0.0851988	0.02329927	-0.033993945	0.022711605	0.040136885	-0.02736749	-0.04763245	0.0819826	0.02638546	0.0050116805	-0.03279701	-0.048699006	0.04994151
0.032443747	-0.014993472	-0.0345025	0.004362976	0.030120708	0.021695284	-0.012272274	-0.03350366	-0.03092196	-0.049038276	0.0007554865	-0.017842855	-0.034636308	-0.033819675	-0.038831547	-0.014906406
0.07436481	-0.026805924	0.01851584	-0.013224799	-0.08209584	0.050365765	0.013291266	0.005564659	0.07550068	0.069830865	0.010400534	-0.012812088	-0.002742183	0.042309877	0.051172007	0.0028272925
0.0779505	-0.09678991	0.13004671	0.03788268	-0.09656659	0.06104434	-0.13077433	-0.051711526	0.1488247	0.14143017	-0.051532812	-0.073168926	0.113456525	0.10863338	0.05004061	-0.10552226
0.10238306	-0.05098802	0.05800277	0.12487088	-0.11066502	0.09985478	-0.13374235	-0.08940082	0.12883204	0.11936102	-0.076291405	-0.042417802	0.11495967	0.06511855	0.061184272	-0.076605864
-0.031859737	0.020994393	-0.039774068	-0.038472667	0.045277026	-0.05399185	0.023438372	-0.015179916	-0.043002076	0.021431431	-0.0020797488	-0.017533707	0.0039140508	-0.06431533	-0.03537312	0.04238129
-0.02326216	0.08312659	-0.033321824	-0.049219865	0.0024801176	-0.09094012	0.034654565	0.07496671	-0.10505001	-0.069660895	0.05531941	0.0423781	-0.060704466	-0.005452614	0.0007499391	0.044592857
0.08355803	-0.035028324	0.10012926	0.08802004	-0.06904146	0.051356535	-0.04823063	-0.07355108	0.08137005	0.11641888	-0.06041382	-0.07713724	0.063945346	0.06029891	0.026883863	-0.073785976
-0.030150427	0.02397753	-0.046937693	-0.0085565755	0.0403095	-0.03319923	-0.006106577	0.07718618	-0.04204995	-0.010599283	-0.012261496	0.05922064	-0.026758237	-0.06125898	-0.052695632	0.009812443
0.009875623	0.037527088	0.023399659	0.03174058	-0.010517777	0.025709372	0.010708436	-0.004297501	0.010785109	-0.01585575	0.01859854	0.03451417	-0.0025954472	0.033232354	-0.051580217	0.020052223
0.12650573	-0.055181935	0.028523572	0.04912132	-0.05374158	0.06500145	-0.12670161	-0.09700177	0.06687318	0.056146868	-0.07993721	-0.116537504	0.05676145	0.119368635	0.052075814	-0.11797349
0.10387079	-0.090654366	0.058597147	0.045348372	-0.08838695	0.124035776	-0.108864486	-0.049717233	0.07912281	0.05317364	-0.035768256	-0.12486365	0.08375752	0.07382342	0.03976512	-0.13704304
-0.07587061	0.0110344505	0.0146384295	-0.07780081	-0.0018078971	0.016607277	0.07322783	0.021261992	-0.04215133	-0.06277597	0.07232607	0.0143847205	0.018692495	-0.022728067	-0.02607777	0.028006144
0.018495321	-0.055499054	0.012320485	-0.008871063	0.018874241	0.059142236	0.027155574	-0.0074437754	0.07209336	0.0008975093	0.010316503	-0.039235014	0.048485305	0.037153963	0.024531275	-0.021866033
-0.038678832	0.047527682	-0.08256403	0.010540959	-0.0065974365	0.005277269	-0.005007277	0.024728155	-0.079988085	-0.020597214	0.0567331	0.046903946	0.00951651	-0.013035896	-0.034812994	0.01414572
-0.06559701	0.06270689	-0.07974832	-0.07814668	0.026661033	-0.0567291	0.02002357	0.02072816	-0.098311976	-0.013948522	0.006711033	0.046525806	-0.043403096	0.013457259	-0.04284276	0.084651165
0.062331963	-0.051212825	0.02247936	0.03326524	-0.067194425	0.08895677	-0.10452741	-0.11827107	0.06385916	0.13081656	-0.08124351	-0.043143712	0.032076556	0.063215055	0.11443809	-0.06251994
-0.10755813	0.09153934	-0.1001029	-0.08841222	0.09872138	-0.10717187	0.057257105	0.09568113	-0.10284295	-0.11437341	0.098316245	0.10058494	-0.026931582	-0.039924525	-0.0321315	0.109183684
-0.024086326	0.019248128	0.018998247	0.02930536	-0.017262274	-0.0012693035	-0.033278253	-0.0037979793	-0.01528327	-0.017854534	-0.028928256	0.019200582	-0.03641392	-0.024520695	0.05531598	-0.052034177
-0.0663706	0.07141423	-0.05034846	-0.04551363	0.04878323	-0.046956822	0.063145585	0.11012097	-0.15552521	-0.06439062	0.025791261	0.07163589	-0.011729161	-0.04016852	-0.019936869	0.07315615
0.080656916	-0.008032764	0.038589176	0.033770945	-0.07574891	0.05178773	-0.087526366	-0.09125416	0.097495906	0.1136562	-0.04658462	-0.09692502	0.007107946	0.04293171	0.051480614	-0.10308183
-0.02560188	-0.007184551	0.043523602	-0.026018752	0.012566714	0.0005853068	-0.0006328933	-0.025652282	0.06926444	0.05991341	-0.043223765	0.03517567	0.024946723	0.047147106	-0.031524498	-0.043119714
0.057213478	-0.115548775	0.0802273	0.034597166	-0.10498885	0.03958067	-0.048374712	-0.0473276	0.10481232	0.08612454	-0.055133868	-0.11413402	0.104349256	0.08869428	0.117992386	-0.06867977
0.010934795	0.02264761	-0.038285706	0.008692801	0.046353646	-0.054336045	0.019581517	0.039929863	-0.05074297	-0.06895758	-0.0046629803	0.003239304	-0.03189957	-0.025403148	-0.00038427167	0.023633642
0.08568115	-0.08851474	0.10088855	0.068212785	-0.08782761	0.072120406	-0.067175515	-0.04477198	0.087302096	0.075247034	-0.10876722	-0.07401672	0.08499026	0.0594041	0.12210594	-0.107422516
0.06826803	-0.026463784	0.06321283	0.04700057	-0.06412135	0.122627236	-0.021839675	-0.08974312	0.1318711	0.1282127	-0.055004798	-0.025287153	0.030478809	0.11900046	0.03407408	-0.051958777
0.0553315	0.009723505	-0.017322274	-0.008265551	-0.07604984	0.013182095	-0.018612044	-0.024878612	0.035906274	0.018883152	-0.031182718	-0.051217895	0.02131088	-0.021138472	0.050304316	0.018739562
-0.04084834	0.062265515	-0.056740873	-0.0356506	0.011167551	-0.069430955	0.054427654	0.030403165	-0.06927349	-0.05088328	0.07149107	0.02819989	0.014191789	-0.074520305	-0.00556529	0.05036293
-0.013650938	0.05913808	-0.03867781	-0.07139967	0.06278042	-0.054258827	0.01151404	0.023863735	-0.040812317	0.012478267	0.011356908	-0.005831461	0.0055368203	-0.028999964	-0.037502903	0.06745361
0.06039761	-0.04577159	-0.0038190675	-0.024849113	-0.015657086	0.02092661	-0.046589598	-0.04290746	0.04071088	0.04563669	-0.059413563	-0.034062237	0.0337174	0.059658557	0.05479582	-0.056746807
0.020755941	0.010269975	0.030503199	-0.010740829	-0.017148763	0.037569027	-0.021172557	-0.060553778	-0.012801396	-0.03057001	0.024986157	-0.029320331	0.04931407	0.06149436	0.047548264	0.014978819
0.038082086	-0.0038949023	-0.015835958	0.06148377	-0.04199174	0.057370998	-0.04837916	-0.04274899	0.026019562	-0.018459003	-0.048402973	0.024857152	0.0033973649	-0.029290818	0.045569796	-0.027554503
0.048045903	-0.018350821	-0.028396407	0.033215474	-0.012684322	0.014490227	-0.058851402	-0.05388268	-0.017604422	0.003012584	-0.034312725	-0.062214468	-0.0002821096	0.056861408	0.019993244	-0.018490225
0.11643502	-0.06607192	0.112935394	0.10734909	-0.045408215	0.03700452	-0.0771894	-0.08982777	0.11782474	0.12470884	-0.033516195	-0.047709253	0.07113731	0.044771884	0.06651217	-0.030836051
-0.0041907975	0.010867256	0.052250568	0.046627577	-0.020845994	0.06093357	0.026581414	0.024742696	0.062414356	0.045412872	-0.029706776	-0.008591776	0.053279962	-0.03201324	0.04725534	-0.004708061
0.028110815	0.028864255	-0.018006513	-0.0213594	-0.059011396	0.024761032	-0.059005197	-0.016463982	0.021434888	0.035659414	-0.0069077965	-0.036599156	0.032101844	-0.0012607721	-0.025301963	-0.020290961
0.05472779	-0.026700158	0.015001327	0.030880498	0.0153520545	0.014876498	-0.0035220806	0.034650974	0.006246789	-0.0037103854	-0.035818253	0.0021707097	0.036859058	0.011093515	0.006491624	0.007767249
0.060892664	-0.081793785	0.033158828	0.057914335	-0.075241484	0.113504924	-0.036647357	-0.104449615	0.08155871	0.04455665	-0.066213325	-0.12322006	0.06926104	0.10656829	0.09003302	-0.04389713
0.048764233	-0.026050756	0.08634867	0.026457926	-0.10835237	0.10349144	-0.06985539	-0.10186539	0.13972081	0.10148149	-0.062040094	-0.11719535	0.11726995	0.08593213	0.03898326	-0.07475801
0.033916418	-0.06302918	0.09606859	0.0758413	-0.051567607	0.05117101	-0.038372308	-0.04542842	0.066471934	0.054998666	-0.06240526	-0.04193356	0.09460829	0.11623431	0.05936539	-0.08062822
-0.015873473	0.0144849615	-0.01854755	-0.04930121	0.020824097	-0.02811045	0.053607576	0.02714462	-0.017641554	-0.027019357	0.04289672	0.02698058	-0.056018595	-0.07572839	-0.056312207	0.0018955049
0.08510055	-0.106399365	0.1149168	0.096354246	-0.059366655	0.06752648	-0.107632525	-0.11896114	0.104954034	0.114670105	-0.06325553	-0.030551475	0.062607646	0.03614195	0.060852833	-0.046078008
0.003564773	0.06199045	-0.037622612	-0.072251275	0.013307225	-0.07906898	0.077971675	0.03495323	-0.020360162	-0.043575548	0.06602037	0.0399351	0.014823536	-0.05681635	0.015568288	0.060441058
-0.019344322	-0.05292091	-0.0055013113	0.029274857	-0.06715697	0.028036121	-0.04451121	-0.058502503	0.0033294146	0.018528624	-0.016195685	-0.0056398404	0.056293644	0.03702465	0.040918007	-0.009844432
-0.059417807	0.051997647	0.0180932	-0.05173114	0.01515549	-0.013520444	0.004056635	0.073037535	-0.08709723	-0.08118678	0.038949188	0.020880608	-0.058717377	-0.020227185	0.01843045	0.0111151
-0.007855297	0.015675433	0.037612703	0.041158807	-0.053909983	0.051715896	-0.018153468	-0.046933856	0.046303302	-0.00088787137	-0.02715879	-0.045838024	-0.01711997	0.0005999884	0.023191832	-0.05691961
-0.029746346	-0.057199135	-0.027577555	-0.030295556	-0.01839114	-0.006415459	-0.0318383	-0.015044603	-0.021345936	0.06215494	-0.038002104	-0.054260563	0.0037474572	0.015213913	-0.018422334	-0.007968921
-0.021299243	-0.0044082184	0.0028237246	0.025814233	-0.05527767	-0.0040795202	0.019934097	-0.010059555	-0.002299787	-0.008387014	-0.05451326	-0.06009216	0.039873913	0.05268028	0.020166816	0.0012331277
0.017118951	-0.037247084	0.00067697285	0.052566342	0.02329289	-0.010930052	0.0283359	-0.03288871	0.038175337	-0.031708997	-0.027630206	0.002492505	-0.010227919	0.010251966	0.00705653	0.030223286
0.0010657705	-0.06372645	-0.0056920093	-0.020434676	-0.038438145	0.0019142606	-0.04649649	0.015840054	0.06160643	0.009372778	-0.019643953	0.006930288	-0.0038911272	-0.015967092	0.05431331	0.01866652
0.07245459	-0.061261196	0.07281588	0.054461416	-0.051596273	0.09570584	-0.07977565	-0.10876649	0.09005751	0.0796173	-0.11713311	-0.11419323	0.11237448	0.10406769	0.11762088	-0.065685324
0.037821945	0.0018802552	0.022198737	0.062603414	0.025408281	-0.022766095	0.023798328	-0.046298362	0.057977982	-0.000644122	0.025827313	-0.04080538	0.04907525	0.058736883	0.06144559	0.0033481594
0.10273988	-0.09573338	0.06885325	0.08781407	-0.10412335	0.096432194	-0.12130016	-0.03986973	0.04465457	0.098457046	-0.06899954	-0.056740783	0.070484646	0.11056353	0.047845334	-0.09940778
0.13059942	-0.10020362	0.06978628	0.045488533	-0.10570951	0.032901444	-0.054195587	-0.114112385	0.10599518	0.063295126	-0.073741	-0.084173486	0.031353433	0.03375364	0.07841634	-0.063123204
0.105177864	-0.03870252	0.06102756	0.033033885	-0.11538749	0.12175303	-0.117561094	-0.07859154	0.06893773	0.13888252	-0.035371955	-0.039463084	0.05687202	0.08354561	0.09322294	-0.046082232
0.0006235424	-0.007593784	-0.07707941	-0.043528073	0.08421223	-0.08539026	0.05154522	0.06066086	-0.08287192	-0.042064037	0.009775728	0.03893464	-0.056492683	-0.07390823	-0.08199219	0.029703623
-0.09633361	0.045567226	-0.08584454	-0.03871293	0.07667425	-0.06099016	0.038727544	0.07348526	-0.059504084	-0.084279746	0.040198997	0.091884375	-0.023926547	-0.11473459	-0.105764344	0.083920345
-0.103623934	0.068414204	-0.10717082	-0.08725505	-0.009161136	-0.10895729	0.03480025	0.05394033	0.0012203382	-0.12347531	0.030823197	0.038977854	-0.04609561	-0.03283342	-0.04313557	0.06543614
0.011324005	-0.009772166	-0.07135475	-0.03661156	0.021854868	-0.050758872	-0.018794877	0.0011955361	-0.0047190757	0.006308541	-0.010908367	-0.021905536	-0.06251393	0.018689606	-0.023206374	0.03011351
0.09195525	-0.09396274	0.07379802	0.1224985	-0.06982875	0.10852857	-0.12183914	-0.10745146	0.07232643	0.12107405	-0.04086141	-0.04290889	0.062449362	0.035392743	0.07618901	-0.116801284
0.013376625	0.015651694	-0.054459665	-0.008110127	0.010492763	-0.011127461	0.06796659	-0.024768587	-0.051749643	-0.00938513	0.031706825	0.05017656	-0.034254305	-0.02803239	-0.0058479225	0.0046379454
-0.05523376	-0.00489196	-0.015876856	-0.037700973	0.020146204	-0.026031837	0.057402577	0.058516715	-0.028094903	-0.04138047	0.029233787	0.07239092	0.003033842	0.016573604	-0.009137779	0.06371649
0.051269446	0.006110548	0.05361363	-0.01969249	0.028467515	0.023190392	-0.009914215	0.011663838	0.04277096	0.046378966	0.010833239	0.011450191	-0.013035491	0.017827766	0.059444524	-0.039269112
0.021555535	0.04375412	-0.039586943	-0.009739147	-0.029033711	-0.062105376	0.047787268	0.029456252	0.015092006	-0.05645197	0.06432752	0.03953411	-0.017990183	-0.025893312	-0.057499424	-0.018035
-0.008850922	0.023312483	-0.04169619	0.0034628375	0.009840284	0.00020948114	-0.02469132	-0.0028342977	0.032490946	0.028249202	0.029056776	0.03677516	0.031233931	0.021221373	0.044928543	-0.0007756559
0.0151206935	-0.0034996797	0.002430781	0.038154967	-0.018001955	0.011042113	0.038443726	0.0014817857	-0.051974896	0.00632829	-0.008609916	-0.022005677	0.022929244	0.035571467	0.03385976	0.033708945
0.057044826	-0.01715283	0.06320761	-0.003115851	-0.010807986	-0.0034502852	0.02687496	0.026256872	-0.020531982	-0.010050424	0.02929628	-0.0269043	-0.026039196	0.0041589094	0.005495245	-0.054627087
0.026446782	0.015602161	0.068499416	-0.020582443	-0.036088012	-0.008602711	-0.013594805	-0.056460265	0.020771476	0.06221651	-0.021101091	-0.0510955	0.0392297	-0.009918173	0.017764593	0.026988132
-0.0463677	0.03221731	-0.050349645	-0.0039731893	-0.008011005	0.013651714	0.028316382	-0.005391076	-0.054508656	-0.05723826	0.021567896	0.03240686	-0.01015858	-0.056985784	-0.059724636	-0.019898433
0.013135904	-0.008334859	0.0691805	0.04452737	-0.058154747	0.018897973	-0.02699117	-0.03555624	0.039313916	-0.01825442	0.005755948	-0.0059061735	0.028178448	0.047204655	-0.014444239	0.014032388
-0.06573915	0.017272908	-0.052962728	-0.05357913	0.09488543	-0.10930168	0.09520055	0.007828939	-0.107680626	-0.059660025	0.06073997	0.054803975	-0.03885581	-0.010134187	-0.030421363	0.07142695
-0.100419484	0.100928545	-0.01958543	-0.08119501	0.02380275	-0.09233428	0.07337371	0.031996608	-0.040235773	-0.076848954	0.100995705	0.07166027	-0.02112086	-0.021215381	-0.027402462	0.06546032
0.05478998	-0.009637205	-0.0011871138	0.010708785	-0.00948511	0.0036968119	-0.044330224	-0.026490545	-0.025359005	-0.030798037	-0.047582116	-0.0026332731	0.00010456657	-0.030604448	-0.016122373	0.012142126
0.053330388	-0.036076367	0.025843075	0.051743437	-0.03866249	-0.0059748674	0.03167183	-0.018823054	0.0012930202	0.03845868	-0.018985877	0.010443732	-0.02517718	-0.027486572	0.012135466	-0.05659807
-0.027117487	-0.0426022	0.015737206	0.047816142	-0.04110963	0.067382194	-0.018405026	-0.010822737	0.031958014	0.015058907	-0.05129448	-0.042095635	0.014421929	0.0039351857	-0.0095536	0.006445427
-0.063226104	-0.016512888	0.006666639	0.0007654206	-0.008439047	-0.018493898	-0.0060718833	0.05309844	0.009984232	0.010934579	0.017926903	0.022446165	0.015547877	-0.013686725	-0.019813607	0.06589045
0.03255647	-0.063720375	-0.030120369	0.0006575072	0.020803874	-0.0064772232	-0.043296322	-0.012561928	0.047741324	0.04275334	-0.029311862	-0.04783433	0.050528392	-0.0015188688	-0.0037002899	-0.024286374
-0.0125926165	-0.028677406	0.03944218	-0.0114411125	-0.021311115	-0.037879676	0.031674355	-0.008484662	-0.033461522	-0.0027808994	0.017410235	-0.038266443	-0.0118184285	-0.037127137	-0.028538147	-0.02264752
0.09186669	-0.07918369	0.102708206	0.12146156	-0.08611642	0.117532685	-0.060406577	-0.10120191	0.10515588	0.1422482	-0.09928537	-0.096991025	0.060318723	0.11060572	0.04931169	-0.08883995
0.04638858	-0.07789508	0.10459989	0.04695411	-0.03619138	0.06127312	-0.08311797	-0.056868196	0.13021252	0.13718003	-0.09613274	-0.056806892	0.022239923	0.0347177	0.051695812	-0.06960847
0.08585407	-0.059266992	0.11743665	0.07851805	-0.10175314	0.059724472	-0.104932174	-0.0581362	0.1344166	0.04724622	-0.102511175	-0.083781786	0.05299119	0.11317221	0.05614583	-0.071051635
-0.014124992	0.025146684	-0.019114496	-0.037828267	0.054580275	-0.05038172	0.059199307	0.0054682763	-0.04749417	-0.07008837	0.05796599	0.042330924	0.016342279	-0.07519558	-0.03712737	0.011855824
0.1265994	-0.05357491	0.09090596	0.1249246	-0.12241318	0.055638168	-0.03590364	-0.054075498	0.072211854	0.095651135	-0.12721942	-0.10369581	0.080931194	0.13251501	0.05282648	-0.1337081
0.07394242	-0.097520396	0.034501202	0.065511405	-0.12398363	0.059969865	-0.11102112	-0.053061515	0.112257935	0.09168953	-0.07440365	-0.029702602	0.09699035	0.13109218	0.09173864	-0.067870274
-0.07389214	0.05390932	-0.0976839	-0.038002893	0.11454409	-0.03603386	0.026906474	0.06826042	-0.06312876	-0.020890774	0.015738044	0.08526766	-0.027441615	-0.030086618	-0.048370156	0.044351757
0.116649695	-0.10449712	0.083818875	0.08399533	-0.11063829	0.063246086	-0.05892151	-0.11832868	0.12546015	0.13905586	-0.05118375	-0.041210715	0.10473988	0.11974122	0.08882826	-0.042328604
0.05857913	-0.022544598	0.117392205	0.03164028	-0.103770375	0.072945036	-0.03393139	-0.079957224	0.05449067	0.11471087	-0.08044886	-0.09987738	0.06602038	0.12151628	0.08544655	-0.07377912
0.015068947	0.03045715	0.010636544	0.053655073	0.022114662	0.064250685	-0.031489324	-0.032957535	0.023198152	0.022336949	-0.019984148	0.002670587	-0.0035541814	0.036093976	-0.030267363	0.014289511
0.035428017	-0.030922264	0.022680493	0.057514325	0.0055476865	0.019243408	-0.056622427	-0.059534993	0.036538336	0.04464912	-0.036363177	-0.017455444	0.004322121	0.0142251	0.06052657	0.019052314
0.054206263	-0.0027138991	0.028515225	-0.027756747	-0.06486246	0.015243342	0.018339222	-0.034888685	0.05224281	-0.018802328	0.0105659645	-0.011496838	0.026741987	0.017657481	-0.02754132	-0.010609395
-0.021295212	0.0019455095	0.05996223	0.023272587	0.024800051	0.038522452	-0.004444262	-0.008649065	-0.01577421	0.026545363	-0.025903476	0.03399145	0.025478251	0.01961069	0.036501605	-0.015162719
-0.049631577	0.11853202	-0.102200285	-0.07855357	0.1033886	-0.060082454	0.023490252	0.084744126	-0.08973105	-0.10546261	0.047453746	0.057053097	-0.104700565	-0.047046196	-0.039108373	0.07649991
0.051714927	-0.05097215	0.04347403	0.015937865	-0.06535746	0.022459967	-0.039726082	-0.044013944	0.04147291	-0.00091830274	0.015006103	-0.061986487	0.055320654	0.035116203	-0.0057243207	-0.02779894
-0.047653716	0.059935324	-0.04528677	-0.010022962	-0.0041148784	-0.041057315	0.041085478	0.010615114	-0.077599004	-0.03150212	0.031548698	0.03017823	0.0022508528	-0.046561364	-0.05800678	0.018111056
0.0075309556	0.029021788	0.0042244215	-0.050827336	0.054219525	-0.07562401	0.000585846	0.0039306236	-0.04656698	0.0030107098	-0.0011532338	-0.0026370005	-0.04985883	-0.009503164	-0.07599647	0.008499762
0.055197865	-0.08746947	0.029641997	0.12442427	-0.069669224	0.076871544	-0.10644615	-0.10070633	0.10744276	0.14491935	-0.055866066	-0.037099045	0.11436626	0.09771387	0.111194	-0.118612036
0.009622406	-0.064787	0.0067916024	0.0373537	-0.06238686	-0.011752698	-0.008513226	0.028520962	0.05065256	-0.0048048995	-0.06246771	0.01643318	0.062178355	-0.030710539	0.062490642	-0.026565254
0.119563766	-0.121268615	0.12635364	0.06715158	-0.05685283	0.09474335	-0.09174338	-0.028206922	0.109806545	0.04480181	-0.0719335	-0.091859944	0.07935112	0.043298293	0.07755164	-0.098808214
0.07609494	-0.057570383	0.118033394	0.045187257	-0.09510961	0.09288117	-0.033724643	-0.08675039	0.122740716	0.11222714	-0.09602039	-0.04483718	0.09367019	0.110877305	0.10301337	-0.0718637
0.10404085	-0.064018175	0.08087117	0.037882715	-0.051767718	0.11402676	-0.030977499	-0.073025025	0.077041425	0.08074095	-0.07347151	-0.07193205	0.08127297	0.10138143	0.099108905	-0.060162008
0.028097842	-0.014385116	-0.031283382	0.00040191645	-0.013402698	-0.019551013	-0.04892809	-0.027502988	0.05800576	0.0106242085	-0.053204462	0.010501671	0.01792723	-0.021464394	0.037782002	-0.010275012
-0.04012406	0.059414215	-0.11046254	-0.019688515	0.121791095	-0.09750401	0.08761875	0.08045666	-0.14352733	-0.10495351	0.101748705	0.08052591	-0.075508505	-0.025480906	-0.0843161	0.06559812
-0.028939541	-0.005865307	-0.012216748	-0.006214569	-0.07111861	0.03990614	-0.0582291	-0.048831925	-0.005728885	0.016825324	-0.037580594	-0.03293513	0.05015595	0.008330926	-0.027876673	-0.004924726
-0.120478295	0.036746442	-0.046177015	-0.06983109	0.081488386	-0.030090377	0.037173122	0.022455035	-0.09789981	-0.11452736	0.10905232	0.025402049	-0.07796433	-0.08158736	-0.09037186	0.08841676
-0.12121141	0.077364504	-0.104981676	-0.06458515	0.12588018	-0.1044949	0.10467672	0.027952438	-0.13509934	-0.13309291	0.108547375	0.066956684	-0.08579958	-0.080744594	-0.044859517	0.025735654
0.03999229	-0.0820687	0.08944685	0.1094926	-0.06337914	0.076168224	-0.03785841	-0.04642918	0.04947643	0.043418948	-0.10956123	-0.0753683	0.04557035	0.11677799	0.037101857	-0.04258643
0.05121841	0.011664834	-0.006475418	-0.020815885	0.009479051	0.011200133	-0.03382115	-0.056683674	0.05819613	0.059868213	-0.07103688	-0.020694729	0.02823817	0.0566662	0.04694456	-0.06952749
0.04305784	-0.024127623	0.062556885	0.06340848	0.01564921	0.04489184	0.010776412	0.021682763	0.006752647	0.009517235	-0.040917132	-0.056490283	-0.018456863	0.015484837	0.030680468	-0.04419412
0.0020241227	-0.023251504	-0.061524514	0.0014888351	-0.025355535	-0.049722616	0.043017585	0.02076468	-0.005789186	0.0041035092	-0.0044471133	0.009611537	0.028158952	-0.0022000705	-0.01670376	0.02805794
0.008878014	0.058264777	-0.0039500655	0.017096974	-0.016538871	0.016692411	0.006173233	0.040612116	-0.072444834	-0.04714601	-0.016193742	0.030057488	-0.0056445473	-0.07008961	0.022119379	-0.024482973
-0.05683794	0.064801335	-0.007466828	-0.07257869	0.034469187	0.027047873	0.014215643	0.038922142	-0.029328773	-0.0048206225	0.029733066	0.015268946	-0.010220613	0.0050317924	0.009669164	0.063493595
-0.0023154726	0.012204062	-0.051208608	-0.049889427	0.07966741	-0.0794332	-0.011525619	0.07714208	-0.06455791	-0.033121962	0.009677238	0.06510237	-0.04439584	-0.06646298	-0.043533094	0.015671933
0.050053995	0.036879953	0.026790813	0.0020485283	-0.013354617	0.02988844	0.0013822675	0.019689828	-0.025629723	0.020631451	-0.051134195	-0.044632595	-0.028967613	0.0061519607	0.02923805	-0.03978655
0.1275466	-0.07948047	0.0423842	0.03939516	-0.092274204	0.11415434	-0.101466365	-0.048784874	0.11227122	0.13513495	-0.10849811	-0.103574544	0.095423974	0.07938795	0.029066494	-0.06792206
0.007063576	0.022107797	-0.04032213	0.0124488035	0.063462205	-0.05725882	0.0540071	0.07673079	0.00644312	0.01380568	0.04187255	0.05161829	-0.0020157953	0.019144477	-0.026128735	0.07218803
-0.013734229	0.0127738	0.0071788733	0.027216814	-0.06667892	-0.009078447	0.026598986	-0.005011794	0.04442016	0.035438385	-0.05533412	-0.0074741193	0.061127137	0.05502637	0.0035160726	-0.042351834
-0.02654516	0.021078119	0.03190262	0.0035846168	0.010971237	-0.0014694028	0.019406043	-0.041948058	-0.01622967	-0.026435487	-0.023919478	-0.011470257	-0.020814069	0.05969759	0.019224303	0.028382102
0.11506878	-0.11840991	0.06736056	0.068014845	-0.123012304	0.03541396	-0.0727919	-0.12545393	0.08745123	0.070929475	-0.09213987	-0.111531466	0.09850961	0.045343146	0.113744184	-0.05495064
0.05364867	-0.06521843	0.02140461	0.009731458	-0.0561192	0.061358657	-0.060089145	0.026532032	0.042876337	0.044283655	-0.0032262667	-0.014226194	-0.03376095	0.033029918	0.03282047	-0.018499292
0.0020755425	0.021098347	-0.057060074	-0.0035754237	0.086736634	-0.011486184	0.07987874	0.024513844	-0.04699391	-0.015908774	0.023492066	-0.011286124	0.02203514	-0.014206542	-0.020495897	0.014384221
0.0296579	-0.018577537	0.023979641	-0.005669491	0.028130788	-0.015221767	0.0041591986	-0.043810785	0.06325844	-0.0048704436	-0.01726273	0.0029114545	0.03992272	0.03563808	0.0025344545	-0.026556453
0.008167094	0.022406958	-0.028659657	-0.042275958	-0.050916534	-0.027588587	0.0014799474	0.056919232	-0.003230494	-0.043833155	0.029450595	-0.0026636305	-0.0053661405	-0.050141115	0.0105928285	-0.032232683
-0.026097365	-0.038055364	0.025850518	-0.025084386	-0.057248376	0.052207787	-0.055874854	-0.06208156	0.081688754	0.051357985	0.029563041	-0.04480291	-0.017679092	-0.00575611	0.018850787	-0.06465486
0.114663124	-0.12182742	0.0275102	0.06985028	-0.07650637	0.039041616	-0.07725002	-0.05294113	0.12890245	0.10091839	-0.081028186	-0.031190304	0.12193638	0.061063442	0.12244526	-0.049972087
-0.008691256	-0.054593183	0.0453415	0.02719247	-0.03251855	-0.01932733	-0.052303653	-0.021075655	0.022598242	0.064532325	0.011310508	0.030140935	0.06400131	0.054970067	0.029046627	-0.002622351
-0.07002979	0.040535342	-0.025823921	-0.046557404	0.0638416	0.0071644904	0.031576976	-0.00047262805	-0.030393584	-0.013891693	0.06755701	-0.010063641	-0.029483795	-0.056007493	-0.027895236	0.02495819
0.036049213	-0.045642033	0.045820236	-0.0042364406	-0.024003714	0.048881155	-0.023970364	-0.057939067	-0.009147637	-0.0036768808	-0.012629481	-0.060387503	0.004009593	0.0026744632	0.043618526	-0.023354467
0.00117843	-0.0339248	0.006833293	-0.021787252	-0.033751603	0.021126168	0.032178707	-0.034814738	0.055807706	-0.008553016	-0.028873315	-0.051933423	0.023189675	-0.02432235	0.026444003	-0.0135557335
0.0130673675	0.031483542	-0.03015268	-0.02617368	0.02279338	0.023556434	0.066957995	-0.00040360398	-0.029793603	-0.04180759	0.03687961	0.05880738	-0.028474653	-0.057548877	-0.038322937	-0.011924791
0.13508905	-0.07273031	0.05041505	0.03838493	-0.11086094	0.040393014	-0.08438791	-0.09108556	0.14306241	0.102613665	-0.11460135	-0.06767386	0.029206732	0.049540803	0.030928677	-0.07998796
-0.017117208	0.061513733	-0.036188327	-0.06422597	0.056628734	-0.033776756	-0.025347736	0.05601162	0.0068101995	-0.0059160395	0.06353873	-0.024529735	0.011996517	-0.063730516	-0.015692893	-0.014042702
0.034393996	-0.006177782	0.025181765	0.024146633	-0.01101179	0.021656036	-0.061176836	-0.020152584	0.071782775	0.03044184	0.015581317	-0.06435558	0.06222787	0.036768187	-0.006020313	-0.0059532155
0.012130613	9.1899885e-05	-0.02017011	-0.018172178	-0.056308083	0.03570532	0.028353667	0.005969918	-0.008351589	-0.022488447	-0.0478807	-0.032230355	-0.020311292	0.054714963	0.022894818	0.021830412
0.04291446	-0.0066870567	-0.024797462	-0.02443477	-0.06231413	0.068003	0.010686717	0.009580121	-0.0026849562	0.02676425	0.010169018	-0.023217682	0.04707593	-0.015635611	0.0031028744	-0.057008505
-0.06330175	0.057137758	-0.04523667	-0.053584438	0.050456513	-0.06348258	0.008816021	0.046539187	0.019789046	-0.031521946	0.002306868	0.05681245	-0.043723166	-0.07652058	0.012056503	0.02044172
-0.0590007	0.061065927	-0.062069323	-0.0027955614	0.020876417	-0.038667478	0.015772954	0.017187063	-0.013810418	-0.015538137	0.015640771	0.020647902	-0.03590573	-0.038966797	0.013806956	0.020199722
0.105802886	-0.059327204	0.048826892	0.05260897	-0.109829046	0.095806144	-0.07633995	-0.06848931	0.068820454	0.08778814	-0.028972907	-0.055935577	0.11351109	0.084780075	0.055592872	-0.0731221
-0.023220627	-0.035098333	-0.0118574025	0.023702368	-0.020180153	0.04354589	-0.029649904	-0.03678627	-0.021002665	0.06540068	0.0052562063	-0.05216276	0.008283624	0.063511394	-0.0010165903	-0.040898632
-0.040858656	0.046960108	-0.06546027	-0.030436669	0.066828005	-0.0024335855	0.034583535	0.004456158	-0.06772255	-0.035215806	0.07891344	0.050903257	-0.012287404	-0.05497393	-0.052203003	0.079571255
-0.013518785	0.068430275	0.012930665	-0.01672485	-0.008150446	-0.060473874	0.06486262	0.07393557	-0.0037254097	-0.0596084	0.04663648	-0.003452907	-0.04835407	-0.07715984	0.00021918217	0.051765803
-0.009423569	-0.027882375	0.037317783	-0.03154649	0.034364857	-0.03122506	-0.00952959	0.002661287	-0.014591663	-0.021409448	-0.009985345	-0.009915156	-0.0067706537	0.0020473024	-0.01914639	-0.042091403
-0.088907085	0.04818242	-0.03701423	-0.018121801	0.050768178	-0.116963476	0.04355358	0.10136262	-0.15017512	-0.08205681	0.089444086	0.104048565	-0.04040644	-0.05200867	-0.06533204	0.10188487
-0.006997299	-0.017344931	-0.017066745	-0.044468723	0.05984693	-0.054583177	0.025634373	0.0448938	-0.0453419	-0.03193678	0.07545288	-0.018066458	-0.045585554	0.008204621	-0.05855581	0.0390924
-0.015502063	-0.007172667	0.0016811596	-0.087337546	-0.027223997	0.024708465	0.03351397	-0.022504449	-0.0034514128	-0.04664777	-0.0075983163	0.048722804	0.016241273	-0.002699725	-0.013524837	-0.019901643
0.0043329564	-0.006400393	0.058635347	0.033987176	-0.033315346	0.06492804	-0.038132615	0.024723437	0.026653416	0.007318903	0.025872363	-0.041277733	0.032421432	-0.02590938	-0.0067318412	0.029223815
0.004793534	0.002013035	0.011743117	-0.018486202	-0.053814508	0.0022854512	0.023997404	-0.020607578	-0.018480893	0.037549756	-0.0045400136	-0.0048826374	0.010473303	-0.0018365787	-0.0003819275	-0.044712555
0.061875347	0.02701911	0.0009888129	-0.030204615	-0.029825779	-0.027580017	0.0157433	-0.015052496	0.025052618	-0.016301753	0.032766946	0.02232533	-0.017832268	0.007953601	-0.019722993	-0.06020425
0.11499583	-0.10140544	0.08795133	0.042170804	-0.096436836	0.06365438	-0.077387474	-0.056905735	0.089668974	0.10701687	-0.06928646	-0.07901346	0.037285764	0.05326542	0.0495932	-0.09987849
0.05022879	-0.03873513	0.03516802	0.08543372	-0.05756917	0.092867486	-0.07143279	-0.12771098	0.09934607	0.12985602	-0.12393155	-0.07583678	0.069412574	0.054007795	0.03343635	-0.05507616
-0.018430497	0.0359242	0.017009536	-0.033574134	0.016963327	-0.07740174	0.06913971	0.07138782	-0.045482267	-0.05415995	0.03197642	0.040817264	0.019156862	-0.02374605	-0.046667077	0.00041196123
0.014452036	0.02460575	0.048074916	-0.034175932	-0.023936516	0.037511162	-0.010407409	-0.031228397	0.06635259	-0.01550078	0.03871507	-0.032329235	0.04858983	-0.016770415	0.053059142	0.009219341
0.06996904	-0.032118566	0.032388188	0.031033346	-0.060704317	0.03631208	-0.11841392	-0.044592194	0.077830225	0.12910795	-0.08682834	-0.026266254	0.04347519	0.085016206	0.10628914	-0.055601176
0.03214874	-0.038940694	-0.015857967	-0.017004764	-0.020041173	0.0065972228	-0.063789666	-0.056191325	-0.0034797117	0.015170862	-0.01015459	0.032653715	-0.022530597	-0.0024818564	0.052382886	0.032627024
0.05133512	-0.11479037	0.06655693	0.095330454	-0.1220483	0.042902328	-0.07047589	-0.055044204	0.072587684	0.10416207	-0.059843604	-0.11314414	0.06314925	0.02682459	0.06952782	-0.09587669
0.0058969324	0.02505117	0.03837053	-0.004375689	0.0044723223	-0.024883498	0.008182769	-0.045624927	0.06441494	0.02691931	-0.029809102	0.0061356765	0.02853843	0.058050282	0.034714565	-0.046636924
0.037433363	-0.019580465	-0.022028588	-0.005573169	-0.012304478	-0.028397938	-0.02594404	0.0046681524	-0.003471355	0.04412218	0.003682975	0.024626445	0.023344902	0.05018293	0.060965803	-0.06360842
0.010542533	0.047662195	0.003681193	-0.038451567	0.02024014	-0.008626007	0.062361874	0.07212943	0.011774915	0.0044310875	0.017386053	0.053720806	-0.011822926	-0.049167596	-0.003675378	-0.018348595
-0.011327072	-0.027376577	-0.018688368	0.025600962	-0.0030643246	-0.044056844	-0.011917716	-0.018833943	-0.050560534	0.013965995	-0.037271302	0.007080728	-0.029822288	0.025902746	0.03610793	-0.032326795
0.052033253	-0.03571982	0.055547908	0.058676604	-0.09308387	0.11586559	-0.027303753	-0.12062455	0.0869932	0.11306951	-0.09852539	-0.061349567	0.020329572	0.08482253	0.034094535	-0.12395631
-0.03168859	-0.039516203	0.027995259	0.0594004	-0.03510201	0.004279618	0.0063003404	-0.05205261	0.048291825	0.021354841	0.0323644	0.016660739	0.045806997	0.03943005	0.0136757055	-0.058453273
0.11705771	-0.095546894	0.09675572	0.032150075	-0.07759651	0.11158991	-0.11526213	-0.07817697	0.096573606	0.09575105	-0.058961883	-0.04716137	0.043348122	0.09548224	0.09534364	-0.06056126
0.093302585	-0.045502666	0.07335932	0.050998066	-0.099785514	0.03409816	-0.053845212	-0.11220915	0.09497198	0.08476168	-0.10733913	-0.07686701	0.065592825	0.074376345	0.07361233	-0.101754
-0.019263538	-0.037477233	0.04000396	-0.024554392	-0.07083483	0.03274968	-0.029079499	0.03359948	0.066097945	0.03077726	-0.019380167	-0.026454782	0.02028206	0.034750078	0.0083206445	0.030792141
-0.010700702	0.0014236727	-0.03257786	-0.0046376763	-0.01712763	0.05123017	0.0024064665	-0.045392923	-0.008652804	-0.0016451897	-0.045371965	0.005558307	0.028606592	-0.0138118	0.03614034	-0.046085775
0.097472645	-0.10226897	0.102445595	0.110846065	-0.08528082	0.05165937	-0.03635479	-0.116726644	0.14399303	0.0987075	-0.10171764	-0.082192965	0.09922675	0.10998016	0.04071665	-0.05121356
0.008233817	0.047003396	0.012167006	-0.047125567	0.06185409	0.0016930591	0.064881764	0.04115745	-0.04852867	0.00957631	0.0598218	0.00063525926	-0.04513366	-0.074121855	-0.048441663	0.07716081
-0.011983831	0.06091898	-0.049578063	0.01453627	0.021781873	-0.026125645	0.019978901	0.0074019614	-0.0568344	0.009880049	-0.019992912	-0.0199664	-0.074702166	-0.06377077	-0.069811724	0.013694283
0.052579317	-0.023476701	0.06769116	0.016651213	-0.0034060616	0.030595692	-0.025135657	-0.016153518	0.06476097	-0.014691123	0.0010410883	0.0011336678	-0.014298772	0.022713065	0.0080761025	-0.018271077
-0.07130855	0.08070662	-0.07115574	-0.056989174	0.07669431	-0.06005329	0.03655272	0.03940339	-0.056359354	-0.05416586	0.004741214	0.08073097	0.004172494	0.0069616395	-0.04880427	0.026365522
-0.010992717	0.07389842	-0.05044661	-0.031085595	0.06763129	-0.047802575	0.034763683	0.082343504	-0.059546337	-0.03300631	0.03184586	0.04019209	-0.017749304	-0.03026455	-0.050675336	0.047427222
-0.061706416	0.107161865	-0.080178365	-0.062125105	0.07780439	-0.041244872	0.06761434	0.035303045	-0.08514722	-0.087357946	0.032332633	0.06977345	-0.03408986	-0.06955518	-0.06545914	0.10603503
-0.013870685	0.025784476	0.008312849	-0.062944494	0.023400076	-0.037088446	0.08434692	0.015401651	-0.050804358	-0.02066782	-0.0007701777	0.0036752573	-0.047432434	-0.035110023	-0.0670684	0.041596133
-0.019206362	0.07143909	0.01815328	-0.0012111837	0.040511426	-0.050422378	0.039897393	0.06476367	-0.021871885	0.005497851	-0.008713376	0.047668565	0.02044648	0.0049904087	-0.024689877	0.062265445
0.048086695	-0.07068375	0.10945016	0.09130147	-0.05055718	0.08870564	-0.117087655	-0.034828268	0.1361384	0.13434617	-0.1116412	-0.08321926	0.08670353	0.053482737	0.08358125	-0.120949335
-0.09788038	0.104734264	-0.059962835	-0.04073022	0.03859603	-0.08716752	0.035233084	0.09650156	-0.0841645	-0.09413975	0.036269806	0.03844493	-0.077451326	-0.054420218	-0.108800225	0.07701219
0.078797914	-0.04197809	0.03870927	0.087556325	-0.1186846	0.06555592	-0.033104897	-0.12589724	0.11509461	0.1416655	-0.05523404	-0.099132	0.030529924	0.045884095	0.04846511	-0.0705515
0.06243002	-0.068301186	0.11893316	0.097115934	-0.07014806	0.071575075	-0.06908513	-0.09635643	0.04056745	0.093033016	-0.08306132	-0.04101284	0.021982173	0.0805974	0.107837215	-0.10667156
-0.000376163	-0.013501388	0.01576723	-0.060644552	0.025491577	-0.060151514	0.046258938	0.0013734835	0.0049788076	-0.062259525	-0.017655969	0.06371555	-0.0284752	-0.03265877	-0.04305925	0.06457719
0.055529978	-0.044123247	0.037841856	0.018697644	-0.054467816	0.015897265	-0.06489275	-0.039609693	0.02157002	0.02411276	-0.012049069	-0.0038247071	0.01625064	0.0038058462	0.042195503	0.0014574139
-0.10829024	0.047898326	-0.11142831	-0.11641675	0.111097194	-0.1225292	0.07323198	0.10333835	-0.12143242	-0.12318725	0.053643186	0.072494105	-0.062105358	-0.09794911	-0.08344984	0.06900745
-0.044492647	0.077052385	-0.05553022	0.0128199905	0.00760973	-0.07945862	0.03330181	-0.015986273	-0.036144372	-0.015459581	2.8356386e-05	-0.003445075	-0.0772125	-0.01827783	-0.051713247	0.017564274
-0.014916609	-0.013151529	-0.043806657	-0.023436433	0.07111067	-0.079793535	0.006941162	0.058418907	-0.055849336	-0.08016981	0.021937933	0.020099128	-0.012609709	0.0025354575	0.0067839385	-0.0043495093
0.058268987	-0.115482576	0.07313817	0.04096269	-0.117768735	0.12300309	-0.12327366	-0.12388101	0.107701555	0.13264783	-0.10209495	-0.10218239	0.02935748	0.09874225	0.06525716	-0.052190177
-0.11354439	0.091475494	-0.06300953	-0.112882756	0.105746716	-0.033337645	0.09651918	0.024531163	-0.0978195	-0.11552919	0.06401214	0.043248285	-0.017409533	-0.11589245	-0.08543335	0.06596107
0.06530187	-0.021673556	-0.018521043	0.0071664546	-0.016954493	0.068567716	0.023869995	-0.06364745	0.030151026	0.0033748928	-0.043844577	-0.04871433	0.034705773	0.022853944	0.051178247	0.0013546217
0.0031451373	8.3206265e-05	0.00019706084	-0.015112112	0.07373604	-0.03310313	0.0037065877	0.06161013	-0.026207808	-0.09335802	0.009322435	-0.011823363	-0.019187095	-0.029752774	-0.013595396	0.05106282
-0.12052053	0.11573434	-0.039618064	-0.06965201	0.071650535	-0.052460775	0.060839426	0.09092934	-0.1071503	-0.1303698	0.028217625	0.086731516	-0.101058334	-0.031262405	-0.09258889	0.013033577
0.05601836	-0.040638246	0.03155537	0.035759017	-0.07120743	0.03498715	-0.054831494	-0.024699688	0.009898891	0.015590527	-0.029768908	-0.0600656	-0.018187268	-0.0037123929	-0.014360369	-0.048543315
-0.006774436	-0.017192876	-0.025338117	-0.005962312	0.017215883	-0.017561989	-0.015942534	-0.047610026	0.025282193	0.034513835	-0.04782672	-0.05321075	0.00014144332	0.006573825	0.0031809055	-0.027559927
0.028646145	-0.016649462	0.052870177	0.019086594	-0.009173129	0.005058354	-0.012837713	-0.052082356	0.06377891	0.0038704206	0.027275411	-0.03396537	0.02793866	-0.01661123	0.060646694	0.02420338
0.08297581	-0.069681175	0.05676509	0.089030735	-0.071953274	0.11092615	-0.05994469	-0.065405555	0.111480355	0.07680959	-0.12326877	-0.10631356	0.09514901	0.07737972	0.084283315	-0.042328227
-0.019433578	0.07713928	-0.0040904167	-0.036086302	0.08206566	-0.03322559	0.053599887	0.02219262	-0.056207545	-0.02726254	-0.019710748	0.0055008135	-0.021530788	-0.023496946	-0.060981113	0.02439374
-0.038877748	0.02062524	-0.033628087	-0.005319446	0.031158192	0.0010100388	-0.016064957	0.07073109	0.0028521796	-0.061502922	0.062826656	0.052573994	0.018628933	-0.00194192	-0.025515517	0.01726708
-0.029708685	0.008992378	0.004892984	-0.00031595185	-0.047386292	0.01117815	-0.057722185	0.021584768	-0.0065496634	0.0043002847	-0.0074261343	-0.024685895	-0.0018688315	0.02542614	0.009360761	-0.034079317
-0.083793215	0.04223271	-0.03011146	-0.04327422	0.026459038	0.011925572	0.0052464176	0.050156165	-0.019084679	-0.022928389	0.037252225	0.07438278	-0.020626495	0.016169967	0.0064435485	-0.01616382
-0.007910365	-0.0014164886	-0.023972953	-0.022976825	-0.0421235	0.055633437	-0.01855223	-0.012523368	0.0204607	0.06852441	-0.042284805	0.01654093	0.005086438	0.06394383	0.044354785	-0.030769616
0.005269876	-0.059474345	-0.015349303	0.028636817	-0.013361592	0.051308833	-0.004626814	0.0070797675	0.0016641644	-0.000761362	-0.046592347	-0.045452174	0.053813007	0.002385258	-0.033594005	0.021403508
0.028166143	-0.013384942	-0.00451243	0.04489169	0.0300447	0.0059316377	-0.029690616	-0.03473902	0.06511265	-0.010863693	0.0007700291	-0.029298404	0.00051399734	-0.03365875	-0.023220185	-0.034663495
-0.057327732	0.046986945	-0.027725456	-0.047786962	-0.00085205	-0.064150564	0.0059320005	-0.0027105978	-0.022477655	0.0044767824	0.07852379	0.015205497	-0.05819035	-0.04127801	0.0008406912	0.06347012
-0.04471647	-0.0072339713	0.009630651	-0.004011253	0.018564746	-0.0065505016	0.03225344	0.020921577	-0.07556512	-0.013365304	-0.0013570278	-0.0077529447	-0.07035169	-0.054397035	-0.00932586	0.061589215
-0.05648401	0.019805519	-0.066126384	-0.07415833	0.038705252	0.007725993	0.022348324	0.029511118	-0.08597351	-0.047983382	0.06989703	0.052913636	-0.023918085	-0.002247726	0.010119503	0.06248404
0.0932189	-0.046101738	0.06017613	0.05562269	-0.06536633	0.050875913	-0.07033025	-0.042622045	0.13340862	0.060417317	-0.045612138	-0.12080148	0.04537601	0.031949423	0.028998725	-0.06668216
0.10341198	-0.07592304	0.10825187	0.04093131	-0.10211974	0.060884673	-0.060864326	-0.05129528	0.14683332	0.06336872	-0.096260354	-0.059439667	0.09433988	0.040741544	0.07937305	-0.08228048
-0.008694704	-0.026506988	-0.019096894	-0.028761607	-0.028134936	0.06476856	-0.009702189	0.010018069	0.023499211	0.03799447	0.0056085824	-0.056778602	-0.028868655	0.057740215	-0.02201817	-0.059466064
0.09086049	-0.10655906	0.10173458	0.058901574	-0.035813104	0.0788375	-0.05183362	-0.080621034	0.062768385	0.12112141	-0.03962765	-0.079452164	0.049265884	0.044409107	0.05655134	-0.06492001
-0.08493892	0.09947127	-0.032069303	-0.08111897	0.078567155	-0.09213041	0.095329165	0.106130086	-0.13152052	-0.072869204	0.04915894	0.019113194	-0.0731339	-0.059010196	-0.042285718	0.07031564
0.00837199	0.036723528	0.0023758744	-0.015751757	0.04848687	-0.016851213	0.076093376	-0.010875418	-0.07442241	-0.0035095548	0.028044635	0.01304595	0.0018245175	-0.0016896003	-0.0013920421	0.059658974
-0.056109544	0.021446781	-0.06920348	-0.075038366	0.07618715	-0.05158656	0.022165416	-0.009364977	-0.07068027	-0.076843075	0.0006996269	-0.016112005	-0.023284467	0.019216469	-0.04184943	0.009213927
0.06680546	-0.0053057126	0.03200799	0.04454445	0.020644713	0.009896344	-0.038499985	-0.05325354	-0.013784759	0.011318263	-0.055836685	-0.050615128	0.037878715	0.027689045	-0.012012855	0.023038879
0.015191725	-0.047063693	0.038310245	0.05878478	-0.0014559147	-0.026098797	-0.03914764	-0.048719004	-0.013398622	0.029113736	0.009044049	0.025955277	0.06776332	0.044508968	0.012508472	-0.004018155
-0.022998732	0.0585217	-0.06509322	-0.08842031	0.033931255	-0.11350955	0.021366004	0.021436526	-0.11263083	-0.09115927	0.039092515	0.06591234	-0.009202333	-0.07118329	-0.048197914	0.11536245
0.118171155	-0.071963236	0.0313766	0.043083113	-0.06098229	0.061748154	-0.08296496	-0.05926715	0.060357627	0.118081935	-0.11049018	-0.08947937	0.037959073	0.101478785	0.1000192	-0.06299962
-0.011870225	0.0691966	-0.0008434581	-0.023724958	0.0011523578	-0.05235685	0.027724627	0.02248423	-0.047551874	0.015207336	-0.007872301	0.04145064	-0.05004607	-0.055551518	0.028054789	0.030203851
0.025111195	-0.03866958	-0.025550196	-0.020467777	0.022474322	0.06074514	-0.06600143	-0.055251174	0.021394985	0.01624101	0.033978287	-0.055581126	0.012174755	-0.011575697	0.023336327	-0.06037628
-0.066159345	0.0717538	-0.07321809	-0.05043614	0.061317354	-0.07004437	0.084494	0.017724706	-0.06654764	-0.11875934	0.04325888	0.08702889	-0.101500385	-0.019481955	-0.11023562	0.12151777
-0.030937362	-0.013187899	-0.0020185297	-0.03195782	-0.044657424	-0.031823203	-0.050968062	-0.0021662968	0.05254425	0.03899594	-0.04318097	-0.059253734	0.030128328	0.010158177	0.016970184	-0.008482919
-0.065476984	0.05654827	-0.01509274	-0.07584959	-0.006198805	-0.015980015	-0.0032597543	0.044573095	0.0066956086	-0.032463603	0.037386592	0.027886206	-0.061297953	-0.071690954	-0.0072093247	0.0659344
0.014528584	0.002541436	-0.05881239	0.018852532	0.07909478	0.0051011574	0.013794437	-0.012547366	-0.022872405	-0.02202582	0.07248054	0.023817275	-0.0035546517	0.016595881	-0.04088381	0.023749443
0.045920406	-0.10804656	0.06439171	0.027897587	-0.055712506	0.11740101	-0.10484906	-0.036488935	0.08763843	0.10401086	-0.104373	-0.03097524	0.06436734	0.12703021	0.08843806	-0.09270631
0.003917154	-0.062225346	0.04458639	0.04745432	-0.015619229	0.03145712	-0.0027684758	0.024541503	-0.007331601	-0.0014504758	0.029215328	0.002761273	-0.037079617	0.014676916	-0.02755309	0.021881081
0.04139803	-0.06493079	0.049686745	0.064379625	-0.055412274	0.038323987	-0.055082794	-0.007873753	-0.011709267	0.05721185	-0.036589112	0.0070859063	-0.0037891348	0.05526674	-0.014796193	0.019845527
-0.06661479	-0.011785887	-0.062661	-0.056136448	0.0176208	-0.026768055	-0.01022639	0.020562243	-0.06746274	-0.039136264	0.07382433	0.011381662	-0.0070919623	-0.08406724	-0.06454516	-0.006647845
-0.010173455	0.014975037	-0.07785843	-0.075734176	-0.007017205	-0.016029546	0.0043239943	0.029057046	0.009777473	-0.07166618	0.017090088	0.014478308	-0.070032574	-0.0021459314	-0.0014701684	-0.016432816
0.01966992	-0.0020057808	0.014582099	0.010121569	-0.026044682	0.0002265546	-0.024097221	-0.008451349	0.045779046	-0.0008654547	-0.012280952	-0.010915147	-0.005631417	0.044298723	-0.021488179	0.02994662
-0.0318869	0.058491252	-0.068097375	-0.015980437	0.0323087	-0.027063377	0.027473303	-0.018251812	-0.0051527037	-0.037964616	0.057932243	0.05162172	0.015712665	-0.06679334	-0.016669907	0.059565187
0.072849795	-0.0555022	0.049412798	0.10814984	-0.08089459	0.12682733	-0.111309566	-0.07286713	0.11101703	0.07923573	-0.09190927	-0.09599888	0.031606797	0.063209996	0.09740453	-0.08151454
0.09298581	-0.037342835	0.09078493	0.094152495	-0.087039225	0.042996738	-0.07143473	-0.056624994	0.05999264	0.049333543	-0.10167546	-0.11321165	0.03303203	0.12402732	0.118643016	-0.037501328
-0.0072805127	-0.018762808	-0.032794893	-0.008309377	0.08449956	-0.029083164	0.067050084	-0.0015786635	-0.022274619	-0.0832747	0.0688634	0.054679543	0.023301067	-0.009701053	-0.02028088	0.048355043
0.09982827	-0.041755542	0.07185912	0.0326065	-0.07579733	0.1124926	-0.03467065	-0.11618622	0.05078439	0.11600121	-0.034296293	-0.025934014	0.0978137	0.09917196	0.05857321	-0.07885478
0.06739432	-0.091204435	0.12117577	0.048741225	-0.05516571	0.09375808	-0.122330174	-0.0681298	0.08612972	0.079122856	-0.05718433	-0.029803412	0.05856521	0.09719732	0.1194852	-0.088368885
0.031977985	-0.06007744	0.0014506328	-0.0034043242	-0.04597073	0.004894289	-0.025136901	-0.016047189	-0.00891638	0.042063594	-0.010640842	-0.04921189	0.021168763	-0.0031981075	-0.022613935	-0.047831282
0.06484292	-0.030387545	0.12169304	0.055959716	-0.077080324	0.11289611	-0.052516244	-0.06374575	0.120236896	0.10569769	-0.03817322	-0.07541702	0.08768969	0.09527091	0.055652797	-0.12071901
-0.1135802	0.049558233	-0.101820044	-0.071181335	0.108176835	-0.09132019	0.06502757	0.09425264	-0.13291773	-0.07737069	0.07541132	0.080868594	-0.016699156	-0.045765143	-0.050519213	0.08209331
-0.09141122	0.059422113	-0.06747478	-0.08455963	0.040916424	-0.05349053	0.0208405	0.1128255	-0.11597043	-0.091736	0.08552867	0.08809756	-0.07013239	-0.07408393	-0.025452385	0.101591475
-0.075116545	0.03870887	-0.037598096	-0.063672416	0.11009771	-0.07881604	0.083021365	0.02512424	-0.079660654	-0.058918417	0.06961426	0.111472376	-0.04096604	-0.04116168	-0.04856992	0.037099887
-0.087639704	-0.007626998	0.014517879	-0.009869663	0.08452001	-0.022075007	0.062185448	0.055184618	-0.044750806	-0.017480467	-0.013979285	0.043505408	-0.0074235224	-0.0035081145	-0.010148502	0.06459926
0.11982282	-0.08912096	0.109314576	0.06525212	-0.04234169	0.071130164	-0.12509954	-0.036754355	0.052015405	0.1217616	-0.047123343	-0.11437993	0.103980295	0.043530904	0.026154162	-0.097022966
-0.11888167	0.033030525	-0.10717674	-0.08063869	0.09742095	-0.076479785	0.10658967	0.036995027	-0.147742	-0.05897305	0.08442022	0.08269944	-0.0843897	-0.026568351	-0.06193904	0.05925417
-0.056794316	0.041090053	-0.10474131	-0.06566401	0.08498457	-0.074424915	0.08209254	0.034082953	-0.15436022	-0.057864096	0.054373555	0.10461098	-0.08605572	-0.10114477	-0.037679877	0.08285543
-0.027868738	-0.03341363	-0.014966828	0.011502756	0.022203617	0.03366723	0.01999137	-0.06617582	0.07026486	0.056176223	0.026289308	-0.041245107	-0.011011475	0.040719558	0.050975457	-0.0639806
0.05400648	0.005261722	-0.021071991	0.007879031	0.020847736	0.05574709	0.027037887	0.017661288	-0.025753431	-0.016109385	-0.06237117	0.005862005	0.028007131	-0.009476001	0.05680623	-0.011694326
-0.026780237	0.03391784	-0.022114057	0.020676069	-0.011414709	-0.053162914	-0.0004605104	0.048423275	-0.046515692	0.0018446746	0.019995082	-0.00894163	0.0047999183	-0.07578683	-0.026113823	-0.012507623
0.0074251317	0.0051275296	-0.033247482	-0.0728433	0.006998253	0.017465195	0.008292707	0.004944625	-0.030567247	0.011433405	0.07086134	-0.009162565	-0.0429526	0.007860613	-0.004666993	0.042886443
-0.039969046	0.074681625	-0.038948644	-0.014325947	0.058896467	0.0058925226	-0.012937649	0.055127967	-0.09008065	-0.08415862	0.046091978	0.052844994	-0.009277307	-0.011253809	-0.06313624	0.032448597
0.0277415	0.027756406	-0.020623222	0.02864198	-0.030580878	-0.01988457	0.0077398177	-0.0618671	0.06419083	0.046105396	-0.05366998	-0.06202631	0.033122964	0.03903367	-0.022498207	-0.013944329
0.041547604	-0.10225315	0.09401642	0.053561524	-0.078883044	0.10841875	-0.046724103	-0.049427684	0.059091646	0.0991081	-0.050903134	-0.09229956	0.028712744	0.033363614	0.08617547	-0.08508919
0.0006292958	0.01561233	4.9541253e-05	-0.012305417	-0.031192293	0.020734522	-0.05617258	0.026555534	0.047951847	-0.018293893	-0.010209032	0.017724928	-0.021618707	0.026809163	0.039793395	0.032544307
0.08274796	-0.09950584	0.022573443	0.02332627	-0.101968594	0.090488516	-0.07802315	-0.05163981	0.09974318	0.13432771	-0.09285008	-0.08263219	0.07610831	0.082917966	0.09065965	-0.03558703
-0.028133597	0.0034099733	-0.045603883	-0.015383573	0.028970368	-0.03988285	0.0547122	0.03808251	0.00778741	-0.02575072	-0.010227725	0.065776184	0.02020398	-0.03102434	0.009545991	0.0011047695
0.08461229	-0.095211506	0.049977053	0.040001113	-0.034292802	0.098424464	-0.06193466	-0.09267542	0.1428223	0.0901467	-0.029433258	-0.08512835	0.06320834	0.025639618	0.09889834	-0.06802719
0.026548212	-0.038327165	-0.018563313	0.05321002	-0.0322965	0.055405006	-0.056685347	-0.026469173	0.0057463236	0.0045757024	0.014217695	-0.01244393	0.0045898	0.05745991	0.011051561	-0.007075448
-0.03809445	0.03767698	-0.03174317	0.018925518	0.00050361204	0.006196906	0.027221441	0.051913727	-0.025490295	-0.036581133	0.033919092	0.0007234963	-0.046631467	-0.020556867	-0.07096139	-0.015083326
-0.02768219	0.018781021	0.050378047	0.026047572	-0.074609585	-0.021822987	0.0033357262	-0.039393537	0.086816125	-0.02502626	-0.04963812	-0.011598477	0.007898231	-0.0033720948	0.005053053	-0.05635722
0.0024357415	-0.056494374	0.03357065	0.0096633835	-0.0011838124	0.025865043	-0.016075866	0.018614216	-0.029586112	-0.012892876	0.023197481	0.022590766	0.0170835	0.010732925	0.03912252	-0.034231506
-0.040713634	0.08506312	-0.02470263	-0.02358953	0.05084433	-0.08236909	0.085020654	0.10027991	-0.05620559	-0.06477136	0.09433492	0.06381557	-0.07561504	-0.097408704	-0.03754708	0.04977281
0.026080083	-0.011577611	0.028918883	0.039315756	-0.04956998	0.06136951	-0.047594287	-0.023153963	0.0654802	0.05409069	0.027795639	0.0076835877	0.019097157	-0.012333695	-0.030212086	-0.03247797
0.052148245	0.025271071	0.022833867	-0.036739808	-0.004274575	0.054394223	-0.03437844	-0.054286897	0.02766749	-0.016630292	-0.055436347	-0.038309164	0.033959724	-0.032005165	0.014951301	0.0035587775
-0.052473173	-0.009992258	-0.072089545	-0.045035586	0.08122426	0.014744902	-0.01524355	0.04909396	0.0067846263	-0.034581024	0.055314783	0.026174817	0.0062339585	-0.076253705	-0.037175007	0.037166767
-0.027586987	0.03923877	-0.024451679	-0.03312745	0.07550759	-0.053707927	0.06998452	0.07219708	-0.015865277	-0.038113028	0.06019236	-0.001583748	0.004106243	-0.068990365	-0.04048161	0.073649794
-0.029015323	0.012070919	0.012472888	0.0036655152	0.03275688	-0.0041505443	0.06500314	0.0647921	-0.0784934	-0.075820126	-0.024564875	0.06913376	-0.044535674	-0.031262532	-0.05002255	0.06053716
-0.07184629	0.07251873	-0.03186604	-0.041861266	0.0754225	-0.021560341	0.058003396	0.016927527	-0.0213613	-0.0631898	0.06768392	0.005875458	0.0037888084	0.0044243652	-0.044250093	-0.0075474493
-0.11356195	0.11416156	-0.025659706	-0.09892819	0.046747178	-0.10658417	0.109867595	0.10409442	-0.14249086	-0.121342145	0.03603577	0.056244526	-0.08658704	-0.04315553	-0.023257973	0.088318236
-0.025022827	0.06577114	0.019135458	-0.046174567	0.05431905	-0.027253322	0.0787441	0.042411223	-0.03204281	-0.04050234	0.05739655	0.07247049	0.009154656	0.008922208	-0.010278367	0.018021222
-0.07751836	0.01321818	-0.09895661	-0.041570637	0.07566935	-0.03569589	0.023805643	0.084505446	-0.063861504	-0.06292321	0.03816661	0.10236953	-0.0104721105	-0.03208034	-0.008322509	0.028839719
0.12808104	-0.07222383	0.05953936	0.069292516	-0.11491133	0.05358578	-0.11352725	-0.09734225	0.10528593	0.13272546	-0.045637343	-0.076230094	0.12649967	0.06156921	0.11063004	-0.092163704
0.04304256	-0.09428371	0.041256614	0.08543221	-0.07905872	0.040375102	-0.038762674	-0.04881494	0.14132154	0.06482892	-0.09019206	-0.05550401	0.05500345	0.07617124	0.096566245	-0.033560142
-0.03771809	-0.0015192219	-0.078159355	-0.046164542	0.012908635	-0.025538383	0.06234882	0.07728363	-0.07525568	-0.050750297	-0.016728679	0.06952904	-0.01187058	0.010424082	-0.07410726	0.029961336
0.060384944	-0.044833947	0.04261543	0.09117126	-0.027561346	0.069448516	-0.087018244	-0.09665981	0.10032379	0.11810645	-0.11697007	-0.04225398	0.08879252	0.0642209	0.09903817	-0.036974173
-0.11619274	0.021904467	-0.07157439	-0.06966757	0.038906284	-0.11534468	0.035887845	0.044259634	-0.09033482	-0.10902526	0.10273236	0.10347932	-0.085854806	-0.07821699	-0.039567173	0.04803876
0.0032670354	-0.016688697	0.027087327	0.060378894	-0.00037319493	0.042805776	0.02851128	-0.051293246	0.054946337	0.05907343	-0.00031354706	0.004372195	-0.02072889	-0.0067168744	-0.029109318	-0.057427153
0.05695104	-0.1227574	0.063876934	0.058427304	-0.11783456	0.119467564	-0.10845968	-0.0761417	0.057471413	0.10231413	-0.08573041	-0.0963365	0.063892625	0.08626398	0.08802516	-0.06253388
0.111230165	-0.12070523	0.044515513	0.05831268	-0.040555384	0.09392969	-0.07228312	-0.07292219	0.08425249	0.08537435	-0.10146801	-0.046068743	0.12015842	0.032864805	0.121809945	-0.06675181
-0.011584958	0.06326532	-0.07528103	0.0046809763	-0.0058061155	-0.01500311	0.041170884	0.01868939	-0.018983353	-0.0013872092	0.07797278	0.012495357	0.0016923518	-0.043441426	0.01162158	0.05112695
-0.11453026	0.06947051	-0.11405164	-0.05407155	0.054196745	-0.10916117	0.043200508	0.08124021	-0.15189391	-0.05095089	0.04330374	0.04789331	-0.058205917	-0.106191985	-0.079306595	0.0417204
-0.026211303	0.0268157	0.035948418	0.007990741	-0.08060967	0.022299083	-0.05234008	0.020158231	0.06425648	-0.017301641	-0.03900678	-0.0022200213	-0.023736294	-0.021997258	0.03691659	-0.054960225
0.1199448	-0.10553043	0.025073258	0.11981086	-0.03666369	0.04691257	-0.10759151	-0.059515823	0.13075472	0.05260394	-0.11507995	-0.080375694	0.09970991	0.056016862	0.10591695	-0.10541569
0.07533503	-0.11308687	0.103560396	0.064715505	-0.10491438	0.09192874	-0.077734016	-0.08558099	0.08041413	0.08710909	-0.10506336	-0.10943162	0.04541763	0.03335565	0.1057997	-0.055825874
-0.01672118	0.00505054	0.0038249702	-0.058485802	0.024457913	-0.019439366	-0.0075083068	0.009535621	0.002189533	-0.042318303	-0.0019409235	-0.008982094	0.020072691	-0.049061436	-0.063445196	0.029618297
-0.013336953	-0.05922424	-0.021582875	0.0048186025	-0.0012654407	0.049360387	-0.032192938	-0.04097988	0.03533453	0.020921143	-0.012264045	-0.0036160315	0.057149746	0.03108511	-0.018073415	-0.03509822
-0.093983725	0.07183076	-0.019012915	-0.06412385	0.10596434	-0.03994344	0.06576998	0.046532582	-0.110628806	-0.03752271	0.10257651	0.03246275	-0.04038891	-0.08674314	-0.044693995	0.08861778
0.08305919	-0.078339376	0.11697164	0.0709831	-0.11080105	0.03763746	-0.11494139	-0.059610985	0.06557314	0.12474164	-0.07905832	-0.044892218	0.08240207	0.06829488	0.036002092	-0.054732535
-0.03229081	0.08056054	-0.040138382	-0.080232084	0.066697106	-0.08108511	0.039354566	0.024113433	-0.049644556	-0.055340927	0.08682651	0.040107474	-0.0019097148	-0.011602224	-0.054768182	0.00050061155
0.034911525	0.008969682	-0.034414176	0.009003559	-0.06589578	-0.023209939	0.022011094	0.021496227	0.0030224405	-0.020035634	-0.04509673	0.037146755	-0.0152338855	0.05076529	0.024733806	0.011007789
-0.01013754	-0.006453522	-0.034806557	-0.06969615	0.03619738	-0.045725066	-0.013394515	0.027469704	-0.037072394	-0.03748227	0.07741596	0.017039368	-0.0137799755	-0.07225587	-0.056807436	0.07622537
0.10947703	-0.033004366	0.085676365	0.077482805	-0.12246426	0.10731496	-0.03016223	-0.061145123	0.09951942	0.09178212	-0.11416788	-0.08849107	0.078560986	0.11535383	0.023611464	-0.09088986
-0.035985395	0.052336834	-0.035772067	-0.08800741	0.09449127	-0.049956746	0.10017431	0.037795153	-0.062172223	-0.13224256	0.084231466	0.07156891	-0.09754199	-0.022249792	-0.0830031	0.028555825
0.059899993	0.026608186	0.0032951834	-0.02207464	-0.043263476	0.060230423	-0.0046735182	0.00083951076	-0.019098718	0.03401106	0.013615624	-0.045250006	0.038690854	0.06607435	0.023998525	-0.043838184
0.03394976	-0.0667608	0.028063165	0.107696295	-0.10362969	0.117866226	-0.09426661	-0.05917283	0.07525789	0.07944522	-0.0670336	-0.088828616	0.08139878	0.0326911	0.101276554	-0.09648422
0.0835256	-0.027710777	0.08319953	0.12019996	-0.05893404	0.12411455	-0.10694428	-0.07394923	0.1358747	0.09772817	-0.0885	-0.06378959	0.06785927	0.084798686	0.03282042	-0.06851232
-0.024508169	0.0013471221	0.0061741555	-0.0116572585	-0.00497046	0.020092616	0.06384551	0.01645616	0.0068152114	-0.002071586	-0.021145213	-0.008435417	-0.06338807	0.0027481427	-0.048241794	0.051199943
-0.028031036	0.020030031	-0.054916024	-0.029861178	-0.0068815025	-0.06265682	0.0030576282	0.045749053	-0.06971388	-0.058142595	0.06668081	0.014269819	-0.037553467	0.004850202	-0.03841181	0.056560323
0.009247352	-0.025272977	0.027310103	0.050489012	0.0047601946	0.03073389	-0.004230111	-0.016447406	-0.036126286	0.0315309	0.025864322	0.011639124	0.019075759	-0.015624198	-0.016171532	-0.003419266
0.076381296	-0.04579347	0.09298543	0.031987045	-0.041235264	0.0921589	-0.060961246	-0.04864557	0.07151809	0.117801815	-0.10385783	-0.11948778	0.09080913	0.06982765	0.06726513	-0.12711501
-0.013666557	0.018877303	0.052850705	0.04133668	-0.058272712	-0.0022701628	0.037120365	-0.0490543	0.013838518	-0.03227156	-0.027921014	-0.011209102	-0.00044607776	-0.00862514	-0.0100048855	0.0057524503
-0.033969924	0.012258535	-0.023242513	-0.034524336	0.00862436	-0.009461855	-0.01171352	0.023465795	0.005077977	0.0018518871	0.04377032	0.0010491514	-0.05077751	-0.07689281	-0.075465195	0.014911235
-0.0075671123	-0.047681402	-0.017455535	0.002529656	-0.0561925	0.03740359	-0.064184986	-0.053881444	0.0729607	0.057342257	-0.06068255	-0.014259145	0.04385297	0.0155357225	0.01610604	-0.03770188
0.011496779	0.07509933	0.022623844	-0.041966856	0.051763225	0.013583738	-0.019819222	0.029087085	0.0033947276	-0.06407565	0.06383811	0.051796317	-0.032335013	-0.006632301	-0.004553039	-0.012650707
0.025344245	-0.0027383466	0.040776923	-0.010135987	-0.03793656	0.041262124	0.026952427	-0.004080242	-0.0141250715	0.01268774	0.030253796	-0.0101957675	0.046513956	0.04244208	0.049985025	-0.060564365
-0.0041769776	0.069387004	-0.043585468	0.015009429	0.05890542	-0.03879356	0.04920006	-0.0031816773	-0.0017799844	-0.027797446	0.06851565	0.07160187	-0.019221948	0.011779978	0.021225322	0.06403036
-0.021720108	-0.058704413	-0.016778918	0.013996474	0.019293208	0.0339828	-0.02912288	-0.03979671	0.07507923	-0.0034875248	-0.0584081	-0.013397922	-0.019962994	0.0045557944	0.052323874	-0.070880696
0.013901252	-0.024694601	0.046195973	0.04883098	0.005393503	0.044671435	-0.053986475	-0.018261898	-0.03622616	-0.0169824	-0.03358042	0.035526764	-0.04307427	0.04904203	-0.012316851	-0.031093866
-0.017444313	0.00985654	0.02188372	0.010644836	-0.03393818	0.023122001	0.023438586	-0.062849075	-0.0013710537	0.036114223	-0.041872695	-0.006552885	-0.012887534	0.022156958	-0.011848765	-0.06579679
-0.052652575	0.023996022	-0.082542665	-0.046449505	0.0910005	-0.09377325	0.08422384	0.045762595	-0.058123577	-0.08106494	0.0552012	0.02525647	-0.09437627	-0.10305412	-0.082504846	0.057207238
0.011233727	0.032975316	-0.04516615	-0.060076628	0.039999705	-0.072884284	0.053322393	-0.017588766	-0.036707673	-0.060272228	-0.0004403639	0.06758029	-0.042414982	-0.035708524	-0.008730866	0.0488333
-0.015164005	-0.015108343	0.0001457232	0.06796631	-0.015143442	0.019196607	0.028272923	-0.028709628	0.067728356	0.025855293	-0.0070114853	-0.008443233	0.04934668	0.014345197	0.019093504	-0.0036532688
0.049824953	-0.050477106	0.06241301	0.056658037	-0.0036548583	0.06466491	0.03298359	-0.044673145	0.020374987	0.031012086	0.007136298	-0.040639564	0.0234451	0.023607533	-0.015970878	-0.0055927355
0.06553417	-0.065289445	0.06746519	0.09153618	-0.040788002	0.05218544	-0.05313482	-0.09607495	0.1465704	0.051359292	-0.070227765	-0.046853367	0.06893213	0.028860273	0.08961234	-0.13041446
-0.021947581	0.0061094696	0.0453487	0.04141769	-0.04621912	0.006133833	0.02280614	-0.003362784	-0.030358162	-0.027466761	-0.015497899	-0.02958284	-0.030844752	0.029705418	0.04981254	-0.027689297
0.0912819	-0.12223025	0.096343346	0.08272485	-0.03491969	0.12114694	-0.0896356	-0.07439042	0.13704869	0.12043898	-0.11038919	-0.041201964	0.0631124	0.12606162	0.07340899	-0.08746435
0.040497307	-0.046724312	0.02591253	0.07665854	-0.11216238	0.09841354	-0.047191646	-0.027765797	0.13957058	0.091484204	-0.051816646	-0.048747122	0.075684324	0.07821228	0.036796473	-0.059261374
-0.042110283	0.10031956	-0.08171694	-0.032888427	0.11035859	-0.059098065	0.051860932	0.07841253	-0.107628286	-0.07587227	0.066848405	0.021249156	-0.08795771	-0.09734646	-0.045989513	0.063730575
-0.053969152	-0.00017628013	-0.055023205	-0.009316379	0.023783682	0.02757066	0.041898128	-0.03245675	-0.04332547	-0.03101634	0.00029308762	0.02512686	0.026281582	-0.012975431	0.0033956254	0.018827239
-0.016823644	0.031095106	0.04618156	0.061496608	-0.062326215	0.0056400704	2.5522964e-05	0.027105747	0.055884767	-0.02281242	-0.020845702	0.015185518	0.04225199	0.017018162	-0.018026873	-0.003067418
0.0712778	-0.05505207	0.025544226	0.06024689	0.006576072	-0.024769459	0.0026344538	-0.04409031	0.07307203	0.04170209	-0.059084937	-0.021292584	0.03645069	0.06987464	-0.02754255	-0.058268495
0.11912889	-0.079702444	0.058486514	0.1216799	-0.102813564	0.09131666	-0.08270564	-0.1105976	0.04183338	0.059539344	-0.12352229	-0.072024636	0.04687419	0.11070149	0.058114626	-0.11490247
-0.08011104	-0.015334986	-0.0439612	-0.08203348	0.08349345	-0.07104419	-0.011242004	0.037960567	-0.005863853	-0.08221034	0.08205038	0.0033358396	-0.056503125	-0.031100154	-0.07259061	0.050832815
-0.064010166	0.10016431	-0.017755438	-0.09054115	0.089371346	-0.043398097	0.03396759	0.100836575	-0.12765725	-0.05882204	0.097413495	0.091423415	-0.030067693	-0.05651836	-0.044721477	0.039846424
-0.07077339	0.028146103	-0.08818813	-0.047826868	0.062294405	-0.10265063	0.04048502	0.10094596	-0.076082245	-0.07334391	0.10257753	0.116768785	-0.052799117	-0.107064754	-0.07351586	0.11004742
-0.07160178	0.07537633	-0.039746508	-0.031739257	0.015600799	-0.0073539834	0.02661317	-0.01326442	-0.014792238	-0.04937999	0.021882635	0.034909796	0.009139548	-0.0034322923	0.0025375183	0.057885654
-0.063543156	-0.0068397126	-0.03450856	-0.029072782	0.06351837	-0.053804472	0.025632368	0.025919413	-0.036324624	-0.06439074	0.03991786	-0.009792892	-0.003345424	-0.021332685	-0.06396057	-0.005849351
-0.05777524	0.031201538	-0.057282902	-0.1089158	0.113018505	-0.11470279	0.10424746	0.02433783	-0.120334946	-0.119959764	0.06276253	0.09534474	-0.032215144	-0.07596234	-0.07075721	0.027728416
-0.02921935	0.04737279	-0.06246925	-0.06946274	0.03533853	-0.0395288	0.06683318	0.0594585	-0.02021847	-0.071073346	0.013941875	0.06499076	-0.064347155	-0.02919587	-0.050531905	-0.014670801
-0.036168624	-0.011596758	-0.04571228	-0.016286	0.062203232	-0.03809477	0.07462183	0.002900577	0.009323108	-0.041323315	0.015897967	0.03363501	-0.067262284	-0.021615675	-0.008634209	0.030903665
-0.02181107	-0.020771135	-0.014768035	-0.033360325	0.010107243	-0.059400376	0.048915613	0.024497783	-0.02145816	0.0077623324	0.005476595	0.0033593492	-0.040021148	-0.018962398	-0.067944705	0.0033616216
0.08359722	-0.10519507	0.08959014	0.071641505	-0.05579798	0.087604836	-0.078806646	-0.10008962	0.14913385	0.04443766	-0.09839786	-0.0727097	0.07983094	0.07403992	0.06479077	-0.0708042
-0.06058808	0.027310539	0.019191777	-0.0015266808	0.032877266	-0.07311589	0.046931762	0.051807348	-0.06924245	-0.023663172	0.06934673	0.024923906	-0.05507905	-0.069146395	-0.07565091	-0.015754323
-0.011520946	-0.058184974	0.029237045	0.031638518	-0.0051511144	0.023817785	0.0032109353	0.021688595	-0.011265542	-0.014311558	-0.016094	-0.013669693	-0.0027483841	-0.005625656	0.035797413	-0.0009484221
0.04400685	-0.05621928	0.026568798	-0.0057973857	-0.026132105	0.047517154	-0.057031944	0.037269864	-0.008154258	0.018003507	0.022329042	-0.019233948	0.051177833	0.014356411	0.024743773	-0.060003657
-0.00258266	-0.0564224	-0.014329332	0.029919729	-0.011202361	-0.024380276	0.02139692	-0.0032949133	0.05681552	-0.034703527	0.015342717	-0.050407656	0.0036901839	0.029640509	-0.022126228	-0.060935587
-0.037570175	0.09585095	-0.046703793	-0.096892916	0.09072758	-0.0703534	0.04124831	0.011431514	-0.13603118	-0.053656798	0.045986395	0.032876793	-0.034724552	-0.06488978	-0.07660256	0.048050035
0.024051014	-0.038917523	-0.017238434	0.032070436	-0.06427227	0.055291954	-0.01884235	0.021130769	0.0058850497	0.028473802	-0.004797782	-0.052721906	-0.013704005	-0.018768005	-0.007752512	0.031600453
-0.04432577	0.09433626	-0.051422663	-0.08378607	0.10022118	-0.037992273	0.08214398	0.02951464	-0.11176645	-0.036793232	0.03548505	0.092322946	-0.10435729	-0.11363955	-0.06229342	0.077143714
0.0014190973	0.0059212805	0.063793674	-0.011099052	-0.032505393	-0.021846779	-0.05642852	-0.036131017	0.0042012837	0.018603224	0.028704584	0.02990002	0.06335528	-0.02485969	0.05932468	0.007487563
-0.014289216	0.050848722	-0.052508086	-0.05460415	0.070021525	0.012596106	0.026583193	-0.0012035014	-0.07346831	-0.012395694	0.043011006	-0.016912391	-0.07152083	-0.032181267	-0.05398519	0.028876986
-0.015454912	-0.0074435687	0.056334004	-0.010354231	-0.042528223	-0.016573992	0.0077248714	-0.043927833	0.034458295	0.0008588068	0.007923602	-0.018346647	-0.027589032	0.03205339	0.018950226	-0.011651476
0.10029627	-0.036012337	0.10136809	0.030737897	-0.12460307	0.0464035	-0.06475242	-0.088987865	0.1277633	0.12782866	-0.094711356	-0.0790138	0.043362975	0.08388899	0.065490395	-0.12216988
-0.0053505288	-0.04837124	0.0012952851	0.046663363	-0.011028596	-0.033558138	-0.00044695233	0.023683457	0.001455228	0.05758529	-0.031555183	0.029164547	-0.02838159	0.04077497	0.0067420066	-0.048183985
0.031581163	-0.063451864	-0.022327794	-0.032437913	-0.044421244	0.017955324	0.03067272	0.014824532	0.028721927	-0.027199127	-0.03252983	-0.058271658	-0.0061898557	-0.012158246	0.005582185	0.0014219115
-0.04785099	0.024326514	-0.032451026	-0.029997868	0.123224944	-0.058864463	0.08524738	0.030540098	-0.05088808	-0.11887096	0.09803587	0.0683797	-0.025953429	-0.051162653	-0.10113015	0.029016515
-0.07297196	0.033174574	-0.06213517	-0.0012075285	-0.014799774	-0.041424256	0.041387066	0.020062901	-0.04871129	-0.066865124	0.031444956	0.055234876	-0.050319918	-0.0354436	-0.059679482	0.07537474
-0.006525645	0.015860675	-0.014454059	-0.046990808	0.014224185	-0.025161369	0.06719967	0.04648614	-0.07055773	-0.08153243	0.005807814	0.011863776	-0.010216751	-0.017723253	-0.072508655	0.06902105
-0.12731425	0.06712364	-0.044678684	-0.07007314	0.10098685	-0.10523345	0.026095908	0.051686175	-0.035814982	-0.039231867	0.08966449	0.059980683	-0.08883704	-0.044954058	-0.043519326	0.07338688
-0.06560286	0.078037865	-0.098637775	-0.08154027	0.08084534	-0.098510504	0.09240377	0.09414005	-0.11342496	-0.058861446	0.084404245	0.10926643	-0.10681448	-0.09461473	-0.108489715	0.05470707
0.06401369	-0.022783596	-0.0183627	0.046656236	0.009660641	0.057786904	-0.0022788614	-0.03046681	-0.00947245	0.06850187	-0.01990156	-0.049876533	0.02768033	0.043743826	-0.00026986602	-0.01173256
0.009801593	-0.033620205	0.021558885	0.022301141	0.01648365	0.0102618355	-0.042712994	0.012672544	0.080303125	0.054781936	0.015796041	-0.06468727	-0.024313863	0.054974537	0.0154315755	-0.035648186
0.015404734	0.013156436	-0.020349808	0.02294884	0.017904285	-0.02435684	-0.041473556	-0.061153654	0.04343927	0.023741813	0.008381758	0.0013879809	-0.015822183	0.044725526	-0.030768428	-0.01894814
-0.031987727	0.04189381	-0.072710834	-0.011224858	-0.0047242194	-0.015788613	0.011498513	0.011998467	-0.018728588	-0.06041374	-0.014532354	0.044307772	-0.027148813	-0.012095561	-0.012698769	0.049579926
-0.056491252	0.03460295	-0.10903838	-0.10933302	0.07874811	-0.035003517	0.113057084	0.035378896	-0.14124992	-0.11885303	0.05990118	0.09798869	-0.017801417	-0.024325028	-0.081222266	0.08259144
-0.030531125	-0.018430065	0.0087096905	0.039957456	-0.018893402	0.010786977	-0.020098345	-0.056124993	0.04901581	-0.03316331	0.035743818	0.007863143	0.013557075	0.030529818	0.018437257	-0.031842086
-0.026352383	0.10154489	-0.042303007	-0.043897066	0.092155814	-0.115075424	0.027440518	0.036813706	-0.10526844	-0.049890116	0.04992625	0.0326386	-0.02407265	-0.106009506	-0.08862738	0.054395597
0.027482262	-0.054678727	0.061322518	0.018599695	-0.011758648	0.023737762	-0.015243778	-0.05663875	0.007885668	0.046827037	-0.0034539541	-0.058289222	-0.03581065	0.06194936	0.033396885	-0.028396226
-0.017703664	-0.049418017	-0.025064364	0.03647623	-0.048268292	0.05285099	0.028300319	-0.0035971564	-0.0151572125	-0.02314551	-0.0477354	0.034191884	0.033514846	0.03673539	0.044392847	0.031069176
0.07458281	-0.06721361	0.054995514	0.024636567	-0.034421965	0.115664616	-0.12107886	-0.10702117	0.1385976	0.123452485	-0.08985824	-0.12079385	0.07023144	0.11785837	0.05416483	-0.07965397
-0.028006218	0.037135765	-0.041375373	-0.048015192	0.020298604	0.0058511146	-0.00047963025	0.005460995	-0.017546946	-0.06318898	0.0418827	0.020710504	-0.042454917	0.022725997	-0.030412344	0.011534016
0.031802855	-0.0029161526	0.02817131	-0.0031889614	-0.018713158	0.040992294	-0.025451517	-0.026367433	-0.011468314	0.046241406	-0.0026183988	0.0103561925	-0.035137653	0.0522426	-0.017585957	-0.0002636996
-0.11949036	0.044512298	-0.08671829	-0.07108049	0.103786215	-0.03203219	0.056583438	0.069027685	-0.08049823	-0.067990966	0.04210008	0.065615825	-0.06936739	-0.08659484	-0.028454095	0.07648942
-0.10695836	0.058194764	-0.016917882	-0.09737828	0.097219504	-0.087586254	0.038235344	0.023432292	-0.12657806	-0.056578174	0.04613596	0.08927049	-0.09320805	-0.04600861	-0.081094295	0.09593418
-0.015104947	0.05058073	-0.035624158	-0.040101554	-0.00900774	-0.07308097	-0.016584761	-0.005782859	-0.014771384	-0.054286692	0.071089365	-0.005266994	-0.06330823	-0.011510715	0.016570821	0.034296505
0.004696826	0.03045325	-0.0045418306	-0.021538828	-0.037143886	-0.019268885	-0.05433478	-0.00694077	-0.025299348	-0.014904487	-0.029981742	-0.01305465	0.061631747	-0.009712078	0.04857518	-0.013720471
0.06390364	-0.026170896	0.07753083	0.041804288	-0.13933703	0.08620962	-0.1187704	-0.09771604	0.088560626	0.10472914	-0.11397184	-0.09291597	0.04049377	0.03802289	0.050634325	-0.038765702
0.0258492	0.027269313	-0.0198459	0.025266377	-0.05198977	0.019394346	-0.01813063	0.02979981	-0.015335807	-0.017987512	0.008954193	0.024996504	-0.035081487	0.04148354	-0.035635218	0.011428652
0.11222534	-0.052648835	0.04698177	0.08395871	-0.0989969	0.11897297	-0.06289978	-0.093969524	0.11305196	0.09039507	-0.032730073	-0.08607657	0.039776716	0.031281274	0.11965651	-0.10369667
0.016364565	0.00014295246	0.008211964	-0.06369228	0.06523292	-0.02863994	-0.007607786	0.006559341	-0.041246783	-0.040897623	0.016318848	0.02162134	-0.023616958	-0.05274988	-0.058034845	0.020022139
-0.039086338	0.038713947	-0.036971547	0.003523471	0.036310144	-0.009798964	0.034558743	0.07226348	-0.0025858453	-0.017952846	0.019221313	0.0044982512	0.00042789266	-0.072054006	-0.026115278	0.024034347
0.09870123	-0.113213085	0.10941577	0.05866277	-0.083260186	0.07522507	-0.1234674	-0.033148717	0.10813607	0.12286204	-0.08948666	-0.09374275	0.061090376	0.08237185	0.091712125	-0.12121158
-0.070115864	0.092248514	-0.06996892	-0.030523367	0.04912696	-0.06705918	0.018309325	0.044932954	-0.06344469	-0.08724229	0.09129672	0.057650644	-0.059590753	-0.04602837	-0.082885474	0.12079556
-0.03371031	0.10560168	-0.00018876036	-0.064954065	0.057132572	-0.08884695	0.08796856	0.016144136	-0.09042027	-0.043542754	0.02704449	0.041210234	-0.04708486	-0.09245105	-0.049883813	0.0178444
0.030265998	0.009836343	0.042620085	-0.0034052096	-0.033948	-0.0023698101	0.022559974	-0.03255938	-0.0009211993	0.028221386	-0.0077911667	0.03294863	-0.040936336	-0.011077344	-0.03624227	-0.0053910487
-0.064079	0.07244095	-0.0151253315	-0.028375622	0.1037361	-0.06272462	0.022470765	0.07853285	-0.14308606	-0.05650247	0.017763132	0.113544255	-0.084717885	-0.050830264	-0.03184986	0.08861688
-0.049883965	0.028032323	0.0034976455	-0.07425928	0.06644802	-0.069561884	0.050377548	0.017374799	-0.03871528	-0.02929097	0.04324674	0.030331308	-0.023994034	-0.020190513	-0.068288185	-0.0013246589
-0.11552456	0.062121212	-0.08242097	-0.05802307	0.05005535	-0.076975554	0.102163605	0.09032549	-0.08062079	-0.041403003	0.056066446	0.031157836	-0.03262021	-0.055008225	-0.07404312	0.08345654
0.057913285	0.029523434	0.0031457571	-0.023540327	-0.016900545	-0.03082739	0.02270303	0.0029566449	0.0013617085	0.060252693	-0.05377569	0.032139856	0.059901755	0.03427302	0.02629928	0.021976486
-0.0134876855	0.07061933	-0.06659242	-0.03128353	0.022197286	-0.037826553	0.062848076	0.05163344	-0.0066248216	-0.038453072	0.06504671	0.052343626	-0.070188835	-0.0508903	0.017149648	0.0729751
-0.08154694	0.034429416	-0.049850397	-0.047386497	0.032059178	-0.052926153	0.06281966	0.077879645	-0.07768545	-0.09115036	0.070926346	0.078297995	-0.045678288	-0.057573274	-0.05145837	0.05260421
-0.022977663	-0.042994194	0.027188012	0.049429543	-0.02031743	0.0016914309	0.03409684	-0.034582518	0.014217475	0.033110257	-0.006947509	0.024006546	-0.02048695	0.013973356	0.0032632537	0.030985624
0.120311484	-0.07371286	0.035947036	0.05802132	-0.09678313	0.032360185	-0.05644902	-0.066578664	0.058177054	0.12040582	-0.09603636	-0.04321204	0.07898646	0.09164804	0.07917256	-0.10756009
-0.0015498588	0.04079891	-0.06459021	0.014882004	0.0015007253	0.012475858	-0.014527665	0.027869958	-0.038044788	-0.053561144	0.055344857	0.049649358	-0.014333851	-0.0085884165	0.023374945	0.0005433621
-0.0058148406	0.008994265	0.037280347	0.044289354	-0.009722413	-0.015181238	-0.03503491	0.004302854	0.01147703	-0.0010927946	-0.048166115	0.007622416	0.0025287434	-0.026516754	0.05928122	0.00964693
-0.026955185	-0.05075072	-0.026731556	-0.0047701634	-0.03255485	-0.028552242	-0.063297905	-0.06116665	0.036067437	0.030982587	-0.05270332	-0.021902204	0.055940807	0.065435566	0.049802937	-0.05445124
-0.017635847	0.014999472	-0.01619913	0.048081696	0.002056688	0.026744206	-0.025366684	0.0072173495	0.052876893	-0.004074674	0.013077121	-0.06065358	-0.009008805	-0.013547787	0.043132234	-0.028594222
-0.031184677	0.029508516	-0.044690236	-0.044322636	-0.011616544	-0.04016587	0.06860338	0.044020336	-0.08657916	-0.03804788	0.006640831	0.031680346	-0.002892557	-0.023696179	-0.03895944	0.022850767
-0.058169678	0.065148585	-0.05994884	-0.036602262	0.030377785	-0.019395102	0.057256967	0.04253736	-0.083275564	-0.017947324	-0.020086264	-0.011983162	-0.041556828	-0.031922255	0.0020083785	0.014718609
-0.00013403277	0.018513007	-0.07397137	-0.036274824	0.022303382	0.005555178	0.052142147	0.00068665267	0.017071702	0.011785464	0.054487485	0.042630225	-0.03640208	-0.05624583	-0.04641217	-0.0064682476
0.050508175	-0.058682308	-0.016501362	-0.017177088	-0.016803548	-0.031444363	-0.049029194	-0.053239934	-0.013412673	0.014596253	-0.06320942	0.018937102	0.05192231	-0.01853721	-0.032189798	-0.009641903
0.053389583	-0.01002801	0.026382837	0.05674265	-0.06656378	0.021813534	-0.051465426	-0.033557475	-0.022293832	-0.00879354	-0.0047823153	0.018042704	0.027392928	0.02651969	0.014630419	-0.06036633
-0.0011986315	0.007908856	0.05922285	0.03692472	-0.06463952	0.01172455	-0.040400956	0.027154157	0.03116944	-0.0076593235	0.021883212	0.002152217	0.028110852	0.041958366	-0.0011062908	0.0069853133
-0.07442542	0.07876061	-0.046297368	-0.062131077	0.017772617	-0.036597364	0.077661	0.07917554	-0.07309668	0.0056019165	0.010318786	0.027839245	-0.0166123	-0.052699894	0.013501928	-0.0063736523
0.12848899	-0.06636482	0.05296988	0.028906835	-0.099128716	0.111067355	-0.058414333	-0.045338467	0.11103818	0.058744416	-0.100510314	-0.08663542	0.0373049	0.12410602	0.103533275	-0.060298275
-0.014783666	-0.045983244	-0.0050145965	-0.024167141	-0.006119831	0.03135868	-0.039929576	-0.05333044	0.0715441	-0.010122553	-0.05763144	0.02521029	-0.007644377	0.059970193	0.04646083	-0.061872162
0.050870396	0.0047843135	0.019379651	0.02386913	-0.0271265	-0.0032519165	0.0125127	-0.058958977	0.078953914	0.03663266	0.0044511	0.023262046	-0.024726674	0.07220929	0.046830546	0.008470589
-0.01487486	-0.010671875	-0.05622962	0.006093897	-0.019043589	-0.067861825	0.05400311	-0.02342561	-0.013067149	0.014372339	0.021424202	0.05069986	-0.063552506	-0.02493281	0.021233734	0.039092086
-0.057987094	0.045000784	-0.037519127	-0.094011635	0.08931993	-0.05106673	0.07147849	0.077977836	-0.06547739	-0.035314184	0.0962058	0.086053394	-0.043767437	-0.065806314	-0.017540406	0.061148938
-0.064307466	0.015089011	-0.044706013	-0.043042216	0.009027122	-0.03808284	0.074508496	0.026708972	-0.057147644	-0.023080314	0.060519632	-0.0115250135	-0.0019331084	-0.07811817	0.019898636	0.07275756
0.04615339	0.03378286	-0.024018362	0.028564032	-0.021939503	0.0010243334	-0.01993704	-0.019559052	0.053569302	0.029553996	0.022230387	0.022312911	0.05602588	0.014473949	0.06132957	-0.015586836
0.13323869	-0.10606661	0.10070558	0.10551866	-0.110650934	0.08300537	-0.052071847	-0.09064509	0.060806826	0.09044287	-0.049056426	-0.07319181	0.029153584	0.06035099	0.12424338	-0.051599503
-0.017220378	-0.053799853	-0.027297953	0.034182798	0.00014802138	0.035509385	0.020496896	-0.049203068	0.06269445	-0.0037930754	0.011030529	0.011959114	-0.00943889	0.023324879	0.057296474	-0.04537685
0.05207807	-0.04501096	0.006148622	0.008819447	0.022692123	-0.011466284	-0.04542636	-0.04163756	0.025473999	0.047397345	0.0192735	-0.028220236	-0.026256783	0.017919665	0.06185476	0.011889121
-0.018336583	0.022462154	-0.063123845	-0.014151291	0.05183122	-0.06043377	0.071860306	0.025593862	0.011056635	-0.071405225	0.0036162836	-0.017463233	0.01609771	-0.042255223	-0.07125832	0.03931622
0.10139888	-0.055463355	0.06632156	0.07400237	-0.11367485	0.11290087	-0.09762407	-0.028534904	0.059801802	0.09031149	-0.11051571	-0.1209983	0.02990615	0.043294508	0.041618247	-0.07287748
0.07473265	-0.035562653	0.057134025	0.06541299	-0.05771206	0.0701141	-0.07463377	-0.033547174	0.09659943	0.0800352	-0.08964481	-0.06092022	0.061221935	0.0349145	0.087314844	-0.05820468
0.03225852	-0.03558316	-0.025278669	-0.010499362	0.024492996	0.030178333	0.010010471	0.0040670517	-0.028368492	-0.002468204	-0.011498611	-0.019476345	0.014194907	0.042518105	0.044813126	0.02275502
-0.104806446	0.09673858	-0.06472227	-0.084602214	0.06660079	-0.111203216	0.049679954	0.09904979	-0.10086022	-0.059319574	0.060055822	0.025966767	-0.09625208	-0.07140779	-0.07694805	0.05411922
-0.06303074	0.031566575	-0.024832742	-0.0971977	0.10904282	-0.027017979	0.06844866	0.068340406	-0.09071458	-0.017687976	0.078944	0.022509636	-0.0529211	-0.0578675	-0.088591814	0.026227206
-0.020965334	-0.010215203	0.021844495	0.013074028	-0.020690104	0.051900588	-0.0362331	-0.065865085	0.06371892	0.027958049	-0.022333724	0.024944535	-0.026495349	0.025463447	0.06769131	-0.03661254
0.11153661	-0.0870775	0.05395017	0.11628707	-0.05484761	0.034801215	-0.051339928	-0.062655926	0.10662924	0.122641	-0.05754444	-0.0878756	0.04549415	0.0736828	0.11796811	-0.10454907
-0.09918632	0.026243484	-0.07957592	-0.054471314	0.08773464	-0.05496474	0.0124695	0.032579668	-0.09808448	-0.06884784	0.023292528	0.020097159	-0.0703443	-0.030891983	-0.03389091	0.0310643
0.0077419723	0.008003589	-0.020007823	-0.00013732404	0.012636398	0.010071274	0.0022733808	0.011689284	0.0010656365	-0.08914781	0.00395152	0.0027897947	-0.04377368	-0.057277594	-0.068944894	0.060776286
-0.06515458	0.10816437	-0.081592135	-0.06836813	0.03890945	-0.063423865	0.09183923	0.074386194	-0.11112509	-0.10109674	0.023428546	0.11029424	-0.027484117	-0.104690276	-0.09960803	0.055264775
-0.026717195	-0.010508686	-0.011300485	-0.014143274	0.014955431	-0.00760068	-0.011082196	0.039632067	0.01080157	0.0037232747	0.030240497	0.018864602	0.026396837	-0.014234001	-0.0416318	0.0008142556
-0.092938766	0.028631696	-0.099541895	-0.04903215	0.11967848	-0.083867095	0.063965976	0.049587283	-0.117514156	-0.1278784	0.08932695	0.06441257	-0.08515621	-0.100082666	-0.061815973	0.05877361
-0.06289812	0.05742313	-0.11644387	-0.06589141	0.08161454	-0.096891955	0.11311105	0.05049259	-0.10067922	-0.11248492	0.0902696	0.08353547	-0.034891106	-0.061018698	-0.07943445	0.10056749
-0.10298508	0.0798824	-0.07991854	-0.10246773	0.0468369	-0.051467918	0.07685363	0.051377147	-0.1320284	-0.11475763	0.022079667	0.029065011	-0.08136816	-0.037644602	-0.02232717	0.10687727
0.04298722	-0.026250364	0.04328901	0.06577181	0.040102907	-0.008526661	-0.020813825	-0.039772246	0.04586922	0.037670147	0.030686263	0.016676852	0.05422334	0.04763344	0.062035773	-0.061788183
0.06012179	-0.06420509	0.023768807	0.008426978	-0.023456413	0.018195212	-0.060549665	-0.027615028	0.048569918	-0.009713368	0.02201694	-0.049510147	-0.0056862137	-0.0070376545	-0.01881636	-0.006303845
0.045640644	-0.02062767	-0.017374728	0.050149694	-0.038523316	0.056001704	0.027681252	-0.0056525264	0.007414797	0.010760112	0.03510359	0.03422339	-0.03141623	0.04923113	-0.031833608	-0.028388638
0.04848948	-0.06191895	0.045890506	0.119276665	-0.05508679	0.0672352	-0.07300145	-0.108954005	0.063861944	0.06281736	-0.09284677	-0.03756608	0.08638931	0.10428663	0.060766857	-0.08925188
-0.0006805877	-0.045090597	-0.0065513505	-0.0043785027	0.0048971404	-0.012135377	-0.012349899	-0.025956303	0.014092983	0.06254243	-0.025294479	0.0039340137	0.014830512	-0.024473691	-0.0009965958	0.007910135
0.057977162	0.03540549	0.041181102	0.061571192	0.0025380838	0.05798579	-0.03359658	-0.013529375	0.0036431525	0.027834404	0.020670485	0.031784046	-0.01433758	0.027879884	0.020921767	-0.063151695
0.06191887	-0.036213648	0.09135692	0.047629334	-0.095116325	0.03639226	-0.086274765	-0.070196174	0.07054902	0.04647074	-0.1243736	-0.11104141	0.062126745	0.057796005	0.052414447	-0.052577943
-0.009945034	0.015216351	-0.03227029	-0.08105674	0.05403339	-0.04922771	0.052741136	0.004164521	-0.036830917	-0.014840929	-0.0046397517	0.020079723	-0.035383034	-0.002527122	-0.030152522	0.00468028
-0.020182116	0.04915778	-0.03477684	-0.008847648	0.026847253	-0.021218425	-0.015848372	0.007817188	-0.010670026	-0.07790747	0.050710466	0.06169607	-0.00927923	-0.03713864	-0.059891194	0.032403868
-0.0721097	0.03400432	-0.056154676	0.01469648	0.07891083	-0.039850187	0.04229814	-0.013809231	-0.03603011	-0.072594665	0.03784154	0.06846839	-0.01206249	-0.030691834	0.0015414283	0.055348802
-0.103132	0.11103573	-0.030166743	-0.026217598	0.08210658	-0.12273841	0.08857913	0.0725092	-0.12469876	-0.04892314	0.02986547	0.046896335	-0.035058837	-0.041142922	-0.08062908	0.05449347
-0.0013256284	0.036071964	0.017266352	-0.01901954	0.01824629	-0.0006876441	-0.0019483435	-0.018074084	-0.02203732	0.04599767	-0.008501638	0.015940707	-0.021606948	0.035294656	0.052232392	0.036342405
0.050599802	0.027640443	0.019947702	0.041385867	-0.0038721391	-0.015002517	-0.035417147	-0.032410372	0.02376166	-0.026096355	0.02069576	-0.015498905	-0.0022354987	-0.014322567	0.038529467	-0.054712698
0.046401277	-0.061334025	0.07092842	0.060935892	-0.12722966	0.122873195	-0.08093992	-0.09310558	0.063621745	0.096471325	-0.03037227	-0.043264177	0.034571264	0.12237729	0.037031285	-0.08313181
-0.049045146	0.05523939	-0.024095932	-0.0018358527	0.010795446	3.8933766e-05	-0.0012633998	-0.019744392	-0.082015134	-0.06658454	0.016633682	0.07498185	0.019568266	-0.059620216	-0.021705816	-0.007949467
-0.032325003	-0.019401759	-0.01697164	-0.051756185	0.0031769788	-0.03433163	0.07459548	0.035507124	-0.03183083	-0.064609736	-0.008255122	0.019136844	0.008944659	-0.039782852	-0.06748687	0.044457965
-0.013288388	0.009302786	0.00966357	-0.0060216864	0.03836941	-0.06907254	0.036611166	0.008651925	-0.06919333	-0.051055025	0.049413387	0.010438658	0.011903342	-0.011231664	-0.012484461	0.010630528
-0.09456912	0.057957754	-0.11504606	-0.07911072	0.04113402	-0.11474239	0.08168934	0.03176548	-0.07448196	-0.040905204	0.029204885	0.10176766	-0.007989665	-0.066131964	-0.07706619	0.0280165
-0.053008102	0.013558934	-0.03882182	-0.0045204456	0.06607817	-0.07383562	-0.010111951	0.008341783	-0.039157744	0.007977017	0.018803485	0.06050305	-0.055545203	-0.07148529	-0.03612483	0.003658712
0.007353696	0.014428535	0.037551675	0.033943165	-0.0032814546	-0.008209042	-0.0052095167	0.0303	-0.009417577	-0.0191252	-0.027813522	-0.013769221	0.020892592	-0.028623316	-0.014723069	0.032944214
-0.11504382	0.049596015	-0.042380575	-0.051415466	0.09116103	-0.097299516	0.0938084	0.08231754	-0.016456705	-0.09094985	0.05105513	0.08131255	-0.09968844	-0.08908438	-0.06980037	0.04429112
0.012606122	0.009590358	0.018827537	-0.038163926	0.037473705	-0.05808433	0.06758115	0.008787171	-0.006744256	-0.0802832	0.0568255	0.05549399	-0.04600443	-0.027286122	-0.07637431	-0.0058260327
0.0062395916	0.026987199	-0.07466325	0.007140528	0.026146011	-0.04998749	0.050832197	-0.0088659	-0.08247967	-0.072263554	0.027689815	0.031425096	-0.06405358	-0.06959758	-0.043139886	0.045874957
0.053310256	-0.07080692	0.07564227	0.08056636	-0.042430907	0.070213936	-0.087602854	-0.12542796	0.08859901	0.07990012	-0.11449404	-0.051871564	0.07625531	0.053354017	0.08496197	-0.1324091
0.11317157	-0.0880298	0.09827725	0.07931399	-0.036258224	0.107765615	-0.0425374	-0.08899294	0.09019264	0.07819276	-0.03484389	-0.098575145	0.030477272	0.10819766	0.08842974	-0.07689204
0.017211717	-0.0034965428	-0.060105193	-0.030997077	0.030548241	-0.07010843	0.074917555	0.022360642	-0.05616609	-0.056649797	0.07244608	-0.012541465	-0.040396117	-0.060932584	0.009245335	0.07182377
-0.030938603	0.048591416	-0.063308075	-0.01650686	0.038822062	-0.05735412	0.0038494663	0.024512565	-0.02691807	-0.0071004364	0.052254964	0.005771911	-0.010556118	-0.060850654	-0.038387347	0.044010546
-0.014505991	0.03732837	0.0013577843	-0.061022073	0.08043604	-0.029926945	0.002567055	-0.0072146216	-0.07670325	-0.056859482	0.046080537	0.07103129	0.0009853112	-0.08235602	-0.027531637	0.009567878
-0.0335298	-0.045807928	0.015588465	-0.02832175	-0.06047774	0.026253268	-0.03178968	-0.021114085	0.029285872	0.044877935	0.0045185615	0.021002468	0.013829056	-0.032225665	0.011855359	-0.05732688
-0.01977712	0.055803254	0.016346123	-0.049981356	0.060779102	-0.0036079073	-0.008252986	0.023042383	0.0038568075	-0.01395577	0.023709197	0.020253558	-0.058935754	0.0010978818	-0.037266906	0.0328888
-0.03657609	-0.036956687	0.044948705	-0.02347712	-0.012360482	0.055844933	0.021813128	-0.038384568	0.06086675	0.01673445	0.0083348295	-0.03277829	-0.026086634	0.025660008	-0.015048718	-0.03706201
0.0488602	0.0048413	0.030897947	0.0054603154	-0.0016570754	0.032185387	0.02523881	0.027182745	0.047683515	0.02274298	-0.060258836	-0.0030552587	-0.013361676	0.049422976	-0.0059665255	-0.02481899
0.04231349	-0.047430627	0.013464336	0.014328424	-0.05397762	0.025909757	-0.060847715	0.010752099	0.01733675	0.032183364	-0.060646195	0.024152482	0.05066847	-0.011581847	0.038918532	-0.06365015
-0.077958465	-0.007895676	-0.027256534	-0.08396479	0.014036753	-0.06599816	-0.003667793	0.06889116	-0.075432815	-0.09663867	0.04195193	0.035243817	-0.06757719	-0.03200387	-0.06899464	0.04905378
0.0069781314	-0.001961541	0.027714843	-0.020766906	-0.05615646	0.03193486	0.036244065	-0.0062992587	-0.024995513	-0.029646883	-0.03490808	0.016691258	0.006157246	-0.034649827	-0.025087891	-0.023612568
0.040226918	-0.053298175	-0.028786343	0.023570834	-0.010343657	0.013303828	-0.0048725004	-0.008003052	0.05354691	0.049548928	-0.017562674	0.029941322	0.025223777	-0.025514811	0.031820808	0.0022265862
-0.02823818	0.023176948	-0.007811749	-0.03511957	0.07547089	-0.027602583	0.041226875	-0.009436044	-0.07758717	-0.06523409	0.015360182	0.00073841756	0.0035048802	-0.080083944	-0.054258753	0.009206186
0.04873154	-0.06921092	0.10192766	0.0727262	-0.12104532	0.07955098	-0.071226545	-0.10126932	0.06848531	0.119012825	-0.0484644	-0.08495865	0.041669656	0.056471907	0.042077575	-0.10096269
0.06992992	-0.08669736	0.064488344	0.05846222	-0.0723391	0.06221388	-0.051522616	-0.045135446	0.057737194	0.10962331	-0.111822024	-0.07797096	0.021604747	0.094040535	0.10784682	-0.05353995
-0.12213429	0.07794336	-0.091782756	-0.051486287	0.10856369	-0.11288953	0.045818835	0.08439661	-0.05125665	-0.07028225	0.07971292	0.05307059	-0.02899507	-0.019912945	-0.054864958	0.06696824
0.00868528	0.014072177	0.0014888225	0.0295257	0.0025878593	-0.029434647	-0.05119742	-0.062278327	0.038796626	0.037252482	-0.021803638	0.02936508	0.02746855	0.020380296	0.028308664	-0.022427075
-0.075289935	0.04160256	-0.055504985	-0.033731002	0.021067498	0.0102550415	-0.012864406	-0.0060278247	-0.044685844	-0.04326792	0.073921	0.048646342	-0.014244252	-0.03451389	-0.017793193	0.054197002
0.058293104	0.034809288	-0.0056242933	0.022322474	-0.03876063	0.052519362	-0.007838391	-0.058940046	-0.009393465	0.052357495	-0.035097815	-0.0068618804	-0.023363143	0.044440858	0.028798593	-0.05511772
-0.052541673	0.010134571	-0.015267348	-0.021047654	0.03611545	-0.075379066	0.08033975	-0.013684593	-0.002325163	-0.066404864	0.039548624	0.042482235	0.018033197	-0.06525315	-0.039809026	0.064415395
0.054089602	-0.012572432	0.033795785	-0.035747826	-0.046778623	-0.02700876	-0.058132403	-0.010212963	-0.005357407	-0.029723885	0.01976391	-0.033002302	-0.015473968	0.043911852	0.0071368758	-0.027730955
0.060594473	-0.024609655	-0.025106918	-0.032898486	-0.042173926	-0.01332221	-0.0133314645	-0.010563035	0.00023209286	0.00010718798	0.017545568	-0.033821806	-0.032873813	0.010550113	-0.008821667	0.0036151186
-0.019611433	-0.035057712	0.03472376	-0.028442629	-0.028497921	-0.03297405	0.014978742	-0.0046125175	0.00399285	0.0031776542	-0.008864713	0.015608262	0.004864675	0.009999581	-0.026565926	-0.030039122
0.029325102	-0.0153113585	0.021687662	0.035621297	0.009775202	0.008244938	0.028722623	0.004339251	0.05962945	-0.018663658	-0.056615476	0.007048922	0.04234693	0.0327691	0.02695548	0.0031716046
-0.028032266	-0.034586564	0.0044472744	0.058917064	-0.038814347	-0.032653596	-0.038283143	-0.02922218	0.020668838	-0.016399693	-0.0050531277	0.013730186	0.030018762	-0.012767398	0.0040724627	-0.05540211
0.0978983	-0.12242544	0.033076886	0.07240892	-0.13560478	0.12363591	-0.065423645	-0.081672944	0.10023478	0.06299591	-0.07275354	-0.07752672	0.10645294	0.101141855	0.024243873	-0.07626575
0.10330058	-0.09145145	0.09322375	0.047202826	-0.11140218	0.042044062	-0.08354241	-0.08578054	0.10268423	0.055231787	-0.066501044	-0.040474046	0.017712649	0.08635365	0.10692004	-0.1153271
0.12596244	-0.11377055	0.068303846	0.107827745	-0.0878381	0.11893313	-0.12055318	-0.11301807	0.13512962	0.06555266	-0.038731612	-0.059101537	0.031450097	0.09272687	0.082142964	-0.04373052
-0.038512956	0.062246133	0.0116546005	-0.011098194	0.040586047	-0.031323627	-0.016863758	0.0017009894	-0.032083545	-0.016116558	0.00797254	0.006837112	0.004258469	-0.0062125158	-0.000958754	0.015534876
-0.01467991	0.06370405	-0.082573205	-0.038340025	-0.02086206	-0.07946957	0.005001228	0.009194073	-0.039411917	-0.029976875	0.07483228	0.05640463	-0.056202583	-0.06700876	-0.012735879	0.04326978
0.08997183	-0.031071719	0.06028275	0.105744615	-0.105631605	0.036459465	-0.060975406	-0.043623503	0.08671858	0.09978459	-0.08986254	-0.053736154	0.027667243	0.039524056	0.064844236	-0.052331924
0.04240333	-0.040145848	0.018484868	0.028093781	-0.07990651	0.069529325	-0.07266788	-0.061151758	0.03872064	0.093135305	-0.056472033	-0.022438243	0.04982395	0.04703889	0.04952115	-0.023166727
0.027396312	-0.040935438	0.079800196	0.097072884	-0.06333205	0.06532974	-0.094978236	-0.06534341	0.073114835	0.057535157	-0.043263186	-0.10024377	0.048529945	0.09612001	0.05847769	-0.028001944
0.10116497	-0.026520077	0.1043024	0.096597604	-0.015723033	0.03166298	-0.030953318	-0.055609867	0.049976204	0.121471	-0.054010127	-0.029634362	0.026200034	0.064693674	0.09933738	-0.07083341
0.00844187	0.021566592	-0.004957576	-0.013636785	0.05480106	-0.0116271	-0.00031461418	-0.010537117	-0.015903166	0.01963215	0.0231192	0.053237308	-0.010487554	-0.056511793	-0.0015879372	0.007971778
-0.017840367	0.09943536	-0.019017953	-0.09751144	0.03091305	-0.094700925	0.0639341	0.071539946	-0.091400474	-0.06599898	0.09535946	0.07774497	-0.026409445	-0.08633187	-0.079906896	0.093720734
-0.006374161	0.021698682	0.00077300717	-0.048019774	0.04338514	-0.021744033	0.009660133	0.05814939	-0.013841828	0.005551603	0.0499685	0.049276177	0.0009849499	0.00046705594	-0.01466195	0.017886162
-0.022993758	0.055728685	-0.010142876	-0.007897006	-0.012682285	-0.041115563	0.018377192	-0.042274844	0.004798773	0.04092983	0.0003733251	0.0033828039	-0.04372799	-0.017417181	-0.049696423	0.0323841
-0.012450109	0.015493051	0.04348192	-0.022590924	0.01903426	0.0429775	-0.03501696	-0.017644811	-0.05138344	0.046022784	-0.028006902	-0.039155997	-0.032458752	0.0024314453	0.017833503	-0.013335873
0.03228619	-0.033068527	0.019433217	-0.028375963	-0.01467558	0.03125703	0.022750137	0.0405307	0.019300092	-0.01599606	0.01994706	0.032838307	0.023604417	-0.017746836	0.013324676	0.051800862
-0.043533795	0.051785093	-0.046233393	0.0004494423	0.016284196	-0.022414492	-0.010089993	0.04334582	0.028465554	-0.041370384	-0.009034165	0.03497373	-0.006840036	-0.012246149	-0.0065635988	0.05217845
-0.0471806	-0.020699324	-0.046893764	-0.03561806	0.024586888	-0.028088076	0.011570276	0.047283176	-0.027270308	-0.042737056	-0.007849467	0.02303944	-0.04549	0.00052561733	-0.021441864	0.056618784
0.043077838	-0.021749185	0.083178714	0.039389342	-0.08871829	0.053903226	-0.08817101	-0.057680294	0.048053317	0.044745907	-0.05465817	-0.059591338	0.031601295	0.097060174	0.10342069	-0.05455522
0.027090626	-0.056506604	0.028184572	0.0956134	-0.032715168	0.10553276	-0.037068352	-0.063483156	0.08250354	0.05867013	-0.07624659	-0.031650897	0.07522425	0.05611202	0.077318974	-0.07531974
-0.017790671	-0.0072098197	0.044606216	-0.03837425	0.049303632	0.0119516	0.040290784	0.043994788	-0.009449748	-0.03852594	-0.013596915	-0.010345983	0.04231093	0.022188328	-0.0075183334	-0.03505656
0.017898712	0.05184149	-0.053501576	-0.044582933	-0.02612523	0.040102184	0.007466464	-0.02620054	0.0026348901	-0.022120353	-0.022244228	-0.043306936	0.034556273	-0.020601762	0.03167644	0.022787321
-0.055274855	0.007332854	0.033460915	-0.023767207	-0.013358919	-0.041963153	-0.030658968	-0.033989497	0.028326318	0.0003473872	-0.006447664	0.04031864	0.036998652	-0.04198132	0.042839516	-0.037514675
0.06275849	-0.09415959	0.09664654	0.0939368	-0.10489397	0.0624143	-0.047234315	-0.05925851	0.118065916	0.07764172	-0.086122565	-0.043170452	0.034575786	0.076370396	0.08966477	-0.0524189
0.0017653536	-0.06281669	0.03680043	0.006348794	-0.04725578	0.091976956	-0.008973898	-0.03393065	0.043112956	0.032663193	-0.001417516	-0.10028081	0.006261182	0.019292476	0.047044147	-0.08761376
-0.006539501	0.049505074	-0.044661053	-0.038786225	-0.030881124	-0.057494793	0.055977482	-0.036727734	0.012490028	-0.008932094	0.054915067	-0.023274463	0.032746766	-0.051115196	-0.011291689	0.05618908
0.08923721	-0.02511647	0.01758369	0.07513389	-0.03686542	0.015571755	-0.032509007	-0.05238836	0.075075924	0.06111671	-0.041605067	-0.05840845	0.084059305	0.039816886	0.05802035	-0.08509516
0.02011534	-0.06861673	0.0450725	0.056274235	-0.07778166	0.025668232	-0.008308989	-0.09251707	0.03849567	0.10998767	-0.01692506	-0.016673267	0.026941482	0.076664075	0.10169805	-0.052173465
-0.027750084	-0.0021542243	-0.0012807592	-0.046853796	0.030206895	0.0014474518	0.04250494	-0.027749468	-0.00525178	0.0033630773	0.030389283	0.022488074	-0.035940904	-0.047173336	0.02428132	0.054022457
0.028177278	-0.038201775	-0.024891663	-0.044633258	-0.034655914	0.02198801	0.00875481	0.052589517	-0.02436127	0.040517215	-0.014439669	0.013358628	-0.008729061	-0.012430178	-0.0027359587	-0.02334674
0.01192907	0.042766195	0.042429954	-0.018564237	-0.0046868427	-0.022170272	0.05330695	0.044366047	-0.021655666	0.037159294	0.033234138	0.038283203	0.003659204	0.035438728	0.024726737	0.01886072
-0.09739509	0.023733579	-0.027689457	-0.0845896	0.051173992	-0.08067773	0.063657835	0.070761114	-0.049248964	-0.087612756	0.0060596494	0.06420839	-0.035180867	-0.08700243	0.0030827713	0.061840594
0.016292285	0.0051199435	-0.027990978	-0.016772605	0.025341371	-0.03134541	0.008823998	-0.019103779	-0.043797243	-0.033817947	0.003924151	-0.011721773	-0.029921543	-0.056715813	0.0016063773	-0.002424973
-0.037962157	0.047174834	-0.0029842001	-0.012477195	0.043704208	0.04778939	0.0005902683	0.0062524537	-0.016741589	0.037688922	0.00048010598	-0.033114266	-0.031487286	-0.0397012	-0.02201108	-0.005799299
0.04386095	-0.03147091	0.061421447	0.053273696	-0.10556299	0.061447874	-0.051547125	-0.039425734	0.06457561	0.071480215	-0.012972557	-0.09180674	0.08035736	0.05817289	0.006743397	-0.035050962
0.009535287	-0.07060918	0.07874543	0.087359436	-0.018174285	0.0371772	-0.06346851	-0.021374598	0.11211225	0.08222393	-0.054946102	-0.07458098	0.059818972	0.032471508	0.06724742	-0.053176373
0.031708963	-0.07739892	0.049829505	0.06498765	-0.032550476	0.099996224	-0.108581886	-0.084049016	0.0835461	0.036338862	-0.098751314	-0.031172402	0.051746037	0.036292605	0.05119949	-0.06123348
0.04065559	0.053824	-0.016877567	0.038710356	0.01626163	-0.010766354	-0.025813555	-0.036856655	0.033767063	0.007739127	-0.031028293	0.050150927	0.012684461	0.025661973	-0.04680616	-0.001538609
-0.02193215	0.049333267	0.03238244	0.022055184	0.052699167	-0.050799698	0.028115112	0.012645278	0.006817297	0.03999841	0.035587136	-0.04619017	-0.01719066	-0.03363034	-0.04833972	-0.02755797
-0.008696929	0.032182354	0.029191345	0.017948769	-0.036773764	0.0144634	-0.022127114	0.005345433	-0.03295832	0.020924374	-0.015541045	0.029258613	-0.04415649	-0.039963398	-0.016028732	0.049290247
-0.10376576	0.090464056	-0.050759036	-0.10264773	0.11333506	-0.058204047	0.069670066	0.09869207	-0.10780615	-0.054249413	0.026519757	0.091061406	-0.059816375	-0.074609466	-0.0819643	0.015850583
0.048922885	-0.057978112	0.026787648	0.08734406	-0.11705536	0.05657758	-0.012218313	-0.10462737	0.08521718	0.02605252	-0.039890096	-0.0786826	0.09232031	0.022115417	0.05959049	-0.025107188
0.0054641673	-0.0075795976	0.018734893	0.02591345	-0.04778757	-0.023345266	0.039851177	0.02162388	0.003775	0.03008363	0.0066224355	0.008072873	0.026144313	0.0055186665	0.015355608	-0.002360671
-0.044236388	0.056170665	-0.058571845	0.011779631	-0.0351575	-0.040295202	-0.025734087	0.051128853	-0.034852497	0.007825871	-0.0244617	-0.015818983	-0.036635093	-0.02121669	-0.011756489	0.034745377
-0.02571203	0.0019176436	0.028102256	0.00465791	0.0010919758	-0.008721018	-0.0062093227	0.059958577	-0.0068466812	-0.026854388	-0.019931668	0.010457321	-0.021023272	0.0021846567	-0.015192305	0.049110416
0.030299531	0.053327363	0.028399326	0.010179966	0.06142133	0.0026552859	0.0546313	-0.028835185	0.01940752	0.03201329	0.02612663	0.033302464	0.031935826	-0.04134093	0.03208477	0.018812448
-0.010290434	0.09691762	-0.050892655	-0.054610398	-0.007101795	-0.08596931	0.03928757	0.06299104	-0.07544912	-0.08121429	0.08493115	0.036427386	-0.07834263	-0.06912433	0.001241297	0.07094848
-0.03807144	-0.034499947	-0.033972528	0.019101255	-0.0043145693	-0.00958499	0.033648074	0.03835447	0.020227378	-0.061519526	-0.021311114	0.015542296	0.023730148	-0.035451103	0.030712444	0.00070042507
0.00025574048	0.011984785	0.012390206	0.045877703	0.027153563	-0.008104514	0.0074467375	0.032166798	-0.033738233	0.0011203801	0.034740817	-0.027428351	-0.03523555	0.037558954	0.0012409973	0.058619365
-0.05685068	0.054455783	-0.023764785	-0.0047134357	-0.021816213	-0.0347501	-0.027115911	0.006585722	0.005501694	-0.048554856	0.007393846	0.017101776	-0.03641475	-0.012685593	-0.036523595	0.046889037
0.05142296	-0.10085343	0.01995852	0.10585461	-0.10952281	0.036312908	-0.01464806	-0.07130941	0.054606713	0.09825515	-0.09100467	-0.10367343	0.08118271	0.04048862	0.078703776	-0.0378761
0.092421204	-0.059288546	0.09087859	0.057481598	-0.1060672	0.050289914	-0.022060407	-0.09878619	0.12164222	0.097731404	-0.024345659	-0.1121948	0.11131693	0.07046086	0.053561475	-0.051497795
0.038440414	0.029530557	-0.020819638	0.025895342	-0.016578281	-0.0008257812	-0.033002917	-0.021915691	0.0042321254	-0.026444428	0.048511215	-0.016105661	0.010178847	-0.038391255	0.009530922	-0.029377673
0.034017827	0.01195813	-0.035701577	0.033598155	0.052939534	-0.02901444	0.028425029	-0.011803616	0.016098473	0.0070178383	-0.033275776	0.044894006	-0.005767705	0.018974971	0.030368606	0.013136136
0.041546196	-0.083748996	0.048399404	0.06401188	-0.0436801	0.109396145	-0.049137592	-0.059704255	0.034567334	0.030437851	-0.07265634	-0.07965702	0.06449096	0.09719531	0.08797258	-0.07523839
0.0012812442	-0.021720126	-0.005181258	0.038892023	-0.018591797	0.014589191	0.0021144599	0.003226988	-0.025900759	-0.023420589	0.05573061	0.046108007	-0.023184812	-0.008736663	-0.03141595	-0.037550997
0.00232276	-0.015406474	-0.0008714713	-0.041829668	0.01558262	-0.037481543	-0.033779852	0.005555112	-0.042619623	0.0026920398	-0.021595597	-0.02573655	-0.013053187	0.0076654684	-0.04794885	0.031355456
0.03521281	0.015684303	0.023846531	-0.06143455	0.019902622	0.0045583416	-0.024411466	0.03846608	0.0071899234	0.014176722	0.006627087	0.032124758	0.037001405	-0.04599571	-0.041014507	0.030964185
-0.039389543	0.049525596	-0.040042005	0.011268758	-0.01560546	-0.0046108738	0.0009489801	-0.015920835	-0.012628081	0.022809422	0.053119272	0.006975748	0.034267087	-0.043087214	0.021209005	0.050661676
0.02530701	-0.074789084	0.0359541	0.08344599	-0.11029474	0.020791845	-0.07652476	-0.04018539	0.066565454	0.11083447	-0.09561196	-0.08764613	0.09846423	0.011864517	0.016158635	-0.046871066
0.033262	-0.07431299	0.012007618	0.08788334	-0.0501219	0.068233825	-0.052395973	-0.07814606	0.11044484	0.0513812	-0.03659213	-0.058803335	0.053049993	0.05354054	0.085409604	-0.040755756
0.01149374	-0.019780057	0.05205811	0.076963775	-0.03040921	0.10815541	-0.05709228	-0.08667939	0.11311516	0.07304781	-0.030284205	-0.04498707	0.018755278	0.06967185	0.0800862	-0.056344386
-0.044615928	0.044201538	-0.054414347	-0.0030339693	-0.013917476	0.007569943	-0.03547803	0.0003302078	-0.013099233	-0.059805054	0.037684206	-0.024794394	0.012065933	-0.015006611	0.037814006	0.02480776
-0.00023921028	-0.027971188	-0.027120765	-0.051205248	0.048728686	-0.015460471	-0.026723089	-0.0041489527	0.045770455	-0.05064283	0.0016200121	0.03950448	-0.04984275	-0.05192389	-0.0059801163	-0.0360104
-0.09831692	0.07790306	-0.017543506	-0.04992332	0.05966377	-0.040808767	0.020100448	0.05646257	-0.1022654	-0.02846448	0.10162411	0.03392481	-0.016408155	-0.05818122	-0.030040568	0.06464691
-0.00893601	0.018137544	0.021601694	0.024009073	-0.010763255	0.020840464	-0.04004051	0.0521997	0.005465506	-0.056408994	-0.0040217647	-0.006461747	-0.03736737	0.023109283	-0.040277336	0.026056943
0.06413119	-0.013623642	0.04987859	0.07943026	-0.058786966	0.031094756	-0.05670842	-0.074581936	0.089525424	0.01702237	-0.09410378	-0.06888032	0.02976553	0.104647785	0.027297074	-0.034771275
0.054029524	-0.07356326	0.042121463	0.06301923	-0.088330366	0.07295566	-0.10623093	-0.062555395	0.06108774	0.12131	-0.02358556	-0.10804814	0.019024195	0.052661657	0.06616315	-0.04283543
-0.077298544	0.021707572	-0.04858526	-0.012538251	0.049779948	-0.007069139	0.051961478	0.045916695	-0.112573095	-0.09244698	0.018517613	0.0380346	-0.09116962	-0.05054543	-0.0033157119	0.037865788
-0.10561523	0.016758073	-0.014234676	-0.03936357	0.06458791	-0.037846256	0.079475984	0.061943363	-0.111621454	-0.019651271	0.043604117	0.02809792	-0.09557808	-0.080260366	-0.078447364	0.09786309
-0.03393368	0.0045537287	-0.028551256	-0.0409879	-0.04502026	-0.04546419	0.020690843	0.05139495	-0.0019914757	-0.011667073	0.0077708475	-0.0021900758	0.0140555855	0.0018052699	0.0022706687	0.029565563
0.0121236965	-0.037714723	0.017427886	-0.047903072	0.0015026251	-0.04565259	0.012964927	-0.034870993	-0.047452472	-0.0002206938	-0.0132512	-0.01903814	-0.035137154	0.038661104	0.024011629	0.032003652
0.06626231	-0.102321796	0.09793409	0.013067048	-0.068389885	0.052874222	-0.097297296	-0.09543997	0.0777764	0.051312257	-0.06744028	-0.08798529	0.04709313	0.092878945	0.08551136	-0.0790317
-0.103973955	0.0553479	-0.013886052	-0.08609815	0.09293278	-0.0500308	0.064434536	0.022895178	-0.06045625	-0.06335584	0.09220527	0.060397077	-0.06854535	-0.011615517	-0.006567177	0.07579439
-0.035887457	0.051441472	-0.06417478	-0.019178519	0.06969958	-0.06294566	0.025310297	0.061201353	-0.033908885	-0.026146114	0.08983461	0.0028655462	-0.03977252	-0.07390268	-0.02784585	0.091390155
0.032471903	-0.031356882	0.031781863	-0.05536415	0.026593328	-0.051819906	-0.0013343291	0.0043319184	-0.0011338106	0.024367547	-0.0317765	0.011829702	0.006641807	-0.0038307274	-0.054720603	0.039167665
0.025667123	-0.041146643	0.052373007	0.027502963	-0.047592375	0.06387574	-0.06895179	-0.09416598	0.046390526	0.09166523	-0.067827776	-0.03248284	0.08512738	0.010930387	0.048516706	-0.07546109
-0.10764047	0.08180545	-0.0062059937	-0.06484718	0.112549886	-0.034080006	0.054622583	0.08338283	-0.09960675	-0.09826109	0.011559193	0.069944896	-0.047489375	-0.08358391	-0.061903976	0.045120843
-0.04153802	-0.026653297	-0.008513076	-0.012079647	0.029399512	-0.048635907	0.0012327394	-0.01685132	-0.030557211	0.013084725	-0.032766685	0.03357874	-0.023915235	0.0027855623	0.019555692	-0.0051185065
0.034389734	-0.106993005	0.07151056	0.0536299	-0.102635935	0.06320721	-0.10379819	-0.056860756	0.076434426	0.075631924	-0.007863321	-0.09181198	0.08809939	0.06539171	0.11234267	-0.05434309
-0.0061347475	0.01461426	-0.034671146	-0.08192846	0.052318327	-0.084585354	0.01705741	0.051900126	-0.06428955	-0.101474695	-0.0033972473	-0.003643859	-0.023135865	-0.06523107	-0.0714865	0.049903758
0.013750496	0.047217716	0.020382872	-0.024871908	0.029197702	-0.018624565	-0.027414152	0.0032724612	0.023892213	0.031911165	0.032947842	-0.04201565	-0.0412403	0.03562364	-0.041488767	-0.040340427
-0.021596638	0.09114699	-0.044205435	-0.007782495	0.08672036	-0.092444316	0.08370402	0.09151364	-0.021667505	-0.036115948	0.03577943	0.04981169	-0.022200743	-0.0078105894	-0.077397235	0.04498999
0.013294271	-0.0023990225	-0.051762547	-0.023541149	-0.0009887262	-0.03234508	0.013440161	0.042870685	-0.012661652	-0.043764874	0.032135747	0.041505102	0.027551938	0.005336431	-0.026288625	-0.025004748
-0.027222883	0.003123208	0.032702997	0.0070856195	-0.022879215	-0.022811137	-0.0077719134	0.019006677	-0.04587354	-0.060975853	-0.022270598	0.034546163	-0.046934962	-0.007512186	0.0021751455	-0.013796986
-0.010398393	-0.019615361	-0.03268667	0.005968948	0.04616575	-0.02534926	-0.03524088	0.0074901367	0.01142827	-0.012229108	-0.03021742	-0.0033786937	-0.02803772	0.019909147	-0.0021098922	0.04056362
0.009255942	0.034504566	0.0033190588	0.034084275	-0.011276781	-0.014531841	0.04897548	0.041509815	-0.0622202	0.014559409	-0.010576704	0.017569028	-0.014090731	0.030651039	-0.05597643	0.015798677
0.08870862	-0.09356197	0.08313051	0.104254045	-0.06576561	0.09169546	-0.022459475	-0.08445921	0.048371643	0.03996471	-0.050350588	-0.056853402	0.08281819	0.0871156	0.063723035	-0.035926737
0.04964188	0.017417781	-0.022259627	0.048478086	0.01712779	-0.05003815	0.03818225	-0.0043673436	0.006307117	0.039014198	0.03980284	0.014984405	-0.048497185	-0.0282058	-0.044390302	0.0037616137
-0.017251754	-0.027805561	-0.020080814	-0.0080209095	-0.013049408	-0.032337703	0.0051995674	-0.030688714	-0.0043354332	-0.024196355	0.020833991	-0.025053997	0.02834892	-0.049017582	-0.03461929	-0.0053369366
0.06861343	-0.07914135	0.03452576	0.025709419	-0.07801604	0.04631542	-0.087926514	-0.06065163	0.11117114	0.05061262	-0.09563292	-0.040389463	0.090608016	0.101671964	0.05859509	-0.108440615
-0.014006757	0.046176404	-0.0583925	-0.059577804	0.0035580925	0.01822437	0.023592414	-0.0104202	-0.023564482	-0.046288207	0.053509697	0.03743628	-0.04847464	-0.03243243	-0.015661279	-0.03000976
-0.03496141	0.009502865	0.03204514	0.0036124724	0.0030372334	0.01816239	0.033686236	-0.027537934	-0.0091646295	0.03727481	0.0032417874	-0.0035520915	0.00772352	-0.018159093	-0.05572537	-0.021777209
0.06278607	-0.07810095	0.08265333	0.0994885	-0.1036434	0.014245305	-0.085957356	-0.08160434	0.03835035	0.07766079	-0.015034036	-0.08418528	0.015328534	0.020664014	0.071542904	-0.09509648
0.096803784	-0.049064897	0.08765142	0.053101253	-0.02346923	0.086133674	-0.051846985	-0.08771791	0.08552363	0.049603675	-0.048813056	-0.0706175	0.046559878	0.030415252	0.055253662	-0.06121464
-0.01966279	0.021689374	-0.0284772	0.029465709	0.048420556	-0.0011607526	0.034854274	0.0009406763	-0.011770088	0.038483206	0.024548657	0.019532336	0.02631171	-0.033029936	0.022501653	0.052525893
-0.029584391	-0.025334049	0.039432067	-0.017554745	-0.012684103	-0.008927661	-0.038991906	-0.010354288	0.0073996033	0.029397681	0.003004487	0.030605303	-0.024069816	-0.01583261	-0.037572663	0.0025958754
0.06393497	-0.041819155	0.057797328	0.08773927	-0.052691236	0.07615439	-0.07814935	-0.057152387	0.034139104	0.050788514	-0.05491781	-0.06872535	0.031245718	0.05385598	0.08275679	-0.024476701
0.06034354	-0.059246946	0.045428935	0.100225784	-0.04888942	0.089159034	-0.09776435	-0.063531496	0.102057755	0.05106987	-0.036476813	-0.009744582	0.082688816	0.01934014	0.025938785	-0.07325534
-0.030597446	0.047962565	0.00934705	-0.004564849	0.0068398546	-0.03015345	0.055766836	0.049401153	0.011834155	-0.03776723	-0.005601751	0.03738552	-0.031647924	0.03723092	-0.03350773	0.009797969
-0.014798602	0.03844703	-0.011309439	-0.025760092	0.016817177	0.009950473	0.016084114	-0.04105899	-0.022099283	0.008860629	0.025301347	-0.028695615	-0.034497257	-0.0032168692	0.0402119	0.04879984
-0.018883284	0.091428325	-0.053633306	-0.038310573	-0.009714111	0.020608513	0.076270536	-0.020345466	-0.05742283	0.018127782	0.030261122	0.023769682	-0.025341619	-7.272009e-05	0.0075270836	0.0032542006
-0.039782938	0.037814	0.012155713	-0.029189456	0.05393574	-0.015409943	0.018100189	0.05523713	0.00786051	-0.006576969	0.0031352183	0.026893122	0.012400417	0.018771408	-0.030900514	0.032331236
-0.09329475	0.008073893	-0.031842303	-0.05016858	0.05132086	-0.08444743	0.098656565	0.05200122	-0.042607427	-0.08243435	0.10293751	0.059281174	-0.08581997	-0.03818212	-0.033738635	0.10479908
-0.022716539	-0.0133910775	-0.008678038	0.009445157	-0.004740213	0.0338361	0.050775405	0.051160045	-0.045897882	-0.024314165	-0.009372997	-0.018491797	0.038578585	0.031079741	-0.019677198	0.030277785
0.008039371	0.053254344	-0.028831847	-0.04031385	-0.018814132	-0.03174125	-0.001463398	0.009944785	0.010928911	-0.07882973	0.05127059	0.05731402	-0.043554906	-0.03346875	-0.044819117	0.035060737
0.00045157527	-0.029191222	-0.034548957	0.009457832	0.014746083	0.012644096	0.016012026	-0.013090963	-0.05665622	-0.044130214	0.024128824	-0.025791401	-0.028268145	-0.048266366	0.0423448	-0.009666003
-0.08355872	0.03772911	-0.068002194	-0.050734367	0.040628813	-0.026251735	0.03305616	0.04055767	-0.026698716	-0.032475464	0.05905305	0.098936275	-0.04033049	-0.017983433	-0.016680447	0.029966015
-0.05025099	0.01869183	-0.02214656	-0.074240156	0.06885263	-0.07354211	0.008064556	0.051047746	-0.054461118	-0.09628113	0.05177826	0.026771273	-0.010697792	-0.07135293	-0.074839614	0.058408316
-0.07307651	0.074323505	-0.0988259	-0.091733456	0.05657602	-0.0772954	0.06323786	0.04909721	-0.12477693	-0.041829657	0.070625976	0.022719858	-0.023336416	-0.08063654	-0.0033802805	0.08769906
-0.033865396	0.07679589	-0.06451521	-0.023277901	0.059288766	-0.04878477	0.0045955093	0.07605567	-0.042186946	-0.021933734	0.018248374	0.041810587	-0.0573669	-0.09702664	-0.08606542	0.04933577
-0.09690947	0.056199312	-0.090450205	-0.013037412	0.08493323	-0.089456186	0.016638387	-0.005915714	-0.049673703	-0.082878545	0.003725085	0.017992096	0.0072716335	-0.09224243	-0.009713717	0.06190611
0.027338592	-0.09367797	0.07159111	0.04591314	-0.10152861	0.08766711	-0.078115396	-0.05519081	0.08944657	0.060629692	-0.09313742	-0.09827573	0.08831519	0.09419326	0.09163543	-0.10342184
0.03158971	0.04640357	-0.00022023206	-0.04968444	-0.006457581	0.035563834	0.006850287	0.05112463	-0.055157963	0.014257298	0.0069968007	-0.041832343	0.017476516	-0.01711474	0.029273778	-0.035027407
0.06598201	-0.03330136	0.0742013	0.048854824	-0.113719694	0.08478154	-0.057129666	-0.04446003	0.04858838	0.061420046	-0.08155989	-0.082092404	0.105453975	0.0728413	0.08064051	-0.052392434
0.07566427	-0.012783097	0.019340267	0.107309826	-0.08205911	0.027794113	-0.03248791	-0.03816176	0.09249107	0.019286757	-0.08464556	-0.05103363	0.08996624	0.076915465	0.067962416	-0.050514884
0.018306324	-0.024513701	0.017832434	0.10822267	-0.076530814	0.026832901	-0.03752113	-0.0372173	0.062002935	0.11575703	-0.07610366	-0.03305231	0.0445336	0.106421575	0.08765649	-0.0375209
-0.0067657945	0.0069846343	-0.024182683	-0.0046099406	0.03994049	-0.051230766	0.018958244	0.07357961	-0.007589489	-0.07369575	0.0652026	0.010454356	-0.010693653	0.00048549817	-0.07469761	0.011837516
-0.04887128	0.038788114	-0.03298251	0.005377056	-0.045037117	0.02882424	0.015288694	-0.031570744	-0.00013057078	-0.042774107	-0.0028542504	-0.04366423	-0.012199479	-0.04736568	-0.0014351434	-0.027474362
0.043991007	0.04283458	0.017024565	-0.028225293	-0.002197178	0.021933647	0.013093985	0.0015204361	0.01655456	0.0050070416	-0.0061820494	0.037032153	-0.028739596	-0.048122637	0.040114705	-8.325594e-05
0.11207163	-0.09792535	0.076751515	0.07434537	-0.11662906	0.0737847	-0.028148599	-0.04856515	0.07036711	0.04219379	-0.0716431	-0.037239727	0.047618967	0.04190015	0.012824034	-0.100136176
-0.06586757	0.08522097	-0.053665172	-0.042465463	0.07788505	-0.010231206	0.07218342	0.07920236	-0.09128605	-0.06748327	0.047004655	0.046491187	-0.046046805	-0.031934872	-0.040809363	0.0536581
-0.09063052	0.0814203	-0.027418962	-0.087199956	0.07356507	-0.08816804	0.022530368	0.08081123	-0.06927334	-0.09286488	0.035442784	0.071059026	-0.029931284	-0.028707126	-0.012775176	0.092975765
-0.035293527	0.05498193	-0.062284	-0.09813543	0.10178364	-0.0979972	0.0850236	0.01154994	-0.10785552	-0.07350266	0.09538759	0.016726628	-0.035751015	-0.045305863	-0.033424955	0.023606243
-0.046733674	0.038530447	0.030700333	0.0012603216	-0.055679034	0.022572065	0.0044023762	0.015185831	-0.018224496	-0.013585946	0.011640522	0.029228237	-0.016103752	-0.018265449	-0.00716138	-0.031317715
-0.09475191	0.018621344	-0.0597749	-0.015451625	0.07060197	-0.08392944	0.06808838	-0.018253002	-0.045664668	-0.030072471	0.0010957835	0.06196541	-0.03427115	-0.013430679	-0.07847279	0.056262936
-0.019649124	0.026924726	-0.017432304	-0.0028790159	-0.025454726	0.008801621	0.053518713	0.028491111	0.04170682	0.0011252328	0.039130524	-0.022954715	0.016754212	-0.006451346	0.039132163	-0.037687685
-0.046452973	0.008865102	-0.0553233	0.034549322	-0.016018286	-0.0113375615	-0.023414414	0.017319264	0.014525971	0.044544607	-0.033896137	-0.004456687	-0.025039	-0.0070947786	-0.031897824	-0.024462806
0.075034	-0.10037556	0.096810326	0.04465181	-0.0974747	0.041861586	-0.01055028	-0.07353623	0.088769905	0.09771408	-0.037458215	-0.074331984	0.035981607	0.06607755	0.02412368	-0.06847788
0.009421927	-0.0098789595	-0.0054948805	0.010242928	-0.041994873	-0.024590597	-0.0026965397	-0.005310844	-0.0050690165	0.039566007	-0.032586515	0.05092568	-0.054317594	0.03770317	0.02088351	0.0051526157
0.110220864	-0.0099054715	0.089569755	0.1007963	-0.045250937	0.04489411	-0.024651052	-0.042781517	0.12168041	0.08988353	-0.07969232	-0.030623669	0.10592834	0.10786674	0.06488619	-0.06898853
0.01538691	-0.09773768	0.08932407	0.021685796	-0.025501909	0.090650156	-0.012559732	-0.05416752	0.12222123	0.01960726	-0.09137816	-0.096029714	0.03659307	0.018730871	0.10191487	-0.08240533
-0.02904445	0.0057569062	-0.007751775	-0.0794153	0.0068431087	-0.011837455	0.017205624	0.08166631	-0.09137651	-0.08557737	0.021662572	0.009325688	-0.016625764	-0.05512825	-0.054061532	0.015590508
-0.06312201	0.06599346	-0.0021436983	-0.09292537	0.103538774	-0.04404757	0.103576295	0.04640951	-0.040668447	-0.09334252	0.051703088	0.009671266	-0.029252304	-0.07494929	-0.010942701	0.054718565
-0.03561335	0.05555395	-0.019508362	-0.04698838	0.08532872	-0.021301748	0.088948876	0.09476628	-0.11833953	-0.050364878	0.07321658	0.013288685	-0.037582524	-0.08416514	-0.026620356	0.046160445
0.03673663	-0.041564986	0.038364056	0.033746313	-0.07713694	0.060779393	-0.053295683	-0.02801637	0.043488283	0.06962741	-0.07454384	-0.06283989	0.10710978	0.05857665	0.094300866	-0.07772662
-0.0440332	0.02032344	0.00083259906	0.035503864	0.022051899	0.027930671	0.0075444197	-0.023749148	0.029177781	0.025749374	-0.0005140075	-0.03428732	0.0002773349	-0.037497405	0.028565312	0.00525596
-0.040973958	0.027725218	-0.07958156	-0.023036143	0.034238867	-0.07655515	0.06560108	0.04004558	-0.067160025	-0.115067765	0.06521867	0.06375391	-0.081257895	-0.024792679	-0.09512944	0.036245886
-0.024827715	0.03343211	-0.023848321	-0.09583001	0.01993251	-0.078604035	0.033394285	0.07163281	-0.06852577	-0.058333565	0.032738134	0.016827598	-0.05704052	-0.07754292	-0.037688892	0.024157725
0.020515786	-0.011196282	0.0012214017	0.038363807	0.021285348	-0.046028316	0.05958459	0.0014787503	-0.012025579	-0.047229003	-0.036195263	0.043193504	-0.04503396	-0.04858603	-0.0256935	-0.020415874
0.0011091304	0.0548023	-0.05837745	-0.05727642	0.032092202	-0.039303456	-0.012097715	-0.033261932	0.029996775	0.0093274135	-0.016821017	-0.015804688	0.040513452	-0.020202506	0.014097718	0.0005185756
0.03541463	0.032509618	0.01251633	0.043931592	0.018756894	0.003295711	-0.0025429786	0.04592639	-0.055145636	-0.025787646	0.052248195	0.045575082	-0.044857137	0.023091197	0.03181562	-0.011338235
-0.019263726	0.0639592	-0.018659854	-0.021999663	0.03997295	-0.05496512	0.07574969	0.03699094	-0.04237433	-0.07524782	0.076857135	0.00431279	-0.07510059	-0.014496186	-0.026174337	0.05743757
-0.073891155	0.0182735	-0.040922947	-0.08896533	0.09165756	-0.09149845	0.021026023	0.07552076	-0.03882599	-0.051487394	0.054023262	0.09292182	-0.08444628	-0.040563863	-0.0984411	0.051608704
-0.056272034	0.045022115	-0.031378325	0.00642594	0.008658699	0.027732294	0.003985291	0.0031108793	-0.050076287	-0.00815333	-0.010445658	-0.008548221	-0.046355586	-0.03821553	-0.035257023	0.034952126
-0.011692088	0.011893672	-0.05091628	-0.05720771	0.003978295	-0.050921876	0.08144632	-0.0060837856	-0.018975355	-0.06142273	0.038721822	0.057548083	-0.037972916	-0.03156373	-0.010649109	0.023513664
0.037913393	-0.08874104	0.064292766	0.04443882	-0.0582256	0.06516402	-0.1045889	-0.094573595	0.067573726	0.07001936	-0.08316277	-0.11098248	0.018133473	0.042271566	0.070204966	-0.1144125
0.08189366	-0.040756416	0.027917054	0.054152783	-0.08938664	0.098439366	-0.1120565	-0.041498546	0.09753759	0.07894269	-0.04728504	-0.07913061	0.017855493	0.075686544	0.020515399	-0.11442691
0.06945062	-0.043103922	0.032943826	0.039381605	-0.06477615	0.068043664	-0.095111564	-0.07696916	0.10630142	0.100806005	-0.015518126	-0.09473162	0.06212741	0.10649325	0.06712784	-0.018655932
0.031314787	-0.0052342378	0.05865203	0.07616038	-0.050679464	0.10173482	-0.08723654	-0.07211402	0.025499633	0.10761335	-0.057454508	-0.06741394	0.038459323	0.07003718	0.0239755	-0.061776493
0.043079846	-0.030542526	0.064619415	0.078172944	-0.06665972	0.03658467	-0.0428986	-0.02279199	0.078525044	0.0619635	-0.047886822	-0.04936279	0.022114057	0.020833615	0.03640328	-0.03594605
-0.05923288	0.0708473	-0.09940389	-0.05783802	0.111250624	-0.049960822	0.025646072	0.022366405	-0.044672225	-0.085615136	0.01579879	0.008721288	-0.09751917	-0.04217204	-0.010334008	0.03891301
0.0009902462	-0.007823789	-0.03728615	-0.050754715	-0.04003818	0.023287773	0.0003800559	0.0060930266	0.02266632	-0.015700094	0.024968063	-0.01766051	0.014043318	-0.0009348908	-0.024638023	-0.008681712
0.069056444	-0.033613525	0.035827924	0.0739709	-0.02699314	0.0599617	-0.074492626	-0.053409755	0.12023931	0.08088513	-0.081684284	-0.06341371	0.021722285	0.08722768	0.051225275	-0.10298908
-0.04177968	0.03817347	-0.0026941625	0.017251208	0.04478963	-0.005554133	0.027611546	-0.016005982	-0.02091347	0.012665232	0.049551904	0.037640154	-0.015255247	0.023894683	0.01491629	-0.042099234
-0.030909864	0.036755044	0.03437932	0.037692256	0.025290504	-0.012953927	-0.032337394	-0.018616764	-0.03729695	-0.036496848	0.02018802	-0.022173481	-0.012455143	-0.051145457	0.043202627	0.013508684
-0.0144422585	0.033605658	0.010943874	0.037081234	0.044924412	-0.007618687	-0.025953282	-0.011602802	-0.017512666	-0.026342966	-0.04639053	-0.04180171	-0.022484243	0.031245893	0.016039127	0.023701312
0.051390126	-0.042366724	0.024618668	0.014707585	-0.060442798	0.025547937	-0.06684285	-0.06450989	0.06339204	0.1048682	-0.013875316	-0.10227049	0.07873255	0.04643531	0.025251731	-0.05309926
0.0683328	-0.008992956	0.1013894	0.019360647	-0.029159164	0.058567688	-0.09191799	-0.08167897	0.111200236	0.0727775	-0.10820778	-0.02827268	0.08842014	0.08811297	0.08556312	-0.05322442
0.023195593	-0.06626072	0.03870833	0.07891546	-0.07106311	0.061599936	-0.013047026	-0.07000132	0.08852114	0.043863386	-0.10307291	-0.07427528	0.029812139	0.07156545	0.08206511	-0.10831834
0.08442578	-0.028616935	0.036574244	0.08107792	-0.027974103	-0.0020704123	-0.08635104	-0.026665118	0.08527576	0.08501979	-0.05033294	-0.0074238693	0.06624353	0.013837081	0.011782227	-0.03962638
-0.00087122794	0.034737296	0.008321815	0.011808554	0.0017261542	-0.033762492	0.027023977	-0.017383337	-0.031489976	-0.034452666	-0.010246229	0.027553773	0.023474801	-0.03250492	0.024926802	0.019783787
0.037821215	-0.079910725	0.081534706	0.10951508	-0.049238693	0.015131394	-0.068115264	-0.087576404	0.12389197	0.05487872	-0.06595763	-0.04679357	0.03874407	0.050562873	0.07746008	-0.08920779
-0.017883152	0.019090647	-0.06611436	-0.058585387	0.06587533	-0.02858136	0.09773788	0.013750592	-0.03408071	-0.10548144	0.047121905	0.07748852	-0.08586825	-0.07774694	-0.0022063479	0.06009946
0.097826235	-0.076710135	0.033246763	0.0993873	-0.12026897	0.09907398	-0.037619583	-0.034772795	0.040695503	0.04775946	-0.08375095	-0.06741514	0.057844386	0.09292519	0.10975801	-0.04764666
0.021073312	-0.014768278	0.07555908	0.048931748	-0.06671249	0.02233497	-0.03939442	-0.06901765	0.114049986	0.07349211	-0.040983107	-0.014538794	0.102215886	0.06990816	0.050293483	-0.06480073
0.059183426	-0.07509838	0.0785758	0.098221794	-0.10722139	0.08293593	-0.066482656	-0.0339398	0.05705078	0.032283776	-0.07211545	-0.07928542	0.07522626	0.07348479	0.012910503	-0.043158498
0.024969889	0.048465382	-0.0107934335	0.030004902	-0.015916167	0.0015428734	-0.01809868	0.008873305	-0.009691601	0.018940657	-0.034455843	0.05052449	0.025903603	-0.01441057	-0.038089953	-0.027431061
0.07248592	-0.0423997	0.09353769	0.06453003	-0.08424583	0.021060864	-0.028248103	-0.098162286	0.070516065	0.054497052	-0.029264605	-0.067171395	0.04309744	0.08558088	0.056454707	-0.021521464
0.10726622	-0.033467367	0.02748132	0.011031684	-0.03860306	0.08691629	-0.015501476	-0.08725091	0.03626055	0.05119104	-0.0926689	-0.021642743	0.10387018	0.035273626	0.026673814	-0.025338387
0.08431655	-0.023568222	0.052112345	0.015429927	-0.06633366	0.036811452	-0.03814944	-0.09748883	0.039453	0.07889572	-0.09872592	-0.009918119	0.064169616	0.10516053	0.05147607	-0.082736395
0.08282758	-0.08596055	0.023363573	0.013175431	-0.051485777	0.024451513	-0.06457077	-0.071655855	0.07347831	0.071090825	-0.08621437	-0.098157994	0.069412716	0.08521391	0.051868156	-0.074060224
0.043706454	-0.042494815	0.016805047	0.081343964	-0.10951863	0.033046197	-0.10221115	-0.04220807	0.042492524	0.10444672	-0.013208189	-0.08611641	0.11045933	0.043806914	0.02178666	-0.057815038
0.012831743	0.051829126	-0.02591729	0.007742825	0.0047755097	-0.047088135	0.014804045	-0.0066986373	-0.022610204	0.034886196	-0.025778068	0.011609407	0.0062498194	-0.012804051	-0.018011913	0.039560713
0.030679056	-0.06442053	0.09459682	0.03648253	-0.119834095	0.10640364	-0.04566637	-0.06108657	0.09934505	0.045216907	-0.10950821	-0.06458099	0.057302155	0.06270617	0.017552044	-0.11804615
0.021074183	0.031888105	-0.0464894	-0.02206714	0.031017276	-0.028658343	-0.01353749	-0.024726093	-0.016408846	0.029889135	0.014950943	0.02456247	-0.030051611	-0.045916997	-0.0003358471	0.03820642
-0.102938786	0.07943058	-0.05392003	-0.09851751	0.09087504	-0.10040256	0.100111276	0.10057387	-0.112816416	-0.04595224	0.011808348	0.05904835	-0.00878781	-0.06894823	-0.057876553	0.07834011
0.08175837	-0.018439421	0.07760919	0.06197272	-0.07488944	0.064523175	-0.04230835	-0.09473352	0.08655399	0.09432015	-0.02223038	-0.019141985	0.06411924	0.086561166	0.05347057	-0.07140372
0.052101783	-0.10855784	0.054537717	0.072593845	-0.024069833	0.02533962	-0.098930955	-0.028399087	0.10898332	0.037377495	-0.070307724	-0.034538683	0.08461798	0.06451928	0.05395763	-0.10941021
0.019200275	0.048337955	0.035176743	-0.00566696	0.014929935	-0.04899779	0.01897281	-0.029929439	0.013629615	0.01518334	0.030682512	-0.038769055	-0.014371378	0.014124504	-0.03077941	-0.014875496
-0.050551224	0.084320016	-0.0638556	-0.058800075	0.053972498	-0.024134357	0.04416025	0.0055290875	-0.032655578	-0.058253612	0.0606902	0.0074359956	-0.034249514	-0.078038834	-0.053964794	0.025441507
-0.039705258	0.032012615	-0.0050430694	-0.032628912	-0.02913342	-0.01546617	0.025610507	-0.022215126	-0.022946967	0.037621405	-0.012803708	-0.011911183	0.0021110703	-0.05505259	0.015125511	-0.033071376
0.023012418	0.011084789	-0.029384453	0.00532583	0.0009912428	0.013533614	-0.01973166	0.041683067	-0.038544104	0.040946677	-0.01831651	0.01876917	0.008231293	-0.021396613	-0.036847457	0.05025427
-0.01587767	-0.043076668	-0.04007174	-0.017255751	0.015012345	-0.00012577293	0.0057932464	0.04421326	0.019628773	0.038685475	0.004502949	0.03612266	-0.047374025	-0.0021181398	0.013277282	-0.0077102487
-0.009907758	-0.044090748	-0.033709228	-0.0031671263	0.03011053	-0.0058385925	0.0044850865	-0.035186592	0.022167323	0.005929108	-0.008372125	0.045263596	0.040307406	-0.0007129366	0.04463169	-0.008890236
0.028477553	0.009986606	0.04106815	0.020639993	0.04395116	-0.044247933	-0.014592047	0.00542069	0.023975603	-0.032695673	-0.010799779	0.0471766	-0.032913398	0.015152596	0.0072978465	0.055819377
-0.090250626	0.09038908	-0.04095493	-0.02636993	0.035337526	-0.08451566	0.040514216	0.016726146	-0.09932737	-0.11319739	0.011748057	0.06758514	-0.017717164	-0.0001613567	-0.0071166293	0.016953029
-0.011182808	-0.02625108	0.030499808	0.008110534	-0.030415751	0.018212494	0.017147781	0.039713558	-0.02656398	0.008762275	0.034808695	-0.04542687	0.022132551	-0.046287276	0.020781739	0.027602606
0.0584005	-0.093604356	0.08214636	0.057999868	-0.09959229	0.100541584	-0.08220964	-0.024769906	0.07060993	0.10768144	-0.016303122	-0.034739785	0.029880825	0.07865585	0.08127699	-0.022459632
0.014579107	0.053201765	-0.034272607	-5.3553704e-05	-0.0065750694	0.012215126	0.014850165	0.035481896	0.0146829765	0.013306518	-0.028687924	-0.016836772	-0.031068448	-0.017215393	-0.029348249	0.04717304
0.01940305	-0.0814364	0.026939847	0.08704262	-0.09928581	0.087004386	-0.034502223	-0.050147515	0.055934276	0.07984197	-0.021601528	-0.08444977	0.020401618	0.10751739	0.09297149	-0.08452802
0.019565808	-0.005837291	-0.019727252	-0.029350832	-0.0027666523	-0.02908926	0.06785885	0.051547922	-0.0018421994	0.029903278	0.0066222013	0.059471775	-0.0059510153	0.010785711	-0.013276785	-0.0078284
-0.013343288	0.06518473	-0.05311726	0.0005351517	0.02393155	-0.058973286	0.023319507	0.04935044	0.022187103	-0.017128915	0.031159483	0.0067257313	-0.037964053	0.032173365	0.012893603	0.025712483
-0.054865208	0.014840329	-0.009124657	-0.03293897	0.054099105	0.023937404	0.0022813894	0.045838114	-0.052615535	-0.05713316	0.03267921	0.008459186	-0.003238556	-0.056242075	0.027828544	-0.039485484
-0.058224346	0.014709669	0.010403523	0.0069721504	0.018942375	-0.05331733	0.020116327	-0.0031771595	-0.030561216	-0.059485395	0.032313813	0.03535949	0.041768122	-0.03434664	0.03523026	-0.02487781
-0.06353597	0.09671379	-0.026592482	-0.016235782	0.08632901	-0.0721831	0.072029345	0.044570938	-0.0314841	-0.095892765	0.06864145	0.05511408	-0.08562755	-0.028800352	-0.08145512	0.04520435
-0.037497975	0.0041412218	-0.009512729	-0.031526163	0.050987735	-0.04573215	0.03388237	0.018780734	-0.033440746	0.024571784	-0.005226922	-0.041843522	-0.057356812	-0.002003456	0.038097426	0.054841332
-0.046842217	0.056290362	-0.0019113708	0.012021036	-0.03170458	-0.045553487	0.013771546	0.051737506	-0.03045547	-0.02984644	0.027179617	0.055293128	0.022469264	-0.006284654	-0.026361741	0.020018252
0.059332136	-0.04562253	0.04793829	0.01512416	-0.084408075	0.09870232	-0.022405166	-0.028081097	0.07448605	0.06655833	-0.076312155	-0.026154796	0.01645475	0.016907586	0.08081446	-0.037532292
0.02342643	-0.031433113	0.050825205	0.058795538	-0.025290262	0.07379021	-0.052386925	-0.08179281	0.057991132	0.07103197	-0.10068962	-0.021223495	0.08404455	0.05743769	0.063133545	-0.10214194
-0.0058748843	-0.0069209337	-0.0035193102	-0.0011969407	-0.007388078	0.008137321	-0.029651504	0.047034506	0.03896558	0.038887862	0.027732631	-0.013380705	0.035136055	0.0004021999	0.021920022	0.027216172
-0.048860583	0.005973743	-0.002319879	-0.042814005	0.016972274	0.0013476566	0.046666704	0.053238124	0.03262	-0.032317482	-0.007265344	-0.018986102	0.03544309	-0.026882872	-0.04203855	0.031137861
-0.02605599	0.053102687	-0.027074547	0.004311681	-0.045703493	-0.007907829	-0.036352217	-0.017614404	-0.012583134	-0.037731607	-0.022897977	0.0031301426	-0.029441236	-0.009072622	-0.03383259	-0.00026751534
-0.044332843	-0.021476354	0.028479509	-0.009125596	0.050842356	0.0083829155	-0.025576465	0.026455667	-0.03491094	0.0107554365	0.00036905028	0.03174369	-0.050392363	0.039325844	-0.041889913	-0.03851681
-0.06577208	0.08490686	-0.0422696	-0.059729427	0.096346244	-0.094747655	0.09208338	0.086511426	-0.083223306	-0.06971556	0.031567026	0.024299111	-0.058692575	-0.047022972	-0.0173966	0.059150003
0.052670132	-0.077641964	0.064186424	0.016156603	-0.08403521	0.085316196	-0.09252589	-0.040515743	0.06323088	0.06735032	-0.04834112	-0.064967036	0.069122456	0.08410285	0.04145711	-0.10215539
-0.009632527	0.012970573	0.025830563	-0.015507743	-0.025249735	0.030898837	0.020351136	0.038248695	0.025767637	-0.04666914	0.04993149	-0.014981453	0.033608884	0.00838157	-0.011012623	0.0045506675
-0.028626066	0.018575948	-0.053751487	-0.04514731	0.1070466	-0.06023619	0.07834491	0.062243402	-0.055147365	-0.026370177	0.026437014	0.025636373	-0.039850447	-0.060175397	-0.04520003	0.09796133
-0.030752609	0.028404199	-0.037249576	-0.033675697	0.09293387	-0.09078876	0.102838755	-0.00017813063	-0.10637504	-0.11359284	0.00940375	0.04374561	-0.04955178	-0.1026837	-0.09023594	0.05189495
0.09171193	-0.050581824	0.019726057	0.06835653	-0.06514553	0.11079225	-0.09873204	-0.09230211	0.08405649	0.11638899	-0.095164396	-0.043728095	0.038857352	0.10570648	0.04627479	-0.027500872
0.015339243	-0.0038609002	0.011922891	-0.009001865	0.04497755	-0.019474702	-0.043699153	0.026982218	-0.008095139	0.017612847	-0.038429305	-0.0033628135	-0.04157966	-0.013768441	0.025102587	0.043781575
-0.035773728	0.057019886	-0.078694455	-0.091152534	0.08945149	-0.034019668	0.08199846	0.06565629	-0.12403354	-0.0937006	0.02591739	0.0293086	-0.04590633	-0.05966927	-0.08366222	0.0114892665
0.03156484	0.02468831	-0.046949223	-0.032623157	-0.018060861	0.026284296	-0.025131617	0.03863267	-0.039352335	0.019378792	0.04791333	-0.03991764	0.016077353	-0.028213609	0.005404657	-0.013006714
-0.010553701	-0.023375	-0.037245136	0.018034095	-0.022211581	-0.02470329	0.05287378	0.023477044	0.04019702	-0.032204464	0.03509697	0.032882676	-0.0033381341	0.021242563	-0.0038380534	0.03407372
-0.053293042	0.05465152	0.03280759	0.036931057	-0.015287723	0.014974426	0.04582601	0.044885527	-0.014151208	-0.060277283	0.012263938	0.05726571	0.033000194	0.02803895	-0.004526441	-0.009641837
-0.015483634	0.013886461	-0.0011025838	-0.004883497	0.0028344153	0.017999029	0.025464801	0.020497603	0.027184997	-0.012458988	0.03972352	0.008200713	0.01594205	0.0012189576	-0.035259783	0.010244736
0.09290319	-0.06486837	0.01675394	0.09715385	-0.10501881	0.11024716	-0.012821604	-0.059873562	0.12511533	0.11079605	-0.07949933	-0.050143447	0.046501175	0.09453001	0.09959112	-0.11266517
0.09382778	-0.03657344	0.032890446	0.023443023	-0.039660808	0.033263057	-0.009672281	-0.08140663	0.05199942	0.06765937	-0.049698103	-0.028932992	0.028452946	0.08276018	0.056662768	-0.054484215
-0.06790044	0.056161296	-0.05935445	-0.0122320205	0.021678519	-0.036979374	0.010230415	0.057800785	-0.13407002	-0.06125341	0.06734976	0.0985295	-0.045008853	-0.008186059	-0.0059854076	0.027382594
-0.03430561	0.021595659	-0.006331835	-0.024671914	0.05655689	-0.04076437	0.09835609	0.104991175	-0.04993315	-0.049807057	0.06397047	0.049890757	-0.049505226	-0.069679014	-0.085469805	0.03558811
-0.08607117	0.03801864	-0.039377756	-0.08859354	0.10993191	-0.073441796	0.017428294	0.07549304	-0.071637936	-0.073389076	0.0678561	0.021357507	-0.04808409	-0.024784444	-0.0063672187	0.03573265
-0.04018358	0.04928077	-0.017160133	-0.036985878	0.024395898	0.022358736	-0.03172329	0.028868683	-0.005160226	0.0070127873	-0.026315449	0.032248624	-0.015544012	0.031477094	0.020459864	0.045959003
-0.0007245093	0.05021084	-0.032700807	0.037699997	-0.029826507	0.031884994	0.030402392	-0.031920284	0.040635973	0.0066784355	0.03725516	-0.029418621	-0.012532179	0.0074995733	-0.04048212	0.03215082
-0.012221393	-0.002617245	-0.0189734	-0.053153124	0.03222293	0.003223765	0.006414284	0.009952352	0.01770329	0.0046870117	-0.040418625	-0.04426676	0.021795787	-0.03012162	0.0056622988	0.040221777
-0.10251289	0.075421214	-0.052356813	-0.07362989	0.047109492	-0.09159168	0.052388854	0.031469308	-0.09569323	-0.028237823	0.057729933	0.061448123	-0.07376852	-0.07703668	-0.08242816	0.0135106
-0.031170204	0.06814318	-0.047426026	-0.040297024	0.07665168	-0.01194831	0.049539164	0.027875734	-0.10789424	-0.06555539	0.0038985407	0.08397453	-0.04421944	-0.102345884	-0.073536575	0.018399326
-0.030807631	0.066362806	-0.003915584	-0.062648386	0.043078233	-0.012295447	0.019980922	0.023573598	-0.039085038	-0.02131689	0.092133366	0.051687982	-0.0672632	-0.04457886	-0.065836154	0.08576287
-0.09299917	0.027440412	-0.09370804	-0.08292587	0.06212556	-0.090612225	0.06899307	0.048490364	-0.10938858	-0.01709239	0.054784026	0.055700365	-0.065856725	-0.03343555	-0.04066615	0.10345584
-0.05612604	0.0631522	-0.05870127	-0.072794534	0.09369621	-0.044129223	0.008239308	0.020526724	-0.07741804	-0.10907441	0.057395734	0.00075094815	-0.02867415	-0.046268318	-0.07764225	0.031783726
0.023373308	-0.06385342	0.038939208	0.070532925	-0.09795479	0.05000604	-0.079256326	-0.09935237	0.056396525	0.1096126	-0.07855522	-0.043182272	0.010802833	0.029967112	0.039154418	-0.08903403
0.075788245	-0.08193304	0.04572912	0.10723698	-0.02663949	0.108189434	-0.03699622	-0.010884654	0.08921364	0.022782326	-0.020026099	-0.07539289	0.018449659	0.040552564	0.043118536	-0.038910396
-0.0170943	0.023705887	0.0030735412	-0.04115151	-0.021446072	-0.006449183	0.045352332	0.0032705588	-0.005854865	-0.004629816	-0.016811982	-0.019960808	0.013104111	0.022363594	0.003043105	0.017885868
-0.0012043075	-0.02261854	-0.048620194	0.00030264503	0.027141795	-0.027612071	0.027124323	0.01656068	-0.01574414	-0.023449374	-0.018220259	-0.027251171	0.041465912	-0.05006018	-0.01777584	-0.031810306
-0.04222478	0.047022276	-0.06369113	-0.08291399	0.034222424	-0.05136133	0.03359093	0.08949941	-0.10566848	-0.10126318	0.08775398	0.024922775	-0.020004861	-0.05444401	-0.059746183	0.068581425
0.014609179	-0.011286842	0.020794107	-0.011963574	0.05467315	0.004991997	0.034763597	-0.02358534	0.0035802808	-0.048847094	-0.040482596	0.02078811	0.018661994	-0.025170663	-0.02525459	-0.04234138
-0.07767263	0.09586413	-0.03894289	-0.07994586	0.054187957	-0.042508885	0.041118745	0.010070514	-0.069026075	-0.09002207	0.020038484	0.050844215	-0.07963909	-0.03930815	-0.019669117	0.08760455
0.11348565	-0.106908955	0.015705662	0.032103993	-0.06861336	0.017329477	-0.081222095	-0.10292778	0.116226755	0.0798456	-0.0676834	-0.09046832	0.07840834	0.04936815	0.0942322	-0.013406009
-0.032412924	0.041873235	-0.042209037	-0.011693	0.049158134	-0.014282822	-0.030366594	-0.02507489	0.011330347	0.012344914	0.02159238	0.04078027	0.016832815	-0.021682238	-0.05760967	0.010516939
-0.028643707	0.004864947	0.015237613	-0.0103703905	0.051195357	0.0009081118	-0.01643452	0.014348659	0.02422114	-0.008762963	0.018215824	0.023245247	0.0154853035	-0.00021199883	-0.024418853	0.006422969
-0.05490691	0.003908982	-0.012554665	-0.008387835	0.060739364	-0.06464994	0.06675993	0.046039052	-0.053520836	-0.09906551	0.09982874	0.009783152	-0.0028165274	-0.10286981	-0.08443008	0.100636624
-0.0026420678	-0.007322593	0.01364079	-0.04841902	-0.014568469	0.0182645	-0.014848835	0.026956223	0.039300144	-0.04311058	-0.0030977223	-0.024667589	-0.0048226155	-0.008515925	0.02020798	-0.021887371
-0.037645392	0.07987511	-0.06884133	-0.026140107	0.08218996	-0.07511142	0.0052648713	0.012630618	-0.079115525	-0.07778099	0.036670882	0.06818531	-0.03557978	-0.021167003	0.012451409	0.045374706
-0.02886117	0.0802246	-0.013231184	-0.02895158	0.04015428	-0.039822765	0.043216728	0.030866235	-0.008306082	0.010482165	0.0366525	0.05400569	-0.03486424	-0.019451043	-0.007379576	-0.0041827955
0.11097661	-0.07053251	0.07062984	0.11022034	-0.097234875	0.0806889	-0.08803908	-0.055887345	0.11378139	0.0353408	-0.016449323	-0.0595752	0.092831425	0.0900311	0.08505905	-0.074667096
0.06304684	-0.036918372	0.090141326	0.031091964	-0.10351502	0.07281097	-0.059077974	-0.10977073	0.066318534	0.09080551	-0.06817242	-0.054494858	0.09571906	0.06392679	0.045320768	-0.034943953
0.10684014	-0.052636806	0.013639546	0.048405193	-0.10106715	0.079732165	-0.08918666	-0.026741011	0.083233744	0.024605896	-0.057861753	-0.028574916	0.050332084	0.03051058	0.08635154	-0.08492931
0.07914789	-0.061004166	0.02623593	0.0468876	-0.028331	0.071799	-0.10614896	-0.057248138	0.03558461	0.102795534	-0.091007344	-0.04295263	0.052819815	0.02442673	0.08075794	-0.11025949
0.019623993	-0.011831322	0.030339995	0.08936433	-0.07431103	0.035577625	-0.022968631	-0.012199276	0.12695871	0.12014078	-0.085859895	-0.04155012	0.0469643	0.036399167	0.04230215	-0.07732085
-0.0228218	-0.009083342	0.0368686	-0.036467116	0.04561844	0.0044649467	0.014269959	-0.0013329821	0.021061337	0.020952007	-0.009431613	-0.013566248	-0.012706854	-0.037459902	0.036997814	-0.018978197
-0.025193391	0.007342944	-0.008961337	-0.05155341	0.055325516	-0.012141252	-0.041971795	-0.0128804725	-0.055128478	-0.008358359	0.026202923	-0.032204904	-0.008146628	-0.019166177	0.0066859466	-0.022996526
0.092629515	-0.02383297	0.009880176	0.07349244	-0.039394177	0.1035612	-0.029634185	-0.08629532	0.0829672	0.035799697	-0.10845631	-0.10918026	0.012639468	0.10782123	0.021650944	-0.061357517
0.005189275	-0.03897661	0.035167087	0.029480608	0.05007734	-0.03904315	-0.028710935	0.009836683	-0.019506983	0.016706862	-0.039137896	-0.028850496	-0.005879928	-0.03955663	-0.019002045	0.045006193
0.046003353	-0.06513992	0.09642811	0.056700375	-0.09735359	0.10006139	-0.038799923	-0.061365675	0.09172655	0.0941647	-0.06158616	-0.034868363	0.016788913	0.062172554	0.023492806	-0.05563698
0.0712431	-0.06675661	0.05942672	0.083895065	-0.07276157	0.03316927	-0.02202964	-0.08472395	0.03587197	0.099159926	-0.04784363	-0.010226901	0.053600274	0.06247486	0.033825822	-0.08177342
0.08914277	-0.030447224	0.042587645	0.10283372	-0.048744496	0.04560367	-0.036208075	-0.06502505	0.060833186	0.07057479	-0.01104193	-0.057829484	0.10346707	0.06676247	0.043331362	-0.044636212
-0.042881522	0.09518659	-0.033270855	-0.04801379	0.08381478	-0.10047254	0.023053633	0.09198173	-0.1057842	-0.036984347	0.087106876	0.067252606	-0.08663637	-0.08003775	-0.037878774	0.014376152
0.088308305	-0.008025225	0.10261386	0.049521465	-0.10681439	0.021844624	-0.0261656	-0.026750999	0.079240195	0.04963322	-0.021865427	-0.08358923	0.082729876	0.012481724	0.06977522	-0.07311974
0.055443294	-0.01853707	0.058500934	0.018489262	-0.027251689	0.03261039	-0.060035698	-0.022117475	0.114726335	0.10938766	-0.050358817	-0.06106081	0.05867605	0.021795727	0.046104115	-0.071989186
0.058948312	-0.044416133	0.058070473	0.09059403	-0.051813234	0.060827397	-0.058805373	-0.11147667	0.097813666	0.0400246	-0.08737257	-0.047958095	0.03518131	0.0364805	0.041936718	-0.059830427
-0.03954268	0.08150375	-0.00569039	-0.09470546	0.033714816	-0.064988635	0.046359766	0.068447135	-0.05874853	-0.10756688	0.031921163	0.08226094	0.0004481979	-0.09619446	-0.09906219	0.015782187
-0.021525197	0.03785375	-0.010104088	-0.050629362	-0.019481046	-0.0203951	-0.024981974	-0.041713256	0.04166836	0.020038141	0.028637776	-0.045963142	-0.005437488	0.018231826	-0.03900217	-0.04564859
0.028118052	0.024817305	-0.0011410767	0.0323367	0.0016754547	-0.021546884	0.018105716	0.018056735	0.029409263	-0.04973583	0.022537526	0.024949651	0.018204393	-0.02529184	-0.003204294	0.031276185
-0.02088198	0.04204306	0.040737785	-0.039372668	-0.0098809255	0.027174836	0.05264188	-0.043241765	0.03443363	-0.04627022	0.027940582	0.037533022	0.014092676	-0.008222544	0.030753452	-0.036650743
-0.08162384	0.057218928	-0.045473706	-0.076639876	0.027823366	-0.06548471	0.06026772	0.07240177	-0.12764174	-0.08469294	0.05285349	0.07910193	-0.013372746	-0.01152031	-0.059285417	0.08766554
-0.019038096	0.04973305	-0.040784683	-0.061953746	0.07715556	-0.087717704	0.07588903	0.09479589	-0.046947725	-0.065404594	0.08991924	0.035273295	-0.01694206	-0.03897878	-0.013468749	0.04490889
-0.030493667	0.05421226	-0.03007325	0.006867928	0.026047973	0.0048563355	-0.037720446	0.056338206	0.021566086	-0.03816965	0.05051858	0.018345155	0.01635927	-0.04948968	0.041730408	0.029720832
-0.009548929	0.0130745005	0.014258267	-0.042475354	-0.009642754	-0.029469257	-0.041886628	-0.039118335	-0.034455378	-0.020087719	-0.026782729	-0.013495603	-0.01101512	-0.05115813	-0.013090943	0.054520316
0.048739545	-0.10301972	0.04412777	0.043745954	-0.045606818	0.07165097	-0.0811507	-0.061464205	0.092511445	0.08983984	-0.109166585	-0.031169588	0.047253057	0.052423876	0.08669588	-0.09663432
-0.031158462	0.06702275	-0.06615658	-0.04260143	0.007655278	-0.09626638	0.04489972	0.07871373	-0.059122164	-0.09837265	0.02201183	0.021293394	-0.08040183	-7.67776e-05	-0.059701044	0.052571815
-0.014958493	0.047825355	-0.046405148	-0.0108224135	-0.03093362	0.016930038	0.00444387	0.02062105	-0.012003408	-0.018289875	-0.032947835	0.03876879	-0.050538186	-0.0032367574	-0.040579073	-0.036778998
0.081150405	-0.049436234	0.08767173	0.011180943	-0.032121416	0.047615178	-0.10845502	-0.08776452	0.054688618	0.049934603	-0.06217067	-0.09376283	0.056272	0.08306717	0.055337053	-0.04362099
0.04856669	-0.07568929	0.060571298	0.08609413	-0.08088099	0.019014226	-0.07340023	-0.09999424	0.032491427	0.08072129	-0.08286842	-0.0088374475	0.039506447	0.034392703	0.013365313	-0.026114117
0.08013669	-0.09587514	0.094254576	0.07606393	-0.063341446	0.022917775	-0.064394616	-0.045219585	0.084752366	0.06469849	-0.08732053	-0.10640441	0.10529615	0.049734935	0.06968344	-0.086811945
0.02463077	-0.07354733	0.034350663	0.08151514	-0.02869275	0.10409724	-0.07008154	-0.06376257	0.074431255	0.1036514	-0.05093231	-0.1026217	0.06855264	0.08893778	0.07922851	-0.08900544
-0.08372967	0.07491044	-0.017824838	-0.018422455	0.03775388	-0.07250894	0.06681428	0.10223585	-0.071675085	-0.05540905	0.1017321	0.03130936	-0.011005252	-0.096327096	-0.0738727	0.088875115
0.0009206376	-0.010809882	-0.04714795	0.020673027	-0.034281358	-0.039996188	-0.01845055	0.041834034	-0.03506774	-0.05087106	0.016740333	-0.014755487	0.008931385	-0.047185723	0.021239188	-0.03158858
0.09548668	-0.052746918	0.080549076	0.06752919	-0.11671476	0.105854176	-0.068198085	-0.029359914	0.034560096	0.025902815	-0.09342175	-0.07331292	0.05285904	0.096745536	0.024841355	-0.029232884
-0.027437646	-8.504995e-05	-0.036240205	0.0026201773	0.013344649	-0.0007053911	0.0023910871	0.046332587	0.04292857	-0.027856512	-0.0068310504	0.0064512696	-0.015265961	-0.028556066	0.038132545	-0.031415626
0.0926765	-0.07781177	0.058725223	0.10683018	-0.0863946	0.042864367	-0.10494181	-0.09759615	0.116989344	0.03823627	-0.030962737	-0.091012865	0.08436775	0.10425103	0.031094192	-0.08179222
0.014159322	-0.059968773	0.079532124	0.030540595	-0.06521565	0.09385689	-0.015539199	-0.04476087	0.12960419	0.047922082	-0.08056927	-0.06675101	0.018915104	0.0490838	0.035121944	-0.09231236
-0.008619307	0.03679145	-0.023934897	-0.049324922	0.08446959	-0.04793674	0.06044015	0.032742225	-0.07644807	-0.101833045	0.094002105	0.0678111	-0.011247518	-0.06955636	-0.090532325	0.038629934
0.030174755	-0.09372634	0.08503361	0.099317715	-0.044930153	0.0733306	-0.109278046	-0.017589532	0.11132202	0.031380907	-0.06145051	-0.09297382	0.06650381	0.018362213	0.07382208	-0.025055489
0.054111704	-0.07849469	0.060634043	0.031247996	-0.080585174	0.01515149	-0.070015416	-0.027827628	0.10531513	0.026507575	-0.048808508	-0.05074061	0.03961685	0.03167068	0.021562707	-0.11008764
-0.05823092	-0.0053486866	-0.027544545	-0.02240952	-0.027024325	-0.04376836	0.03315906	0.04789412	-0.004912111	-0.057685465	-0.008855278	-0.024909372	-0.01279902	0.008563812	-0.010382874	0.058661643
-0.04631709	0.00123017	0.0035053522	-0.05669987	-0.016282018	0.017012022	-0.025265716	-0.018739164	0.04111755	-0.023376442	0.022907712	0.04280747	0.02129509	-0.028540974	-0.010708173	-0.0064312154
-0.032167085	-0.027618822	0.013030387	0.00075352564	-0.044536773	-0.03510021	-0.0067064925	0.027354864	0.00981793	0.0333066	-0.0058025573	-0.0060240966	-0.0028389732	-0.05147143	0.009276504	0.03977279
0.042119574	-0.10038641	0.059578616	0.040787492	-0.093633115	0.09066588	-0.015728531	-0.0127860345	0.04266288	0.10565196	-0.017865766	-0.07303284	0.06776957	0.027267626	0.07425531	-0.07725705
-0.06217334	-0.0018915331	0.032597736	0.019875128	-0.0241094	-0.055743817	0.003681716	0.01241397	0.0025209526	0.007628512	0.0019459272	0.022669785	-0.0063860198	-0.048843063	0.04262928	0.04487304
0.071181566	-0.028475948	0.08625061	0.058786765	-0.046107765	0.09258228	-0.055976607	-0.07997892	0.05162084	0.06502716	-0.052858643	-0.026636865	0.025047319	0.0833841	0.034611013	-0.07651624
0.05968002	-0.08715232	0.050159354	0.101014204	-0.048823018	0.0182254	-0.09223445	-0.088072464	0.041843943	0.09882369	-0.06703841	-0.04288092	0.10684098	0.08992155	0.012814251	-0.08238297
0.056816667	-0.08855881	0.059045423	0.099956065	-0.10064598	0.06730096	-0.035502706	-0.02631347	0.0356378	0.08530463	-0.037641667	-0.013587071	0.10143765	0.01635873	0.06981083	-0.0955991
0.08835095	-0.070795506	0.011945087	0.01551686	-0.10621879	0.06495853	-0.0947536	-0.02239018	0.10240624	0.09211473	-0.07479867	-0.02341303	0.01675851	0.013979791	0.0680821	-0.08182536
0.018561123	-0.025477089	0.046636585	0.016186854	-0.035910517	0.096258245	-0.051782276	-0.031476296	0.09986775	0.03349561	-0.015570147	-0.049974952	0.02294721	0.014519602	0.041455086	-0.019178504
0.028233025	-0.08685999	0.059092417	0.033548664	-0.03793221	0.09613857	-0.04063412	-0.066940375	0.0718454	0.05762986	-0.06525786	-0.04661721	0.029521268	0.065827265	0.06811044	-0.058763053
-0.05183855	0.04252004	-0.0048923697	-0.05477087	0.041068934	-0.010835056	-0.04237768	-0.039090276	0.029457808	0.039806426	-0.012250343	0.018317768	0.0062547056	-0.00866201	-0.010771112	-0.017789535
-0.01418203	-0.036722507	-0.039533168	-0.029852115	0.031371653	0.013581323	0.03934433	0.009337723	0.013446202	-0.03747215	0.03314174	0.01494046	-0.037057042	-0.031337336	-0.014118872	-0.011798318
-0.012001797	0.02517575	-0.03823095	-0.03592685	0.0346199	-0.044530574	0.027137835	0.028664133	-0.037020892	0.02806061	0.017705776	-0.0034949495	-0.044537436	-0.03935266	-0.007882499	-0.0425305
-0.0529625	0.059813403	-0.030494133	-0.10610546	0.0042293817	-0.08756055	0.016959645	0.07776322	-0.034167606	-0.11405652	0.07301547	0.011147875	0.0022352433	-0.044142853	-0.0032044486	0.04811044
0.02913867	0.046168458	-0.03531986	-0.015602982	-0.03563798	-0.032837383	0.0032609785	0.048298012	-0.007865956	-0.023667138	-0.01698675	-0.03123303	0.020607853	-0.04212796	-0.044191934	-0.015509856
-0.05358127	0.036781874	-0.0046580997	-0.05217434	-0.018340632	-0.010825644	0.02466192	0.017938519	-0.020097654	0.027734427	-0.0008607733	-0.0005626555	0.01813636	0.007097234	-0.0469699	0.034174938
0.09393686	-0.08020005	0.067623965	0.031343248	-0.119729206	0.09210105	-0.09127064	-0.060088865	0.09607063	0.10668168	-0.07075188	-0.04638781	0.042094126	0.035524137	0.06312071	-0.096603274
0.09402883	-0.1064578	0.0902892	0.106315635	-0.05213536	0.11167883	-0.020583533	-0.0366072	0.03894018	0.064034805	-0.090583086	-0.05718843	0.049721837	0.058615506	0.053499628	-0.11600835
0.020829393	0.03858037	-0.04202406	0.014131281	-0.007683521	-0.00023839387	-0.015140672	0.011295754	0.032988224	0.016924288	0.016869955	0.018396042	0.03965611	-0.007884694	-0.047702614	0.0025845806
-0.0118311485	0.0028766247	-0.039785497	0.022394078	0.036189288	0.02053135	0.008648753	0.03389093	0.0387418	-0.023071935	0.03134105	-0.0011664336	0.02276717	-0.04210985	0.0003163418	0.025475394
-0.06942779	0.010972791	-0.016351853	-0.06790334	0.1014223	-0.070211284	0.086664416	0.060081843	-0.035147764	-0.041630324	0.088737614	0.048580956	-0.0113239605	-0.03661731	-0.08436875	0.055277497
-0.049221598	0.06931296	-0.046968684	-0.044673346	0.036797833	-0.07169722	0.033728197	0.09790011	-0.10923978	-0.09764438	0.08110283	0.014913183	-0.087840535	-0.021999147	-0.08519062	0.03411821
-0.07769403	0.100080304	-0.0676158	-0.099762775	0.051719848	-0.013850467	0.092191845	0.009305986	-0.06932448	-0.070978284	0.056419384	0.0128086945	-0.05403416	-0.09782482	-0.016270425	0.058487657
-0.08596425	0.053544585	-0.048585977	-0.08322105	0.06581425	-0.03165126	0.025306147	0.08464654	-0.11526452	-0.058398876	0.06029025	0.020481847	-0.08213238	-0.08036115	-0.049524482	0.051290926
-0.037663035	0.055904362	-0.019476824	-0.019625911	0.015062421	-0.021271396	0.042893432	-0.037438456	-0.029183121	0.0032032817	0.047527485	0.005014113	-0.03678548	0.0071087354	0.033264246	-0.02036425
0.012970195	-0.0135194175	0.040789545	0.01566195	-0.025345946	-0.016229438	0.016484395	-0.0068458044	0.042440295	-0.018247738	-0.011783383	0.0070700753	-0.04655827	-0.037794877	0.04601045	-0.040768716
-0.026745912	0.07304857	-0.08562269	-0.07981142	0.046755724	-0.10378897	0.0517369	0.038082574	-0.05679122	-0.0649903	0.029554758	0.08601623	-0.021454265	-0.031872433	-0.065746166	0.07923088
0.036054794	-0.09623235	0.025974901	0.036215454	-0.0702409	0.09499371	-0.048001684	-0.05666236	0.03854108	0.08288866	-0.084608205	-0.073443204	0.047879178	0.029196559	0.09448536	-0.039876264
0.030399544	-0.07823516	0.03439106	0.03908856	-0.05688097	0.10351033	-0.09426716	-0.047271255	0.0729229	0.04329135	-0.098123156	-0.09616158	0.04111293	0.04584721	0.08639334	-0.074191265
-0.023648959	0.04617248	-0.015341722	0.0033314505	-0.031882796	0.016369186	0.020767828	0.0018518865	-0.0091046505	0.019587565	0.054420076	0.0092847	-0.009958999	-0.03067405	-0.025962388	0.0040438334
-0.03307221	0.087074384	-0.057818864	-0.029944092	0.069777355	-0.100944825	0.033913158	0.09280109	-0.12877019	-0.051754672	0.088112324	0.05959559	-0.07432105	-0.022040332	-0.052999515	0.033797912
0.11582372	-0.07865375	0.08296869	0.05246292	-0.029302996	0.021275675	-0.033594258	-0.0906	0.08813265	0.09638935	-0.043339215	-0.08130796	0.027474564	0.102852866	0.10199661	-0.028943427
-0.004292266	0.022758365	0.0026370236	0.017153382	-0.018729784	-0.05588544	0.03281474	0.022573445	-0.009586195	-0.019190485	0.038885396	0.03773352	0.00954227	-0.032347895	0.026115865	-0.007134382
-0.015158306	-0.023571586	0.0021707066	0.018756729	0.04784738	-0.021149699	0.03586617	0.0304611	-0.021355802	-0.019109532	0.0306071	-0.025179572	-0.014954079	0.030771086	0.023513876	-0.020313177
0.03060819	-0.034208857	0.031361688	0.08333014	-0.031107865	0.036202855	-0.06483698	-0.05529163	0.11178058	0.05989394	-0.04199634	-0.015241532	0.103049725	0.053141207	0.0089648655	-0.073485
0.028560191	0.0060712127	0.018462744	-0.0034718043	0.025834052	0.026654063	0.025065348	-0.03352409	0.0051176874	-0.014236397	0.012519527	-0.0056204307	-0.034969125	0.040494733	-0.032353587	0.0065396316
0.09498835	-0.027181853	0.10057081	0.05600581	-0.038404267	0.05113126	-0.099138215	-0.051229175	0.081248656	0.06967876	-0.07936071	-0.057516996	0.10311649	0.027575566	0.054930236	-0.061742388
0.008445838	0.030978518	-0.053774707	0.027578184	-0.025116194	0.030234208	0.041651674	0.027111268	-0.025694426	-0.010857149	-0.014862183	-0.042425368	-0.030294532	0.012923875	-0.04959718	-0.012961534
0.08286623	-0.06866475	0.016680062	0.03365209	-0.090246014	0.016576683	-0.08239874	-0.0631394	0.020518446	0.057977747	-0.06494625	-0.020997887	0.0015737361	0.0075702285	0.03948367	-0.08400845
0.03211637	-0.0034027535	0.023739982	0.028140293	0.043913823	-0.048807554	-0.027721241	0.007858483	-0.015387742	0.015445437	0.035853334	-0.03224261	0.0016730776	-0.026474645	0.031478625	-0.03714637
0.007338247	0.0056982436	0.011815189	-0.020357022	0.016507719	-0.017217789	0.043553773	0.021466888	-0.0065659387	0.03934365	-0.040626116	0.01636101	-0.040533394	-0.024288874	-0.0121894935	0.030753301
0.014078856	0.039818425	-0.018076224	0.032175947	-0.0056192805	-0.057171393	0.054500688	-0.0110531775	-0.0016937661	-0.046071675	0.011603846	-0.023148054	0.026490588	-0.00025964584	-0.031931065	0.007649103
0.023706175	-0.10944215	0.048727516	0.06136173	-0.03696629	0.06063426	-0.09366018	-0.05976106	0.11260189	0.120666064	-0.048080776	-0.029115278	0.06947809	0.013650091	0.021614242	-0.09475881
0.046290167	-0.024633981	0.048454408	0.020185236	-0.058436785	0.09805194	-0.086499415	-0.02083943	0.04036093	0.03833233	-0.09889865	-0.048156198	0.076428585	0.086524114	0.048081722	-0.11125458
0.092240304	-0.057594597	0.08356673	0.022392265	-0.0718615	0.10845164	-0.09645038	-0.10714963	0.11233822	0.06865098	-0.05792399	-0.07313946	0.093525864	0.08452221	0.016417954	-0.036267087
0.030063713	-0.01749834	-0.007977947	0.020708919	-0.045549627	0.015361625	-0.027333528	0.046605162	0.043897096	0.018081678	-0.044329997	0.012979372	-0.013796199	-0.04052543	-0.036192305	-0.042312223
0.107939065	-0.07455204	0.092154294	0.058062132	-0.06805237	0.08005366	-0.039996415	-0.10143903	0.11977631	0.08359376	-0.016827859	-0.040874876	0.024817165	0.04099254	0.07538724	-0.05300796
0.077647634	-0.09819341	0.08731202	0.069110915	-0.06923327	0.014880589	-0.057766225	-0.028906114	0.046031725	0.09982785	-0.054405957	-0.09180481	0.10943631	0.093478225	0.08592438	-0.06009805
-0.04415306	-0.012842227	0.027912706	0.03352101	-0.03615774	0.0133748595	0.010187048	0.031684015	0.00080065813	-0.054810815	0.041415732	-0.033788446	0.024681635	-0.01804785	0.011913329	0.04117202
0.059616942	-0.06582102	0.08012859	0.04283638	-0.03552859	0.0983809	-0.029888356	-0.088507384	0.118598625	0.11252067	-0.04768929	-0.03162529	0.09079736	0.07330444	0.09645007	-0.08074442
0.09341179	-0.023893908	0.08638748	0.097140215	-0.05742716	0.070849545	-0.037978668	-0.06610235	0.0959113	0.11229914	-0.090246625	-0.06863239	0.01957219	0.017582964	0.042586073	-0.047469128
0.028107084	0.021815613	-0.0017710906	-1.0258067e-05	-0.003508055	0.004109714	0.05434357	-0.0043881945	-0.01016482	-0.0043301703	-0.003977947	0.05706053	-0.0017291034	-0.023034215	-0.00057021726	0.057979446
-0.05368257	0.029248407	-0.0011215976	-0.059292834	0.104669295	-0.042085413	0.06189197	0.043409135	-0.06499219	-0.05625341	0.03127152	0.069177166	-0.06962758	-0.02575217	-0.0993588	0.05018693
-0.0358523	0.05649857	-0.021984847	0.00082168926	0.04586897	-0.042040158	-0.00447927	0.039437946	0.027469525	0.013620875	0.02888006	0.048491646	0.009917913	0.037645668	-0.0026234847	0.03715084
0.087863155	-0.09034621	0.09177387	0.09537792	-0.06820205	0.09756432	-0.05150914	-0.021850241	0.060889103	0.06722631	-0.046715118	-0.065071315	0.08755377	0.10231307	0.04647107	-0.08406493
0.0843295	-0.101848535	0.072616756	0.11031822	-0.07283722	0.07144407	-0.09953836	-0.04613037	0.11376563	0.046190895	-0.04593429	-0.010774269	0.1018212	0.0998688	0.017190836	-0.10956923
-0.02668193	0.04242946	-0.024109513	-0.021136494	0.053178295	-0.03145374	0.056446	0.05462602	-0.11328815	-0.06622117	0.045875896	0.05908647	-0.053882178	-0.078282185	-0.09329533	0.073817074
-0.012571547	0.010413081	-0.014874215	-0.0478102	0.041340303	0.029145295	-0.014099926	-0.0011015771	0.0105602	0.039048415	-0.01975672	-0.028552648	-0.04120708	0.036739245	0.037616815	-0.04137269
-0.015583776	0.099849656	-0.062903106	-0.07537031	0.06579927	-0.09050731	0.07817286	0.017984573	-0.045038372	-0.11631118	0.06495606	0.0621002	-0.08348462	-0.04094423	-0.09606176	0.010056215
-0.050517213	0.08687848	-0.094260134	-0.08891453	0.07936752	-0.079767205	0.015714027	0.014744213	-0.06905446	-0.09155173	0.037219312	0.06443685	-0.079642765	-0.020457529	-0.009395304	0.019994069
0.015168399	0.01363417	0.006996769	-0.00062915584	0.04824399	-0.047349162	-0.010238262	-0.024288392	0.01067401	-0.047520384	-0.019795526	0.03588518	0.0020132249	-0.027541397	-0.015750216	0.0012367809
0.08565337	-0.08486832	0.0891113	0.09071089	-0.066268966	0.03369931	-0.09077177	-0.09213726	0.11082269	0.06029805	-0.11003761	-0.08548408	0.011467596	0.0944753	0.045810338	-0.07304418
0.02556334	-0.019332157	-0.028114768	-0.057909187	0.008313218	-0.010709215	-0.0071046515	-0.031166282	-0.0037229813	-0.02528488	0.043313093	-0.023985902	0.004734407	0.019665891	-0.04392072	0.00078293384
-0.040554404	0.028018404	0.02760921	0.018416898	0.034730457	0.031928442	0.004237848	-0.011105658	-0.044588067	-0.049310967	0.011819382	0.022482892	-0.026783332	0.012379812	-0.025855435	0.043978497
0.03659277	-0.023701098	0.0027215823	0.041183293	0.037852127	0.04452764	0.033602312	0.028732596	-0.04625379	0.0123645915	-0.043004613	-0.0024583032	-0.014649757	-0.0314176	-0.024406653	-0.016602945
-0.0039568427	-0.009312942	0.012022134	0.036718205	-0.019453663	0.023735471	0.0002519548	-0.022301372	-0.021306962	-0.029899811	0.055765234	0.022450974	-0.039713074	-0.033309646	-0.037671335	-0.00976536
-0.052491397	0.08762292	-0.096258104	-0.10079526	0.007616045	-0.071385436	0.093308985	0.006719764	-0.048611324	-0.10476872	0.067091316	0.022407273	-0.058935754	-0.0730908	-0.016500697	0.06526875
-0.10209591	0.041807383	-0.0039424156	-0.010927491	0.08009363	-0.049018867	0.05954568	0.08885105	-0.09704226	-0.031323444	0.0951871	0.035034925	-0.032615256	-0.036799934	-0.042579297	0.053440478
0.03312296	-0.027269144	0.036198117	0.08724793	-0.07274409	0.014872898	-0.05050155	-0.10835292	0.07013304	0.08900296	-0.05541675	-0.042324033	0.03948232	0.059676856	0.029778583	-0.039458588
-0.06529335	0.101633586	-0.0967813	-0.07336011	0.08850451	-0.08806126	0.08470728	0.039495256	-0.09082046	-0.04953242	0.0046032807	0.07141312	-0.03269405	-0.033358682	-0.08989457	0.04580438
-0.09586412	0.09971219	-0.019477997	-0.103076994	0.051385485	-0.014307338	0.06868778	0.025532281	-0.052704576	-0.071136326	0.010602475	0.013616275	-0.08170826	-0.026762484	-0.017742576	0.09605414
-0.036403365	0.048153166	-0.020779418	0.010343589	-0.022438783	-0.042464036	-0.03947188	-0.031615358	0.044521574	0.0025223629	0.0035723038	-0.017438939	0.03811302	0.014910598	0.002947315	-0.021273797
-0.09038171	0.0070343027	-0.08066734	-0.01248107	0.031859405	-0.06727605	0.08220737	0.05677598	-0.11323618	-0.11420262	0.058887668	0.06621532	-0.052886166	-0.03276208	-0.080164276	0.022581676
-0.009698541	0.008322491	-0.05376564	0.026986392	-0.016187608	0.024299262	0.021278417	-0.03761519	0.000828717	-0.038106382	0.0018235825	0.012409735	-0.043566976	-0.04397478	-0.04085662	0.023269204
-0.023067173	-0.03446077	0.021542106	0.02965879	0.01785857	-0.014574256	-0.012809467	-0.0003034625	-0.053805653	0.041307505	0.016618881	-0.0014049867	-0.04487178	0.00022721165	-0.041011732	0.018095609
0.060520172	-0.055158023	0.020237377	0.056979127	-0.033581313	0.0678296	-0.064704224	-0.025900885	0.09019212	0.11274735	-0.032682247	-0.090031855	0.08845957	0.052155003	0.04887368	-0.1106448
0.026558591	-0.055045445	0.05345545	0.10431881	-0.023321819	0.11230692	-0.050889987	-0.084862836	0.056967553	0.06645379	-0.10313161	-0.058817327	0.04397349	0.097717784	0.09534474	-0.06545333
0.11174916	-0.081372984	0.0456497	0.012413005	-0.08606716	0.055793893	-0.05458739	-0.018890802	0.053810347	0.09200989	-0.07107732	-0.058493957	0.02096769	0.061301067	0.021261977	-0.08080864
0.027493361	-0.10155569	0.015458038	0.013967574	-0.062202647	0.104354665	-0.03190713	-0.111314826	0.10962036	0.0729484	-0.048624855	-0.025370907	0.032370385	0.08070476	0.054965984	-0.017138453
-0.034175538	0.027054697	0.029640986	0.036104023	-0.021016652	0.034498405	-0.010438912	-0.025354585	0.03768831	0.0052006836	0.034982424	-0.0028164478	-0.006808575	-0.036172744	-0.001411569	0.021362249
-0.0035408472	0.026791712	-0.016123945	0.04319003	0.022743577	0.012248876	0.020712683	-0.018305209	-0.009683339	-0.016346663	0.014093396	-0.007988912	-0.04049281	-0.03478869	0.011277775	0.04689419
0.058318045	-0.058244653	0.023930013	0.07699415	-0.073978916	0.026829999	-0.08000959	-0.062856615	0.09534386	0.052630644	-0.01963929	-0.07465836	0.023218393	0.018937014	0.084521905	-0.08506987
-0.1030741	0.046248365	-0.021617364	-0.015713515	0.022898436	-0.07224905	0.09316071	0.050514203	-0.03927013	-0.102746606	0.10080511	0.05187245	-0.0114428345	-0.10619293	-0.06286173	0.10021292
-0.09762509	0.026062636	-0.08936209	-0.08004758	0.09094555	-0.031098755	0.026244046	0.02067558	-0.07528876	-0.114996	0.008602061	0.09302801	-0.022889283	-0.002771713	-0.06384881	0.05210968
-0.010814336	0.043167703	-0.006660235	-0.090635605	0.041799173	-0.010693277	0.01855554	0.06574039	-0.038190506	-0.026693914	0.07204532	0.02457644	-0.044781413	-0.030172208	0.0036526015	0.09128974
0.07186669	-0.050437685	0.028692255	0.08609734	-0.03304976	0.041106317	-0.02053812	-0.09160363	0.08297223	0.06838461	-0.05714564	-0.03990145	0.0832887	0.037968494	0.08917072	-0.031603824
0.015588258	-0.027710762	0.018804781	-0.0030476174	-0.0059826346	-0.02254571	0.005654906	0.034352046	0.008569255	-0.038352087	-0.007557139	-0.041398294	0.014157812	-0.04819399	-0.048467312	0.019831115
-0.03494455	0.048186466	-0.0486728	0.031513106	0.0036403432	-0.013244187	0.013850785	-0.040374156	0.0027899493	0.03444387	0.058319457	-0.0028859663	0.02844994	-0.008692149	-0.050317615	-0.027758319
-0.052256033	0.058872517	-0.062392097	-0.04716787	0.08550612	-0.045824863	0.028656777	0.004108726	-0.11718993	-0.078008965	0.026069654	0.08233025	-0.053042203	-0.024512224	-0.07024969	0.035337765
0.08450248	-0.07935933	0.020063128	0.07773892	-0.07504059	0.06806202	-0.06345429	-0.065111265	0.09694461	0.120937645	-0.08152064	-0.09148003	0.08655139	0.054489642	0.07546293	-0.020894969
0.02797013	0.044644922	0.036024556	-0.042717006	-0.007891614	-0.04163144	-0.032932412	0.023431174	-0.049617924	0.004338261	0.053223748	0.00050657307	-0.044342477	0.02871218	-0.0002729563	-0.012709596
-0.013927752	0.023222227	-0.010506734	0.006105534	0.01864641	-0.04466598	0.036207367	-0.0026633267	0.030839814	-0.042392	-0.015106276	-0.011110143	0.04006415	0.008497099	-0.033812754	-0.029418858
0.034723468	-0.045644682	0.096506	0.014486794	-0.023332736	0.10323205	-0.03006406	-0.07705869	0.10814771	0.06692494	-0.0651095	-0.06058736	0.06448073	0.097771086	0.020339359	-0.08056179
-0.090942316	0.037278373	-0.09608899	-0.06238336	0.10614721	-0.01288186	0.07565219	0.054138973	-0.12114446	-0.09450302	0.083483264	0.047380123	-0.079744734	-0.08007755	-0.08303749	0.027622212
0.008908359	-0.039525427	0.02077802	0.022481069	0.028989874	-0.0024257053	-0.045464214	0.008223111	0.031060042	-0.0024463283	0.012861235	0.05094698	0.023698216	0.010439035	0.023639482	0.01023187
0.05211222	-0.08234994	0.07004081	0.095731944	-0.07090952	0.038177393	-0.061244503	-0.090055436	0.058363907	0.05633582	-0.07004267	-0.031905703	0.04202672	0.037950024	0.050072137	-0.06364138
0.05835257	-0.039784912	0.10983827	0.07892955	-0.10307369	0.04597069	-0.08689354	-0.088262476	0.11899392	0.032372613	-0.039651975	-0.03225262	0.037733108	0.09038802	0.021462176	-0.10571717
0.022669006	0.03910664	0.010862626	0.039279707	0.042066786	0.033622995	0.048226792	-0.042285062	0.03434805	-0.00052963436	-0.017307756	0.010133266	0.039441526	0.015486289	-0.016985618	0.02682704
0.021886418	-0.02058892	0.08341424	0.017620688	-0.039137546	0.07285602	-0.023812221	-0.0789265	0.13010372	0.070982926	-0.07244916	-0.0828103	0.03193246	0.09734087	0.052125625	-0.10060732
-0.019300638	0.0016955606	0.002468335	-0.024588792	0.0014611436	-0.0025942856	0.051193822	0.036963742	-0.017929006	-0.032689195	-0.01695864	0.053753372	-0.023510931	-0.037522502	0.021416148	0.034540396
-0.02166528	0.029016688	0.024991535	0.037899427	-0.0025010651	-0.002515134	0.010961492	-0.0179426	0.040240847	0.015509507	-0.032301318	0.03200422	0.04140046	-0.027702253	-0.013082092	0.03455427
0.052420035	-0.091302164	0.017882708	0.017273694	-0.03603352	0.097344786	-0.07926472	-0.042090748	0.029943112	0.06156002	-0.054144964	-0.09901224	0.08621221	0.028190969	0.052909482	-0.082485355
0.06735438	-0.03943001	0.03089584	0.0865105	-0.027337411	0.077412814	-0.015946481	-0.10830798	0.099700235	0.04306394	-0.0315497	-0.06938307	0.093661174	0.016787028	0.035973985	-0.115285784
0.030067435	-0.07241177	0.101839036	0.04782773	-0.036222376	0.10011229	-0.103712834	-0.013861422	0.073104195	0.02524751	-0.04087215	-0.041309297	0.043256767	0.051608548	0.06351313	-0.040344004
0.018519282	0.052166592	-0.035111904	-0.042559844	0.036484294	0.017667687	-0.012907021	0.008365551	-0.05214012	-0.049363162	-0.033162706	-0.03987712	-0.0060923793	0.01777279	-0.023804504	0.0106548155
0.06627313	-0.030300915	0.011687915	0.072113864	-0.022291653	0.030976262	-0.017339772	-0.0880669	0.08254258	0.071662426	-0.08944381	-0.10176745	0.03143434	0.066807196	0.07268994	-0.025328726
0.087749414	-0.1011092	0.05616198	0.009741235	-0.056452118	0.014698556	-0.028270338	-0.08750171	0.045345355	0.11685684	-0.10040565	-0.03217586	0.09809715	0.101978675	0.089404196	-0.03531896
0.10146857	-0.0762558	0.015770933	0.022977713	-0.030313233	0.094379865	-0.09835708	-0.075224794	0.021926766	0.028748246	-0.062192675	-0.04792252	0.050166875	0.011080879	0.047882244	-0.10058663
-0.045052968	0.04941779	-0.03355868	-0.048881184	0.036214713	-0.05599473	0.022546273	0.012593833	-0.037837684	-0.0028775241	-0.03130339	0.027094275	0.00811703	0.007300192	-0.03849354	-0.03192094
0.04100315	-0.07546123	0.100755	0.08444978	-0.031610593	0.030815499	-0.09133331	-0.0348525	0.09886146	0.053097736	-0.005594645	-0.024191123	0.031338703	0.024353685	0.017474027	-0.061441004
-0.036827244	0.046716478	-0.0547764	-0.050090004	0.10938551	-0.06168428	0.06491016	0.08301169	-0.12446591	-0.056728687	0.06191136	0.03528508	-0.08212516	-0.086779796	-0.054566376	0.069256194
0.06935145	-0.035454623	0.041466177	0.087466456	-0.044505257	0.093280464	-0.042468816	-0.09689565	0.047684748	0.080420926	-0.07856487	-0.050222374	0.101060286	0.051981844	0.03249849	-0.011872124
0.054721683	-0.07422558	0.07631319	0.03381967	-0.0784159	0.057048984	-0.07583424	-0.020687968	0.08967688	0.10745019	-0.061317198	-0.05859051	0.11136715	0.044021692	0.08833992	-0.10519416
0.060949974	-0.027312182	0.10030802	0.06963009	-0.029477563	0.0852026	-0.02416798	-0.05269755	0.03961194	0.055227075	-0.06900918	-0.089087956	0.0790285	0.09355755	0.042592485	-0.029671123
0.064166754	-0.028112305	0.030975202	0.09655128	-0.060882967	0.110647365	-0.0855527	-0.016986594	0.1274213	0.1079859	-0.060050152	-0.042639878	0.06536426	0.08271784	0.10618735	-0.03896143
-0.040840935	-0.026962278	0.005506435	0.014224214	-0.008100897	-0.022035994	0.043421924	0.029456537	0.010613671	-0.015568036	0.04062732	0.05375407	0.003020714	0.014868424	-0.03395387	-0.011869466
-0.0337854	0.006754065	-0.038632654	-0.00828466	0.0405708	0.0043439693	0.014618362	-0.03140096	0.00979985	-0.011364289	-0.0014892037	0.010054029	0.029355703	-0.0126936715	0.020960428	-0.040402975
-0.079980455	0.039060872	-0.035917245	-0.056825757	0.07391471	-0.070377916	0.043571636	0.060071077	-0.0824571	-0.06793152	0.07454875	0.09978244	-0.057548486	-0.045747254	-0.023689386	0.05162858
-0.063505374	0.0660595	-0.00059183274	-0.096516564	0.027728599	-0.020076267	0.040268894	0.053195816	-0.11599474	-0.07095802	0.006590882	0.077788696	-0.08996643	-0.019517325	-0.017897116	0.054953966
-0.018542562	0.016241465	0.0047027026	-0.033650037	0.051357362	-0.032056026	-0.019423231	-0.024468353	-0.039337244	-0.023656577	0.032556515	0.020901898	0.009669245	-0.033920933	-0.01639802	-0.01240582
-0.0033305667	-0.016021337	0.012546352	-0.034030225	-0.03291271	0.012247453	-0.02485489	-0.042402893	0.008152119	-0.0018770599	-0.027190289	-0.011941015	0.0044443137	0.0073919185	-0.04494871	-0.022790812
0.109551966	-0.032853067	0.03920715	0.027426668	-0.09387581	0.01504429	-0.08469217	-0.0876792	0.03063106	0.027370704	-0.044776358	-0.076082475	0.040746495	0.06963034	0.014704552	-0.09532916
0.06410256	-0.024191208	0.03679053	0.09536336	-0.052645765	0.039657522	-0.06413962	-0.05050167	0.06678349	0.069883406	-0.04912147	-0.1057694	0.030787483	0.047047462	0.019696603	-0.096381135
0.025602413	-0.047668397	0.02839736	0.014378291	-0.045113016	0.08844004	-0.022800097	-0.076966144	0.0640523	0.031427886	-0.07622922	-0.021246042	0.03552961	0.07457511	0.071637824	-0.08678549
-0.007211123	0.02737082	0.017494706	-0.015982576	-0.002184311	-0.04615173	-0.034523256	0.014566149	0.009116102	-0.024918254	0.024511026	0.039590288	-0.029855356	-0.010134595	0.008338604	0.0052163145
0.070891835	-0.018074261	0.10809339	0.08589213	-0.109246284	0.030306866	-0.090261236	-0.10289334	0.03813339	0.05641303	-0.07188794	-0.04979318	0.034980673	0.021094095	0.032771237	-0.048406277
0.019728508	-0.013126911	0.0073364587	-0.031111186	0.04339967	0.0040302314	0.025490938	0.05768299	-0.020499758	0.009247532	-0.03602738	0.0466435	-0.007564793	-0.040314082	0.026015079	0.013051174
0.017288772	-0.10372439	0.017905388	0.10123089	-0.0813999	0.11246052	-0.054927416	-0.049503952	0.058349364	0.111852616	-0.068524785	-0.06119559	0.085616045	0.101352096	0.035408214	-0.015832594
0.035616387	0.04361614	-0.027644834	-0.031966235	-0.0069553247	0.033631295	-0.036532845	0.023184799	0.014626821	0.006400974	0.053966437	0.047613647	-0.022761496	-0.030300895	0.002080158	0.030679636
-0.08440385	0.010437594	-0.05667989	-0.07050707	0.03152032	-0.07034748	0.037344363	0.036016233	-0.103697404	-0.08491462	0.09061061	0.0053383117	-0.0048237336	-0.053080637	-0.023250101	0.056411993
-0.0442383	0.075595886	-0.06352312	-0.080378205	0.075348906	-0.04921293	0.06263647	0.06786641	-0.044880472	-0.052123364	0.0030561015	0.053375766	-0.016146064	-0.07434982	-0.09678575	0.052401315
-0.04886517	0.032310992	-0.05044511	-0.057002217	0.042101488	-0.036538493	0.045985594	0.03892699	0.012322952	0.015301889	-0.021025147	-0.024291944	-0.03118335	-0.0024549675	0.0021465651	-0.038874518
-0.016116466	0.08066104	-0.026023092	-0.042061057	0.09124274	-0.058731936	0.042848732	0.09316969	-0.08937005	-0.11747561	0.041757163	0.07741379	-0.008089006	-0.09807212	-0.011389509	0.06294655
0.017969698	-0.021437285	-0.036640864	0.038774297	-0.030703327	0.022304641	0.05296904	-0.03227059	-0.037061058	-0.017691862	0.007837495	0.051553354	0.0007403066	-0.020359384	-0.046139598	-0.005147576
0.0016372413	0.03268716	-0.059263248	-0.054256923	-0.031126076	0.026788546	-0.0049858345	0.0053762672	0.034313478	-0.033011194	0.02568329	0.027429333	0.03296934	-0.040567692	-0.03875293	-0.02922813
-0.04579401	0.054355983	-0.090290405	-0.095132396	0.06070063	-0.015441015	0.037654568	0.0040200315	-0.10450634	-0.055576194	0.03355705	0.033945996	-0.07853581	-0.083152056	-0.002519503	0.04225469
-0.050637618	0.010800743	-0.10031755	-0.08724978	0.021030623	-0.0104772	0.06650602	0.09501928	-0.042307343	-0.108789556	0.019025745	0.010566388	-0.019554634	-0.018622778	-0.02999413	0.05196435
-0.01812365	0.09062685	-0.078404434	-0.06135576	0.02756665	-0.10630101	0.02948761	0.0885776	-0.0885163	-0.09471558	0.057870936	0.072738126	-0.01255376	-0.009629642	-0.066731036	0.08312019
0.035629716	-0.021326339	-0.029824847	0.011726586	0.0276211	0.022573711	0.029987665	0.023797464	-0.04689245	0.024644267	0.040625207	0.049075782	0.00799021	-0.054851547	0.009720088	-0.01782712
0.06364159	-0.024690341	0.05144905	0.053506117	-0.09124052	0.060620524	-0.09449381	-0.022972358	0.08969591	0.063100964	-0.013372305	-0.028289398	0.07920144	0.022943651	0.056948144	-0.06631361
-0.025796797	-0.0152481655	-0.014771919	-0.035471298	-0.012118814	0.030566929	0.016366424	-0.02596894	-0.04922495	-0.04927577	0.04389955	0.05624233	-0.001055174	0.016469294	0.018891552	0.006846284
0.010405925	0.029132584	-0.018246645	0.021644356	0.03411717	0.017745065	0.036193896	-0.02155983	0.02741446	0.02251628	-0.016693795	0.0047752135	0.023574473	0.032228928	-0.027296929	0.044335537
-0.042126633	0.054186027	-0.023251725	-0.035765167	-0.035254844	-0.0071268384	0.039450858	-0.026730632	-0.039475888	-0.00781743	0.034268487	0.021743184	0.03213757	0.017331347	-0.026875671	0.02296543
0.11365476	-0.014694117	0.08693594	0.017365811	-0.066940494	0.05928259	-0.030911922	-0.046686113	0.0994522	0.05034072	-0.02348481	-0.056233723	0.020821158	0.09154105	0.041731134	-0.04488185
-0.02801703	0.044202346	0.030374687	0.0068725795	0.050866544	-0.027128752	0.024324227	-0.0024184007	0.02598742	0.020317128	-0.022688765	0.038336843	-0.035952996	-0.0016806147	0.011904668	-0.03183623
-0.009210804	-0.014333284	-0.045469794	8.650415e-05	0.024246076	0.028445704	0.03180441	0.035941627	0.0074042934	0.02500787	0.035761416	-0.031051623	0.037998877	-0.03611528	-0.015572609	-0.0006995233
-0.007569411	-0.024222871	0.027271777	-0.055438727	0.0049618166	-0.047102828	0.017858155	0.05573741	0.019793231	-0.054306135	-0.0025139172	-0.008791285	-0.0052709677	-0.013456379	0.02571926	0.010195108
-0.006893912	0.04162663	-0.027003795	-0.06452354	0.020681575	-0.042304974	0.095651075	0.014181932	-0.011521151	-0.02097295	0.024066105	0.064441465	-0.08903724	-0.05015864	-0.057138707	0.0067025907
0.03943771	0.01616534	-0.008593884	0.01767713	0.005219695	-0.032242306	0.026295582	0.04015429	0.012830548	-0.0014886074	0.046564113	0.010305276	-0.053656038	0.007473028	0.016484244	0.04152356
-0.065309174	0.037574705	-0.088805035	-0.042695146	0.028198568	-0.038764495	0.055194132	0.051530257	-0.12914976	-0.10212957	0.053464465	0.06998352	-0.014662597	-0.073819235	-0.09165895	0.01560001
-0.0602068	0.03036754	-0.087801784	-0.08718815	0.10279249	-0.026115878	0.08245274	0.07022503	-0.09482899	-0.09839416	0.08983147	0.040583104	-0.036267404	-0.07745946	-0.090962626	0.065243386
-0.06283934	0.0895287	-0.006507421	-0.0921971	0.046162277	-0.08763422	0.053896766	0.029502615	-0.12912409	-0.09429008	0.032031707	0.0220776	-0.0059384196	-0.059610058	-0.009540546	0.040275607
-0.011586768	0.052997477	-0.01098672	-0.0053137364	0.002165994	-0.035999887	0.021305779	0.01874777	-0.026579076	-0.04107167	0.006819592	-0.027408348	-0.00864982	-0.04741079	-0.0019527138	0.014154241
0.0162127	-0.029862516	0.03802174	0.039207574	-0.021454712	0.03172149	0.0406783	-0.03742289	0.03437923	-0.031785578	0.029208072	0.0035305244	-0.05126692	-0.006382606	-0.0069150277	-0.044256177
0.07984509	-0.055073325	0.09530671	0.031726774	-0.04332657	0.093313485	-0.093660146	-0.07127365	0.08132107	0.08344806	-0.055208884	-0.014183628	0.05903505	0.09075879	0.0317577	-0.018685278
0.07048596	-0.079240106	0.014653925	0.013479183	-0.033473186	0.114577234	-0.040876746	-0.10798691	0.10735804	0.06552979	-0.043646656	-0.094665125	0.09986782	0.07380048	0.061475415	-0.0757765
-0.042147886	0.063238434	-0.00354133	-0.040221278	-0.024930442	-0.057257723	0.008939261	-0.027528446	0.008834273	-0.024643928	-0.017976163	-0.030541731	-0.028696578	-0.031191504	-0.055542868	0.020793024
-0.036966983	0.0132094165	-0.014829913	-0.040118236	0.010672711	-0.025701253	0.027083673	0.00809146	0.006871967	-0.002104315	-0.0054380996	-0.028360117	0.0045223087	-0.011478531	0.010916382	0.042841315
-0.016645065	0.046454925	0.03712434	0.023467576	0.050276715	-0.05347764	-0.011457994	0.0025484813	-0.04390996	0.028263815	0.04857536	-0.038951132	-0.018765397	-0.03401504	-0.05086996	-0.029865239
-0.009350796	0.0433572	0.03399032	-0.010994599	0.014687369	0.0070284666	-0.006201896	-0.04331783	-0.04128424	-0.00064237975	0.05194344	0.04317919	0.030376855	0.0047751735	-0.044740748	0.035912313
0.06465271	-0.090813875	0.09865176	0.060945135	-0.038835946	0.08177066	-0.07550241	-0.039968997	0.041090295	0.061079558	-0.06842304	-0.04759659	0.07565989	0.0554974	0.018045679	-0.09230359
-0.104416296	0.06224898	-0.060607087	-0.029880151	0.031198842	-0.0930676	0.0079716835	0.071053855	-0.031462807	-0.08181125	0.08949524	0.08561335	-0.011347024	-0.07580718	-0.05704249	0.063212045
0.03969038	-0.099216394	0.09955506	0.09427915	-0.11015706	0.065296926	-0.052231196	-0.10400628	0.021017732	0.11721836	-0.024346825	-0.10313708	0.0974058	0.09666307	0.037171293	-0.046749983
-0.004592216	-0.040432308	0.004982791	-0.043129195	0.03674953	0.012944008	0.03691086	0.038497098	-0.040908203	0.03979562	0.055958655	0.05614862	0.019657537	0.007317844	-0.017897453	0.0013878653
-0.01170071	0.04079167	-0.031480085	0.014629525	-0.0012858025	-0.02906202	-0.00022370082	-0.04206776	0.0048558884	-0.026861522	0.040332727	0.05179383	-0.010080322	0.041787166	0.014302538	0.025698293
-0.018557765	-0.034514733	-0.032588273	0.027996223	0.03915786	-0.012079229	0.022231704	-0.0365173	-0.04426021	0.009827399	0.021289751	0.026966952	-0.013117687	-0.014990321	-0.018444248	-0.002065968
0.012401747	0.021237463	0.028978892	-9.140293e-05	0.020167006	-0.05576395	-0.02376832	-0.021215446	-0.014393034	-0.034359574	-0.029819861	0.05369795	0.02303166	0.006996061	-0.024507405	0.014729905
-0.02374931	0.039121963	-0.03625632	-0.087377004	0.031100357	-0.07435814	0.08605495	0.0037396415	-0.08120483	-0.045416594	0.0720568	0.011185105	-0.052957628	-0.078931436	-0.031497575	0.04408271
-0.016897194	-0.015270312	0.052056853	0.04181399	0.0034035475	-0.03410319	0.05431431	-0.032825686	0.027777638	-0.0098518375	0.021539368	-0.02830155	-0.023417704	-0.05416306	0.03469237	-0.008508497
-0.09888776	0.028577419	-0.029747166	-0.05656128	0.040860843	-0.03123324	0.05745295	0.036869418	-0.116948545	-0.072952956	0.06824983	0.05195123	-0.051567804	-0.01602136	-0.036806412	0.08087059
-0.05296296	0.05629659	-0.059683472	-0.09154723	0.071208544	-0.061612666	0.07022131	0.095748685	-0.11751968	-0.07614064	0.021255398	0.033714537	-0.07482309	-0.044304717	-0.0824881	0.021528604
-0.03649368	0.056193333	-0.08640972	-0.029959429	0.048878178	-0.09267167	0.05774765	0.05228113	-0.0426521	-0.07180309	0.07669795	0.032909133	-0.01680013	-0.045863226	-0.079086736	0.09188022
0.0916929	-0.09930583	0.08798732	0.10571632	-0.100047775	0.07192543	-0.09205908	-0.01825983	0.036889583	0.064096294	-0.102782175	-0.049495384	0.013666817	0.025828395	0.061301116	-0.036405776
0.037120447	-0.07600017	0.101738535	0.03738351	-0.06607649	0.032633785	-0.035254512	-0.024604322	0.08841657	0.08574635	-0.058112353	-0.105122596	0.10529418	0.03529113	0.033277765	-0.11078299
-0.009152906	0.042338975	0.024171263	0.009261464	-0.043263733	0.032964624	0.016261961	0.03555626	0.02241144	0.042546183	7.3231175e-05	-0.03164057	0.03857194	0.041573916	-0.041871823	0.024934914
-0.05265863	-0.02638947	0.012149522	0.021633143	-0.011611663	-0.05002095	-0.041488018	0.0040829815	-0.0039592	0.045860466	-0.02656096	0.003937948	-0.007898751	-0.040034734	-0.049018588	-0.028017318
0.018341105	0.016425477	-0.028638849	-0.022656798	-0.041276406	0.025948605	-0.01110882	-0.024661833	0.033820454	-0.045731664	0.017666843	-0.022454001	0.0037905255	-0.041945104	-0.03214105	0.013062432
-0.03441532	-0.03499511	0.033007767	0.050046008	-0.041075442	0.029023094	-0.012762555	0.025809009	-0.006789391	-0.020903166	0.030491825	0.0031835665	0.002102792	-0.019065507	-0.039814435	-0.027277375
0.11333192	-0.050222613	0.10403921	0.105166405	-0.068833105	0.071276024	-0.06184248	-0.09926706	0.11198968	0.1132986	-0.052932344	-0.085647866	0.10683964	0.09419909	0.019121028	-0.0408762
-0.0016364336	0.008902176	-0.011590809	0.0030072238	-0.03953674	0.037506416	0.028088847	0.04758234	-0.05153947	-0.009861945	-0.0062996787	0.040153053	0.017841611	0.027592558	-0.033478975	0.0418011
-0.02404647	-0.03588831	-0.0130523	0.020751225	0.050500687	-0.050485563	0.008857657	0.005457645	-0.02807813	0.0298786	-0.007297295	0.04208137	-0.023304874	-0.022828493	-0.01908794	-0.013471978
-0.03823667	0.048943732	-0.035060294	-0.026638849	0.0475625	-0.05687124	0.022100223	0.062359113	-0.04723159	-0.03039779	0.017228965	0.050615504	-0.07813807	-0.03284562	-0.047583874	0.088995084
-0.052174278	0.07470058	-0.0766847	-0.051779766	0.05210203	-0.03231724	0.03667074	0.04252146	-0.08978593	-0.10035617	0.06311575	0.07714091	-0.05955316	-0.03818754	-0.059947982	0.09628443
-0.06840556	0.070290454	-0.07007986	-0.02303515	0.103101194	-0.02102837	0.047318254	0.029832646	-0.120296896	-0.045654308	0.060644314	0.03745789	-0.08634716	-0.05835693	-0.046479147	0.03272191
-0.07030105	0.059098087	-0.07132387	-0.020468133	0.102164336	-0.088127166	0.03894994	0.013594614	-0.040379297	-0.0898919	0.02083414	0.048690356	-0.059641026	-0.07504106	-0.069974184	0.07511033
-0.100101605	0.07233681	-0.060075622	-0.01629132	0.08358097	-0.07155054	0.0021248837	0.07113388	-0.11145081	-0.10057376	0.007012669	0.029349236	-0.02730262	-0.011380385	-0.0016177275	0.09581676
-0.05575217	0.06484259	-0.021733234	-0.06428385	0.117062144	-0.03357256	0.076478615	0.09018064	-0.09253499	-0.03348455	0.08128013	0.020435486	-0.030585792	-0.047108553	-0.010333485	0.08299228
-0.047290716	0.07780032	-0.09662543	-0.07736866	0.09378944	-0.07382846	0.034132365	0.07942272	-0.013738475	-0.059247095	0.06907818	0.009582431	-0.014867523	-0.03801595	-0.026257843	0.083260156
0.037579563	0.036230817	0.004278832	-0.007278559	-0.014832872	-0.0452793	-0.021285137	0.022224337	-0.057608757	0.034499668	0.0037719891	-0.0071097394	-0.053051606	-0.017856404	0.0081278235	-0.019621518
-0.003878453	0.019191446	-0.03571207	0.030320566	0.051249053	0.0015349872	0.03441389	-0.011726334	0.016991349	0.028253919	0.046142768	-0.040059365	0.0002385925	-0.00036634158	0.005149854	0.002879419
-0.0291545	-0.028399818	-0.03036425	-0.0056747114	-0.011545112	-0.059403755	0.004193173	0.009437933	0.028271602	0.037713036	0.03480058	-0.025526246	-0.0022996706	-0.0016421452	-0.030117225	-0.025667468
-0.048310425	0.0030516149	-0.04731502	-0.030413674	0.05813853	0.014815358	-0.00277987	-0.033199515	0.04052395	-0.05889919	0.025366254	0.007333198	0.017037926	-0.04318143	-0.025253203	0.055888183
0.102820024	-0.01774935	0.08113398	0.01912204	-0.031571	0.09057511	-0.07115911	-0.020518448	0.05947972	0.10605672	-0.097927675	-0.039716396	0.0180528	0.10678897	0.0850141	-0.059396766
0.090603486	-0.035235178	0.104032055	0.05318434	-0.10114899	0.069788635	-0.09575774	-0.07629425	0.07542071	0.11565077	-0.07525264	-0.065619014	0.056163967	0.020690119	0.022125268	-0.07135815
-0.009387586	0.0045548906	-0.07909958	-0.088299096	0.0675468	-0.09975371	0.08905001	0.09254003	-0.118934155	-0.09755514	0.06211356	0.012543507	-0.02134304	-0.061270345	-0.007677414	0.011874664
0.020871742	-0.04071768	-0.043468114	-0.027503386	-0.012413621	0.01861947	-0.025503337	0.039442267	0.027899435	0.015157167	0.034729857	-0.011972997	-0.03202866	-0.026445825	-0.04438384	-0.033234965
0.05985791	-0.103216596	0.100336716	0.107527435	-0.05432428	0.019149868	-0.098374486	-0.10651384	0.033964448	0.07531394	-0.047329202	-0.08744701	0.049406596	0.014538655	0.059177272	-0.02098343
-0.093753554	0.07244676	-0.015783248	-0.08405191	0.010879033	-0.03960155	0.018805183	0.040264476	-0.058714855	-0.07159762	0.078293905	0.05074383	-0.046677813	-0.09234309	-0.02772331	0.07081459
-0.031199101	-0.00076509244	-0.035990752	-0.036383793	-0.021913206	0.009218409	0.044100147	-0.0094268	-0.01184908	0.014764613	0.016018104	0.0005991609	0.017061677	-0.019732524	0.027849074	-0.038633816
0.031548463	-0.086600125	0.013048939	0.07814577	-0.07327989	0.04024819	-0.09883824	-0.04805643	0.08786061	0.05682162	-0.02146959	-0.01235895	0.043575384	0.021554613	0.071134485	-0.033798415
0.027141819	-0.055350408	0.032277398	0.04408113	-0.09577201	0.029456792	-0.087270774	-0.017390866	0.12901077	0.08628738	-0.07117794	-0.04394359	0.020061802	0.07244243	0.0449352	-0.025749648
0.004212357	0.0022878281	-0.008672081	0.02733582	-0.030803928	0.01270573	0.05171059	-0.039148636	0.014217969	0.015991762	-0.034080848	0.030919524	-0.045584925	-0.019080404	-0.047270246	-0.03587673
-0.035773717	-0.035119396	-0.028536681	-0.04144475	-0.0010029639	0.025191171	-0.026226845	-0.026286481	-0.03866839	-0.059006844	-0.024634913	0.019423034	0.02326617	0.03423806	0.016555035	0.0038974443
0.09114552	-0.080040865	0.025982577	0.10186332	-0.029193861	0.05989285	-0.020055057	-0.058975056	0.10450044	0.08906931	-0.011455461	-0.080371104	0.050422776	0.03707807	0.08253893	-0.09418669
-0.058645967	0.024950298	-0.02101731	-0.060605578	0.05819961	-0.021714982	0.009640206	0.029987382	-0.0025262588	-0.05666706	0.05560346	0.009627285	-0.040318735	-0.007945536	0.0115893	0.03405628
-0.035809256	0.007326714	-0.026028948	-0.026450215	0.021761497	-0.03094117	0.009812643	0.08141652	-0.07284134	-0.029254708	0.093779385	0.07740358	0.004430773	-0.068900995	-0.027625253	0.07538875
-0.0017318281	-0.021571517	0.038302697	-0.024774557	-0.012976902	-0.03555483	-0.032350644	-0.024047522	0.035543628	0.045758888	0.03827581	-0.043120008	0.02221137	0.0005284435	-0.028958231	0.015643759
-0.09210144	0.026844705	0.0039160587	-0.04331012	0.033469524	-0.03679911	0.0864151	0.034790434	-0.022938948	-0.098212525	0.019384213	0.07730298	-0.0778598	-0.015809394	0.003152974	0.07635728
-0.027414827	-0.026854768	0.0014388958	-0.009585697	0.03158146	0.029073376	-0.0045197257	-0.044302303	-0.013940129	-0.028200487	0.05069079	0.038086448	-0.03452422	0.021830227	0.03471902	-0.048007328
-0.01837822	0.0058150725	-0.023135785	-0.07870654	0.055953205	-0.08088605	0.055855453	0.037863307	-0.08761631	-0.051931668	0.04662069	0.040753834	-0.056619428	-0.012729755	-0.0108474195	0.07671758
-0.0018446279	0.050936278	0.03981196	-0.025485698	0.004177965	-0.013757156	-0.017137265	0.054579172	0.006218159	-0.023455158	0.03259137	-0.020190138	0.000895744	-0.029143095	-0.018978294	-0.037343226
0.09835305	-0.082815774	0.08175426	0.009622983	-0.06345837	0.020039486	-0.0708019	-0.10264859	0.05185459	0.0987819	-0.032945827	-0.10569112	0.033463594	0.054322343	0.056511525	-0.03736659
-0.006781229	0.006604375	-0.00769541	-0.03833718	0.041528296	-0.02401248	-0.032936588	0.019073298	0.024248125	-0.029043965	0.013408161	0.038937088	-0.053843256	0.0129718175	0.03699451	-0.030320719
0.009969616	0.040080283	0.009675165	-0.019964542	0.0042428416	-0.058231656	0.05718027	0.057843406	0.01931623	-0.051226817	0.055682402	-0.025570566	0.031142224	0.025516698	0.010644444	0.012249697
0.010525586	-0.006876218	-0.022649417	-0.00020076615	-0.026173187	-0.02516087	-0.014468212	-0.027985843	-0.02006867	-0.05086102	-0.009354857	0.02240028	0.008421744	-0.028116306	0.00091026723	-0.032725364
0.01841203	0.0018491286	0.0052702352	-0.018905323	-0.00874319	-0.015858192	0.03256034	-0.0326435	-0.029837744	0.02490642	0.007472634	-0.020981776	0.013122454	-0.051506344	0.014169051	0.013190562
-0.038481154	0.050465047	0.029949024	-0.040178634	0.011845482	-0.0034582352	-0.0054426515	-0.036667578	-0.017732613	-0.023364477	0.04665516	-0.0120636085	0.0077267806	0.028825793	0.02973139	0.011165139
-0.013730158	-0.0014827142	-0.014074097	-0.038490877	0.031641122	-0.089308605	0.030659325	-0.00525835	-0.07016311	-0.08910484	0.09012669	0.034455497	-0.01850442	-0.088555686	-0.00772947	0.078552976
-0.09086698	0.023915391	-0.011730491	-0.07060275	0.06597779	-0.050817903	0.063756905	0.089443	-0.07977685	-0.050157297	0.08000052	0.01944127	-0.03593917	-0.086846195	-0.042056985	0.048303757
-0.09214766	0.069468014	-0.015785556	-0.04017253	0.095052384	-0.012689205	0.07774699	0.024064295	-0.09279023	-0.040582024	0.07334535	0.03583739	-0.03068839	-0.077303	-0.016510742	0.07532268
0.046270654	-0.026439203	0.002734246	-0.021148205	0.05670743	0.030573877	-0.024236795	0.006462061	0.02244308	0.020650359	-0.044353105	-0.044204976	-0.026434103	-0.023064375	0.019774893	0.039729163
0.10178688	-0.08731593	0.10408308	0.067633994	-0.027767602	0.048938558	-0.043869015	-0.025422744	0.1162098	0.08657769	-0.03423402	-0.019677782	0.008721795	0.017572617	0.06013637	-0.106750675
-0.09451141	0.05340317	-0.064986475	-0.035242863	0.036567707	-0.023520138	0.091820486	0.07250442	-0.030712008	-0.06962932	0.07112952	0.06417941	-0.07772981	-0.057760537	-0.031374943	0.06074483
-0.08328786	0.06970944	-0.010377974	-0.033142697	0.050400317	-0.0071639	0.0757941	0.065328866	-0.11488039	-0.031052534	0.07758385	0.04307579	-0.0459112	-0.07312517	-0.077155545	0.0642689
-0.022009553	0.043676563	-0.07279794	-0.03263618	0.01592905	-0.05794133	0.030627487	0.038625777	-0.094569236	-0.022490168	0.016993972	-0.0019357657	-0.06395351	-0.025856085	-0.052952	0.05587336
-0.08382097	0.024341509	-0.06765874	-0.0925254	0.04317683	-0.031645533	0.0835473	0.099493936	-0.106025696	-0.0996588	0.04073577	0.07298292	-0.03137712	-0.08226377	-0.005257375	0.041807204
0.079040766	-0.02805187	0.104334146	0.09137412	-0.060403727	0.04638419	-0.04768668	-0.10674583	0.12843691	0.09098773	-0.053476695	-0.015816456	0.08686701	0.11108695	0.0887078	-0.08132016
0.068954445	-0.03404778	0.042681407	0.09832551	-0.10875998	0.06049031	-0.05294276	-0.072970346	0.07834961	0.102591194	-0.030270927	-0.044223636	0.07042672	0.030935697	0.011228064	-0.07378491
0.032498162	-0.05434312	0.084593125	0.07571447	-0.112600505	0.032299828	-0.040932022	-0.10540091	0.045002025	0.07716944	-0.09986748	-0.053329818	0.08750163	0.05962633	0.029804109	-0.08877703
0.04966993	-0.09106402	0.108089335	0.046982046	-0.09809147	0.058676586	-0.05281362	-0.011096473	0.036861047	0.053866003	-0.09629296	-0.024058435	0.01318585	0.018281795	0.033343147	-0.107119806
-0.0029013935	0.03589532	-0.04516616	0.045047663	0.026361184	-0.055126935	-0.023485992	-0.0021682365	-0.031047286	0.033483215	-0.03825417	-0.014200875	-0.024511844	0.0114098415	-0.03597977	0.02922177
-0.031673867	0.032154966	0.032139096	-0.031653486	-0.0019192031	0.038624443	0.0476017	0.014415124	0.029638825	0.036660627	0.0013907065	0.055831622	-0.0032530911	-0.022926439	-0.04169081	0.024819821
0.027721941	-0.005728725	-0.005945071	0.038899742	-0.020770932	-0.037012357	-0.010903897	0.005107447	-0.012966449	-0.031636704	0.024238968	0.012352902	-0.042712633	-0.020954339	-0.018466162	0.019450417
-0.052998457	-0.03583363	-0.02687135	0.015093477	0.029328581	-0.045087248	-0.036145102	0.0013127661	0.015925728	-0.034124646	-0.015839761	-0.042042345	-0.015463297	0.021836042	-0.011982419	-0.008971752
0.026705533	-0.011631558	0.019571649	0.028391417	-0.03256182	0.09873552	-0.07566083	-0.08881591	0.11672684	0.11674059	-0.05449213	-0.07831574	0.05303595	0.10825133	0.01569317	-0.040817276
0.08719871	-0.061581336	0.08345984	0.050440967	-0.08486878	0.085032426	-0.047890518	-0.027621116	0.021419525	0.06207246	-0.090367295	-0.0131309815	0.032507926	0.09790204	0.03402558	-0.030334366
0.10972113	-0.056749713	0.05997497	0.024165675	-0.07222552	0.023556154	-0.07580178	-0.09060659	0.034836803	0.06948829	-0.04718966	-0.09764258	0.05367593	0.025622291	0.052672792	-0.07488662
0.03287948	-0.08669415	0.10699917	0.103114784	-0.057791654	0.09733354	-0.111042	-0.03944443	0.05859946	0.08455745	-0.06336451	-0.015753824	0.060164798	0.0491093	0.015881786	-0.037742388
0.02406169	-0.074189074	0.08242677	0.030865423	-0.061650015	0.081289895	-0.078173436	-0.05840262	0.108333394	0.07179117	-0.063824125	-0.054265637	0.044257224	0.058796417	0.11209933	-0.06383213
0.041937258	-0.06043703	0.026540212	0.044233777	-0.020838447	0.042995624	-0.05491308	-0.093351625	0.09122399	0.08879528	-0.09734766	-0.07710639	0.011209344	0.055659525	0.10436964	-0.10820378
0.042892437	-0.07409634	0.03723135	0.10612932	-0.072344415	0.054215986	-0.10479327	-0.08811623	0.08775827	0.12581621	-0.10167607	-0.0969533	0.101761885	0.09089136	0.1039451	-0.0568297
0.059666447	-0.058465667	0.046529137	0.04061982	-0.08067166	0.040750336	-0.014030628	-0.07439653	0.040126573	0.04917547	-0.107470684	-0.08962287	0.028724493	0.043115824	0.10357222	-0.100896075
0.017626408	-0.047972888	0.02981281	0.028711531	-0.021958895	0.0726287	-0.036254235	-0.063960254	0.08107379	0.10469279	-0.005580016	-0.019384163	0.012966592	0.086254604	0.09960892	-0.020271173
-0.08359762	0.09912609	-0.053753793	-0.019231552	0.054233793	-0.05706132	0.009494163	0.075562574	-0.120331414	-0.06629118	0.024172734	0.0029045246	-0.014740269	-0.100870274	-0.08001261	0.098429285
-0.08354929	0.040843915	-0.08096995	-0.06640774	0.020643212	-0.076246284	0.10037318	0.025710056	-0.05318987	-0.046023633	0.069172144	0.02494263	-0.09581994	-0.0045979563	-0.098966286	0.064127624
-0.004248989	0.009853034	-0.062748455	-0.050357733	0.0021274309	-0.018779332	0.09059808	0.030430485	0.013196204	-0.043887414	-0.0037757063	0.08839613	0.0060674166	-0.04767571	0.0090554105	0.027253572
-0.021947535	0.058206897	-0.06368608	-0.10217488	0.099665515	-0.074023984	0.015348776	0.014853326	-0.06836733	-0.020794483	0.07785814	0.0020506661	0.00032156202	-0.044120453	-0.06996974	0.021869006
-0.0399199	0.032395102	0.019928368	-0.014245655	0.05242959	0.01248991	-0.0027616627	-0.018608456	0.035379484	-0.050331533	0.0068111364	-0.038193263	-0.009476663	0.009980593	-0.022886861	0.004308782
0.019201895	-0.0137811955	-0.042652447	-0.014556457	0.054095168	-0.038994092	-0.016160319	0.038705338	0.002277291	-0.014033734	0.012266426	-0.03883066	-0.0014361604	-0.030224448	-0.018705765	-0.018284718
0.023043115	0.016243784	-0.017704565	-0.02291152	0.03371431	0.0350748	-0.025625663	-0.027125662	-0.009135088	0.037163362	0.003815713	0.029384851	-0.051786058	0.03702051	-0.04410992	0.050100785
0.005236239	0.025006168	0.0017035437	0.003749349	-0.015328203	-0.001903523	0.008119947	-0.004902386	-0.023375362	0.039306752	0.05244335	-0.005245923	0.016412865	0.038038466	-0.0037844111	0.02665199
0.10159659	-0.09652862	0.083265	0.053023573	-0.11151177	0.019137174	-0.035668433	-0.0028575875	0.06024251	0.072956875	-0.01060129	-0.04228507	0.0111533115	0.0126904	0.072716124	-0.0086064115
0.10551671	-0.043633293	0.061651185	0.07221725	-0.050623305	0.10518242	-0.07499192	-0.040290587	0.0973824	0.05543214	-0.03503201	-0.049885616	0.073775254	0.09952645	0.089473814	-0.09797003
-0.044150144	0.06992311	-0.06578516	-0.08039464	0.050590575	-0.07170714	0.013016252	0.012894396	-0.056113336	-0.017090214	0.09097036	0.051637962	-0.035982247	-0.02987513	-0.026547248	0.06626098
0.04136532	-0.07477601	0.08604908	0.048098326	-0.063934125	0.033027474	-0.103148334	-0.09332433	0.09946994	0.11433439	-0.034019213	-0.1033045	0.09514277	0.021745583	0.053971585	-0.02651688
0.052462302	-0.10235126	0.10386273	0.038610846	-0.047346625	0.11007297	-0.043418825	-0.09499121	0.111370705	0.08297101	-0.015660085	-0.10045355	0.1000339	0.024864374	0.06723314	-0.11267951
0.105295025	-0.042762473	0.07828838	0.06761817	-0.11612456	0.038560618	-0.08095027	-0.05042378	0.06624733	0.03128324	-0.0966738	-0.09750277	0.060022637	0.1109105	0.10776396	-0.07200731
0.0805027	-0.095344596	0.043147184	0.09079933	-0.027154565	0.04132921	-0.030586418	-0.050197553	0.04235151	0.041306	-0.09325851	-0.04147707	0.092478395	0.023101207	0.07049528	-0.064739056
-0.024614329	-0.009254582	-0.054771617	-0.043185458	-0.039002724	-0.048351206	-0.031734772	0.028633729	0.03024448	0.012493533	0.02634539	-0.04063194	0.03155761	-0.022615276	-0.040345404	-0.0022606263
0.0330089	-0.10498413	0.048487898	0.07410466	-0.08939427	0.028536906	-0.014877788	-0.03581303	0.049185455	0.10347597	-0.08499744	-0.033903036	0.047688544	0.053307492	0.025518361	-0.095396094
0.02831284	0.015080092	-0.0015803505	-0.025692431	0.05124428	-0.03420593	0.009562636	0.027675042	0.019702725	-0.020030746	-0.017653024	0.0034668823	-0.0423224	-0.05314897	-0.048915487	-0.046171077
-0.020688608	0.04822663	0.040673237	-0.01765501	0.0405238	0.0020353587	0.030263007	0.012344168	-0.048443858	0.042432193	-0.038951766	0.021490403	0.00097423524	-0.0025527347	0.028817637	0.04176266
0.044396225	-0.046417896	0.074902974	0.0997096	-0.04968203	0.05022699	-0.06276729	-0.099006355	0.10913555	0.06083831	-0.026472855	-0.10391744	0.037547827	0.08465286	0.032194883	-0.1062335
-0.05089945	-0.019505141	-0.051635806	-0.05143507	-0.034599274	0.0016266608	-0.021496598	0.025833227	-0.0026512628	0.009364112	-0.024384605	-0.009827401	-0.006435506	-0.016501132	-0.043489024	-0.012260913
0.06703837	-0.04336502	0.03607316	0.010121573	-0.047803305	0.09677482	-0.061475717	-0.08282374	0.06958185	0.10607706	-0.04517113	-0.024023954	0.101855345	0.012695843	0.03313673	-0.086134724
0.10900522	-0.041367035	0.060574226	0.04182733	-0.04602401	0.040385313	-0.059988488	-0.036869705	0.035358064	0.07716068	-0.073021896	-0.026016934	0.013307573	0.049088184	0.039099887	-0.10803804
-0.01888998	0.041880623	0.02836948	0.0070771063	0.03434071	0.023558715	-0.02874669	-0.0044677393	0.03770742	-0.043200515	0.03136333	-0.036262825	-0.04864162	0.011433261	-0.02401729	0.032122295
0.07631608	-0.082679935	0.03950151	0.020377362	-0.10654755	0.029596094	-0.109213464	-0.09916765	0.10976969	0.07733568	-0.06732426	-0.087292925	0.09340169	0.05020145	0.10430014	-0.046956204
0.09574281	-0.047053006	0.03619273	0.06058706	-0.042551614	0.025563583	-0.021161553	-0.07790719	0.10151593	0.04214395	-0.082904436	-0.0848814	0.035456475	0.09626719	0.0051843133	-0.010111836
0.08857267	-0.011696431	0.09544807	0.019895965	-0.06438902	0.090914965	-0.0372403	-0.030397639	0.05816043	0.08479687	-0.028119938	-0.09127679	0.032746624	0.02384831	0.03875946	-0.033399887
0.067966454	-0.010669779	0.086604066	0.035337612	-0.08950047	0.05867356	-0.019134596	-0.024031045	0.057425052	0.074733816	-0.0488328	-0.07174691	0.024136025	0.07013096	0.106045365	-0.050652962
0.07154687	-0.028777078	0.057182103	0.08929988	-0.0573908	0.051754743	-0.06867725	-0.07418225	0.08908499	0.07679443	-0.059226345	-0.08867839	0.09604879	0.09354226	0.013445311	-0.07633335
0.023243066	0.036971387	0.0014056757	-0.01013005	0.018358478	0.027931467	7.512365e-05	0.009581462	0.0019102541	-0.010733117	0.0111594265	0.03627608	0.006215287	-0.0015075875	0.03054404	-0.033312842
0.09721049	-0.05129329	0.092292376	0.023848772	-0.021371404	0.033632677	-0.045735933	-0.07045063	0.08079142	0.051642876	-0.058161158	-0.062927015	0.10379418	0.02847559	0.010294908	-0.10052028
-0.026140656	-0.017291779	-0.025784733	0.0037655137	-0.014409793	-0.0010175663	-0.008452421	0.03856739	-0.022599705	-0.044917088	0.0051434003	0.024946434	-0.001935233	-0.015800973	-0.040219173	-0.009898099
0.10476837	-0.050686527	0.05336647	0.076504685	-0.065573916	0.015145836	-0.08873025	-0.10962722	0.109098524	0.08059646	-0.05796637	-0.094644435	0.026785156	0.061433878	0.10708559	-0.06784792
0.070322506	-0.08162725	0.034793045	0.056397542	-0.0471265	0.084273554	-0.07824118	-0.032536913	0.06273455	0.07835667	-0.039930277	-0.09081932	0.03832024	0.0585808	0.0503107	-0.08814967
-0.06284533	0.041474055	-0.08145331	-0.0017111156	0.025124732	-0.013954099	0.016664365	0.05894535	-0.035004806	-0.038250435	0.07442047	0.001997153	-0.039730918	-0.07670987	-0.03641783	0.09008147
-0.08191903	0.013471055	-0.009244695	-0.09831201	0.029494463	-0.075357735	0.09737236	0.053267904	-0.04780567	-0.07825121	0.10352474	0.028545676	-0.038468894	-0.06750638	-0.06482418	0.074131265
-0.047282398	0.0036688081	-0.037137955	0.023099765	0.0067867166	0.020412061	0.041546863	-0.005342079	0.03639387	0.015783358	0.0010608814	0.031165801	-0.011366997	-0.018124135	-0.021285435	0.0022040743
0.109581135	-0.032083496	0.047213197	0.031127566	-0.04444427	0.05086119	-0.07378657	-0.044070136	0.082228675	0.10944004	-0.10265117	-0.06785381	0.083596304	0.08674822	0.0671996	-0.017442562
0.04807228	-0.094397604	0.09178577	0.10110285	-0.06420829	0.09995411	-0.06284507	-0.10355601	0.052162286	0.07148498	-0.056508824	-0.029624978	0.05176528	0.040210236	0.04061054	-0.044402774
0.029544275	-0.00918745	0.014914876	0.029384904	-0.04321642	0.039936546	0.034288056	-0.019272834	-0.0066981753	-0.039752703	0.050686553	0.033536434	0.017447634	-0.03423865	0.008481563	-0.03421715
0.01665615	-0.048513684	0.080956325	0.02975134	-0.059791848	0.064089246	-0.05460848	-0.10152753	0.06280893	0.014013026	-0.07392806	-0.021989217	0.043549236	0.028606188	0.039588735	-0.02880321
0.019805968	-0.04213132	-0.040508613	-0.030038761	0.014616922	-0.026183305	0.019520942	0.015132565	-0.0071115834	0.038840972	-0.03918434	-0.016553577	-0.036556397	-0.019501403	-0.037574805	0.025466943
0.042690445	-0.034578506	-0.020564219	-0.045521192	-0.030372111	-0.049344517	-0.044105787	-0.011452269	-0.04074055	0.04545643	0.043201946	0.024714429	0.044104412	0.006785865	0.030634997	-0.0368262
-0.04351221	0.07319192	-0.0100600105	-0.07727332	0.043666355	-0.08724531	0.04371128	0.039068095	-0.11526747	-0.03785352	0.03184464	0.02310231	-0.07958863	-0.051688828	-0.021109456	0.047544617
0.11505675	-0.070607014	0.10322848	0.019327031	-0.025015756	0.042469848	-0.038394883	-0.08732395	0.053374313	0.09455093	-0.021084199	-0.10826499	0.09872604	0.10590329	0.0722252	-0.06897052
-0.030445036	0.04208719	-0.036146574	0.022365814	-0.011897835	-0.037835408	-0.025620447	-0.008189516	-0.05494976	0.04438253	-0.0020960304	-0.042106595	0.0341513	-0.031647157	-0.050882235	-0.012985911
-0.011257469	0.044165548	-0.043681033	-0.032435533	0.029043308	-0.04783201	-0.03691217	-0.0006510074	0.03627177	0.044386078	-0.035464466	0.018652987	0.016898492	-0.04181824	-0.010916676	0.010356698
0.09087033	-0.068530925	0.03899847	0.0928318	-0.088245325	0.09120566	-0.052635215	-0.05254219	0.08696025	0.09696231	-0.05792051	-0.07865874	0.086392134	0.07209246	0.048422698	-0.03192965
0.06768025	-0.048422936	0.035166882	0.049446978	-0.046209086	0.057092912	-0.092118636	-0.0101553975	0.101258814	0.023504002	-0.082230866	-0.102185905	0.06871891	0.038723484	0.10529294	-0.08067705
0.028662372	-0.03264157	0.018909037	0.033197496	-0.09977831	0.09596641	-0.0711819	-0.030118406	0.096241325	0.044990905	-0.10385758	-0.056850117	0.07136957	0.05210182	0.08613266	-0.06095665
0.08873728	-0.08522419	0.07324788	0.07599271	-0.0583703	0.05346697	-0.056144323	-0.08053546	0.08329566	0.09517816	-0.042636257	-0.017625408	0.0843038	0.08188765	0.0829601	-0.10033114
0.10604747	-0.04096004	0.041337337	0.07189599	-0.07326102	0.023598658	-0.029478118	-0.08168487	0.048416015	0.096610695	-0.022643644	-0.027711945	0.0645072	0.051923245	0.0600029	-0.108684376
0.07219731	-0.07442446	0.09004742	0.02527261	-0.10417225	0.03389193	-0.0877408	-0.05820947	0.051094044	0.10751374	-0.051352225	-0.027129931	0.06528849	0.04295895	0.08920713	-0.024572575
0.035953175	-0.0313298	0.04341484	0.034454923	0.004718677	0.0027427175	0.044353627	0.00042588694	-0.038802136	0.027847249	0.040689837	0.038318403	-0.019542342	-0.03142232	-0.025356917	-0.042417523
-0.049868263	0.009899367	-0.06892755	-0.030977165	0.048694257	-0.08397238	0.02429329	0.014770135	-0.0789672	-0.030925319	0.018164035	0.043174814	-0.026717927	-0.04637982	-0.08289957	0.076216705
0.020895481	-0.016788062	0.033011254	0.03104831	0.04181539	0.040530805	0.03396158	-0.03823141	-0.012810716	0.011348454	-0.043721776	-0.044465363	0.0448781	0.0036722794	0.008645415	0.013312716
-0.037109796	0.05565244	-0.05748404	-0.10441553	0.0019624697	-0.007881858	0.01293569	0.053696062	-0.0045172484	-0.0526294	0.07425583	0.027734099	-0.06596402	-0.0019132303	-0.06549036	0.029775362
0.032498404	-0.013984751	-0.031817093	0.031013157	0.0014865336	0.018083962	0.049954496	0.016264785	0.037033767	-0.03619402	0.006555975	0.019496834	-0.016065996	0.030157356	0.025930082	-0.03818997
-0.04459604	0.013031446	-0.0019240848	-0.049550507	-0.022344539	-0.037364855	0.013965837	-0.03704391	0.029093955	-0.057126276	-0.034549452	-0.028449818	-0.042340804	0.019705683	-0.044968847	-0.017277528
0.039330937	-0.034695257	0.073179275	0.04432872	-0.08727831	0.0474603	-0.094524644	-0.09262971	0.08459361	0.085861735	-0.032377202	-0.027681652	0.024354793	0.044249456	0.020505365	-0.1017921
0.04127678	-0.022102831	-0.0006133192	0.041575555	-0.011707675	0.028725475	0.036747325	-0.0012560282	0.030391224	0.036092676	-0.05157559	-0.007788965	-0.007310012	-0.050918818	0.040443443	-0.027916921
0.06200439	-0.049514167	0.084632255	0.10492584	-0.06931468	0.06868061	-0.07637445	-0.045983195	0.0360533	0.096619025	-0.088164456	-0.08915648	0.0360304	0.048933204	0.023052132	-0.017387658
0.08661429	-0.022232143	0.10289221	0.10657806	-0.1016647	0.06870941	-0.0379994	-0.01252778	0.10055072	0.10299594	-0.078798756	-0.019357773	0.040114906	0.03899195	0.03125831	-0.021567253
0.09260862	-0.021800729	0.09618797	0.006685745	-0.107627414	0.027342562	-0.10306028	-0.0071743783	0.03186323	0.060251433	-0.086052224	-0.041692175	0.09397002	0.056787636	0.03486847	-0.08620113
-0.03740565	-0.041123226	-0.031610455	0.026408762	-0.047774937	-0.04648038	-0.0033979232	-0.010416435	0.0017885109	0.036292415	0.04504256	-0.04213142	-0.018023323	-0.0332493	-0.01265287	-0.032817975
0.020182937	-0.021607883	0.011792413	0.0992813	-0.090634525	0.06209064	-0.054835837	-0.05954855	0.12460814	0.026506938	-0.047231983	-0.027190126	0.051415198	0.050857514	0.09000269	-0.08779642
0.10313364	-0.06404052	0.033882968	0.09517634	-0.08467134	0.067194074	-0.09978822	-0.044980742	0.10926114	0.080717586	-0.010920914	-0.044418074	0.07494694	0.022144482	0.039636668	-0.10903377
0.020781212	-0.032224316	0.0362539	0.024872875	-0.070969954	0.058093406	-0.030822698	-0.06281573	0.046552278	0.0848107	-0.09729547	-0.07531489	0.058138542	0.026064934	0.018081026	-0.03781854
0.06709478	-0.046717938	0.077141345	0.09347474	-0.013015876	0.088166036	-0.05462186	-0.09646505	0.06764518	0.09714003	-0.107988425	-0.054003928	0.014436094	0.060040403	0.07523607	-0.08807615
-0.049461383	0.03709479	0.004600304	0.031447753	0.048761297	0.015286534	-0.011779153	0.039322365	0.0490174	0.013847253	-0.024267716	0.020053646	0.00707769	-0.030689364	0.0183356	0.001915711
-0.00502053	-0.023303181	0.010503244	-0.034764264	0.011273516	0.00076948287	0.02997694	-0.024987731	-0.049471684	-0.010014092	0.058256507	-0.035953466	0.03690273	0.031648222	0.024359714	0.0474329
-0.012001731	0.08573625	-0.04024418	-0.04385599	0.061257202	-0.054818273	0.011179671	0.0023920229	-0.0646513	-0.05259491	0.011059038	0.03583044	0.0015667308	-0.04182396	-0.031348232	0.013785019
-0.03171959	0.043582328	-0.03769414	-0.023966068	0.03283647	-0.021029653	0.058469836	0.07643292	-0.031350054	-0.08073418	0.016474346	0.06300844	-0.019182904	0.007520983	-0.046406835	-0.00654123
0.11406659	-0.028450003	0.022109635	0.083248496	-0.032872073	0.09888175	-0.026813006	-0.03625185	0.040608987	0.11317378	-0.024797855	-0.09338316	0.098701775	0.05043989	0.05257899	-0.01824399
-0.0032204085	-0.009372368	0.007975298	-0.052996133	0.003785814	0.03987785	-0.036489937	0.034778148	-0.03154016	0.022525106	-0.022502646	0.03315917	-0.018186579	-0.012389732	-0.033789877	0.037724398
0.0921622	-0.024291577	0.09482916	0.029154448	-0.027577272	0.022778368	-0.103534654	-0.0172672	0.025287023	0.064350486	-0.094978616	-0.05892714	0.08403694	0.07337272	0.09289152	-0.0558979
0.08421065	-0.040426955	0.04151807	0.08354306	-0.024628345	0.041968465	-0.07934011	-0.09458155	0.06097643	0.046538565	-0.02827156	-0.043566816	0.035429344	0.087286435	0.08796584	-0.040018834
0.024587309	-0.0063355733	-0.011620815	-0.04423931	0.0026208796	0.019900177	0.049183574	-0.0066657	0.042399324	0.0070143645	-0.010137378	-0.0032036484	-0.043560464	0.019057935	-0.041237395	-0.0029315592
0.018261002	-0.015244528	-0.0054591657	-0.032622375	0.021957532	0.037916854	0.030223552	0.04755275	-0.04116661	0.020947728	0.028277723	-0.018493414	0.02718449	0.010982565	-0.056762885	0.0041484577
0.034653123	-0.025585473	-0.026519824	-0.022405604	0.019044846	0.043610167	-0.037557576	-0.03933673	-0.041187063	-0.029176654	0.032725137	-0.037292592	-0.014378448	0.0039634285	-0.04898876	-0.031812035
-0.0899958	0.035503626	-0.02231098	-0.034429274	0.031363614	-0.07727911	0.019711899	0.07543332	-0.0940691	-0.110483855	0.04037024	0.07709683	-0.08595887	-0.10553245	-0.010950528	0.08227831
-0.08979972	0.014404799	-0.014389487	-0.011694265	0.008296673	-0.042357292	0.0051556276	0.07386712	-0.042286444	-0.06672603	0.040843926	0.060614444	-0.061994165	-0.0015883283	-0.04821739	0.027472446
-0.008087314	-0.0037753417	-0.0033160853	-0.03166802	-0.021817533	-0.018691681	0.019480886	0.022575326	0.01067823	-0.043362916	-0.007995131	0.035174657	0.027673563	-0.009663405	0.0019279436	0.039226793
0.023565738	-0.04063259	-0.031263445	-0.03479358	0.010401634	-0.050289582	-0.042593826	0.030193634	0.04594912	0.019477692	-0.029411849	0.025667783	-0.033639565	-0.019167539	-0.0020830403	0.04583018
0.086540684	-0.04514437	0.09499318	0.027973725	-0.09130577	0.08255141	-0.05059934	-0.1035756	0.034090724	0.0752711	-0.08565789	-0.027259922	0.008635957	0.03802562	0.093624905	-0.08872882
-0.045691457	0.070963115	-0.012009643	-0.009871995	0.08070673	-0.009590074	-0.0049960846	0.08363938	-0.08148622	-0.015184697	0.057950947	0.042589094	-0.08184521	-0.03499934	-0.07263571	0.08084314
0.094539456	-0.022228794	0.08523476	0.08029291	-0.018245777	0.10224517	-0.010459531	-0.07398624	0.030369377	0.028661055	-0.102166496	-0.09309638	0.0810871	0.013926666	0.06684363	-0.08681044
-0.0550944	-0.011146824	0.0354337	0.018497998	0.039466456	0.013241594	0.031102436	-0.010815301	0.02722595	-0.04106177	-0.04299881	0.033346698	-0.027181817	-0.04276887	0.039730124	-0.029652266
0.00862287	-0.011693181	-0.008092708	-0.057344183	0.05239184	0.00553949	0.013798562	0.031204963	-0.07549867	-0.00636073	0.030643307	0.012007961	-0.029921783	-0.07798836	-0.023392336	0.04460958
0.10579952	-0.025224673	0.02465618	0.021170111	-0.10633917	0.07918623	-0.08580928	-0.107568085	0.07469361	0.038231965	-0.06808447	-0.018455122	0.08311198	0.081749424	0.03443887	-0.09660954
-0.10213891	0.02399846	-0.04761271	-0.034615688	-0.004185269	-0.08781619	0.011022847	0.00028386025	-0.064172305	-0.06912098	0.031214487	0.051792536	0.009795916	-0.06561218	-0.032483235	0.0375021
-0.041227136	-0.039228395	0.03241657	0.014661285	-0.011757411	-0.05657384	-0.041864406	0.02699108	-0.04477547	-0.04336288	0.026419634	0.04399405	-0.039109662	0.012325657	-0.04583678	0.051358804
0.033664383	-0.034040924	0.027590157	0.0035016062	-0.04008281	0.033661146	0.020300718	0.01823064	0.04179033	0.01851875	0.0044254353	0.022988008	0.02899916	-0.01105365	0.0074562053	0.026021073
-0.033896238	-0.020577107	-0.007817635	0.001351342	0.023397554	0.027213309	0.03213789	-0.02245888	0.02005339	-0.05012658	-0.041413352	0.012172483	0.002258175	-0.050833695	-0.017133022	0.03787397
0.03714074	0.04747532	-0.00175238	0.040941797	-0.016134717	-0.04200412	0.034183368	0.031566154	-0.036445722	-0.053520903	0.05654232	-0.023562044	-0.0052422658	0.019357378	-0.031148208	0.041646387
-0.090307936	0.042483058	-0.052464362	-0.033855908	0.05607728	-0.09814783	0.08767087	0.062256273	-0.04736611	-0.042730033	0.046066023	0.09441245	-0.023749182	-0.046249334	-0.0056622177	0.104025595
0.0077943443	0.015375542	-0.037878376	-0.026143959	0.018125877	-0.0034317921	0.010814115	-0.042990204	-0.03196813	0.006841094	-0.0053952313	-0.008730076	-0.054463487	-0.019109378	-0.027083747	-0.037052758
-0.08078902	0.071422525	-0.0727279	-0.07864704	0.027150458	-0.04183167	0.07710116	0.060431268	-0.04619701	-0.0648217	0.04519659	0.09134246	-0.011610326	-0.06277575	-0.046008818	0.08923586
-0.042719856	0.016874827	-0.008104378	-0.04456134	-0.0103307655	0.03430213	0.034436334	-0.04504876	-0.025179949	0.015763998	-0.007619946	-0.027344711	-0.0419812	0.039092116	0.04092531	0.040290583
-0.049625386	0.08376865	-0.080628626	-0.033112817	0.015530676	-0.013340254	0.04159916	0.0333497	-0.053822055	-0.03300207	0.0660178	0.05855311	-0.03700761	-0.055101477	-0.018899059	-0.007043128
-0.09931536	0.025667056	-0.0076710093	-0.10616506	0.10870956	-0.044376925	0.041696306	0.033581425	-0.12431375	-0.10875894	0.04513084	0.05039435	-0.05259166	-0.085926495	-0.06903506	0.029970553
-0.02437582	0.09479416	-0.021043403	-0.014940209	0.09526358	-0.07140515	0.07417278	0.026678829	-0.12147238	-0.03389007	0.09179518	0.06256001	-0.09889258	-0.09561301	-0.038680263	0.03347308
0.03199657	0.048955206	-0.054507818	-0.0066401395	0.029142918	-0.031998143	0.009741484	0.023094006	0.02659721	0.040943705	-0.0117039615	0.0070579997	0.030204495	0.029815668	0.0028581081	0.009760778
0.06680633	-0.078909375	0.102636956	0.04205863	-0.019045727	0.07711833	-0.029156296	-0.03254721	0.105377905	0.0911154	-0.062453452	-0.03419101	0.047358587	0.044137742	0.05787542	-0.11165966
-0.026192043	-0.02898383	-0.001144598	0.001910994	0.051646683	0.010942622	-0.017677324	0.058331124	-0.038647275	-0.022058114	-0.0075405817	0.021596355	-0.011255768	0.022624444	-0.039767258	0.020870082
-0.051954	0.022034165	-0.04906618	-0.051728312	0.018615218	-0.017196447	0.09562804	0.042632278	-0.021439184	-0.06411957	0.029235948	0.021225467	-0.082835704	-0.0898701	-0.051344518	0.09175316
0.036180645	-0.043359894	0.029967617	0.042117577	-0.117658325	0.06496426	-0.048688587	-0.060737588	0.081809945	0.06308219	-0.07553643	-0.048350137	0.050555617	0.040883053	0.012082075	-0.09212458
0.09792968	-0.07936636	0.0860176	0.04821376	-0.025057675	0.050883804	-0.042809166	-0.013023292	0.12090026	0.01902541	-0.02720923	-0.08333392	0.09543563	0.026977243	0.09215525	-0.103709914
0.04899364	-0.011024009	0.04660424	0.061306167	-0.07757661	0.05809656	-0.0631882	-0.060089797	0.086177856	0.037565522	-0.10222527	-0.006691743	0.023387253	0.032029957	0.08037589	-0.07209028
-0.061061177	0.08078459	-0.006537418	-0.051464956	0.022362517	-0.044750918	0.106697634	0.03904971	-0.040820703	-0.059312306	0.10425781	0.06359579	-0.049682643	-0.0085321395	-0.091708034	0.10751235
0.008842555	0.02838404	-0.025767103	0.017561637	-0.008462812	-0.014148145	0.056426983	0.0030007488	0.012726938	-0.01370626	0.04183541	0.0048677255	0.03410609	-0.047826085	0.029332748	-0.038713034
0.08918623	-0.08983343	0.009655042	0.013868214	-0.11840733	0.031298496	-0.07881554	-0.06322947	0.0720023	0.11043296	-0.09957909	-0.023754327	0.0095962025	0.10668278	0.0563715	-0.11047019
-0.03509619	0.08956814	-0.05555176	-0.044650603	0.03378615	-0.053743437	0.0633908	0.04875122	-0.09699405	-0.054930534	0.04641138	0.05294964	-0.00036520045	-0.054228935	-0.043870483	0.10492539
-0.012626758	0.035327133	-0.00486174	-0.016127544	-0.044859335	-0.03534605	0.0117759425	0.04063809	-0.028166072	0.037680816	0.041116174	0.024040384	-0.02289456	-0.045332935	0.0053019933	0.0071790083
-0.033326358	0.05696177	-0.022379797	-0.045000326	0.108509555	-0.053483944	0.020621309	0.059900902	-0.12942944	-0.06570061	0.099775	0.04993084	-0.02191809	-0.09590444	-0.026599733	0.08270852
0.008372681	-0.038674854	0.004447413	-0.053424533	-0.036797747	-0.020767912	0.022859314	-0.0090681305	-0.008429197	-0.02009535	0.036128547	0.010693849	0.04401733	0.025623482	-0.024931908	0.0161378
-0.066539675	0.051077634	-0.02809621	-0.10277077	0.051257346	-0.09454332	0.085983425	0.06959504	-0.05115576	-0.048447404	0.07347275	0.08172501	-0.09503645	-0.043503616	-0.01205268	0.031952385
-0.027228147	0.06848837	-0.10021031	-0.04601761	0.03504243	-0.10537621	0.028116161	0.089932166	-0.047979806	-0.09116585	0.022769673	0.09142535	-0.052096244	-0.047423754	-0.07421141	0.08388026
0.03254483	0.00017690925	-0.036509797	0.0011154725	0.050597895	0.03058156	0.055639096	0.021002999	-0.030137647	-0.023906773	0.053519897	0.014179058	-0.03671301	-0.012136059	0.027826438	0.055025373
-0.020802446	-0.0019945353	-0.0029150157	-0.031235578	-0.029632267	-0.0017852639	0.042683236	0.023349034	0.0007983379	-0.008401	0.037517726	-0.031970114	0.043776084	-0.03618751	0.034282718	0.047128223
0.07488162	-0.08009614	0.08784355	0.104426295	-0.027732935	0.027783725	-0.028542304	-0.09741328	0.07262616	0.087429464	-0.094598405	-0.034485254	0.07758245	0.08515504	0.06558463	-0.08329015
-0.04071871	0.024741359	-0.024925454	-0.022828188	0.04515537	-0.0047053727	-0.015818732	0.055493493	-0.010943584	0.017683826	0.010144467	-0.015211436	-0.018993223	-0.044974778	-0.004098204	0.009805797
0.01929929	0.0011232957	-0.017282974	0.006836606	-0.0031328066	-0.02074508	0.020138623	0.013083923	-0.052462425	-0.0051149623	-0.007083066	-0.024206014	-0.016538773	-0.018217973	0.036963787	-0.00933702
-0.05850792	0.018361088	0.042096287	0.01239848	-0.03826639	0.0048472704	-0.012970607	-0.0418402	-0.032497812	-0.02856309	-0.009308892	0.003764771	0.005808103	-0.015700173	0.038112246	-0.009639212
-0.10368707	0.04887753	-0.010776998	-0.053888742	0.077504516	-0.05294342	0.014811955	0.0028948288	-0.1046884	-0.068326555	0.031959165	0.048186217	-0.06324863	-0.014465954	-0.050544076	0.019794036
-0.0812446	0.025374966	-0.088427015	-0.09427979	0.07034902	-0.017496593	0.10443891	0.041454647	-0.12850486	-0.032084752	0.06656642	0.061742358	-0.03708754	-0.07600055	-0.06764636	0.020960035
0.023164803	-0.0081878	-0.035726994	0.01282078	0.06139254	0.031359132	0.04823037	0.04413909	-0.05374684	-0.03926658	0.028320389	0.013268312	-0.011987276	-0.023549983	-0.014669636	0.0161846
-0.032972544	0.020897275	0.046600007	0.019031342	-0.047337133	0.029125502	-0.00023395543	0.028350506	0.011484355	-0.00681	-0.04633785	0.051218428	-0.04400448	0.0060234144	0.015335418	0.04751061
-0.102826625	0.012161469	-0.085753	-0.046238676	0.046797868	-0.096472904	0.09079183	0.09829659	-0.079475634	-0.023424594	0.0021744792	0.071535066	-0.06739468	-0.010720648	-0.088425994	0.05249661
-0.06205888	0.02937512	-0.041779444	0.0051669655	0.030706255	-0.00042682397	0.0044518127	0.03807606	0.032201864	-0.008231682	0.036203466	-0.0011315076	-0.05000761	0.009788705	-0.043691423	-0.031981163
0.026919292	-0.017040998	-0.019589819	0.015591502	0.005377903	-0.038380887	0.04589603	0.051057864	-0.03326347	-0.019835863	0.02205842	-0.018181097	0.03774816	-0.014103786	0.0039023352	0.036764365
0.03913078	0.041454945	-0.0050549675	-0.03674166	-0.024542442	-0.01710523	-0.034214325	0.038622215	-0.040829293	0.013879455	0.0009772358	0.046645675	-0.019488396	0.033780947	0.032826226	0.019641763
0.02462901	-0.09911799	0.019355237	0.10373494	-0.08847365	0.01657355	-0.0885003	-0.024480326	0.040532336	0.04341516	-0.024825813	-0.06787259	0.053352628	0.012524168	0.05357411	-0.07392253
-0.038910918	-0.024812583	-0.042377505	-0.042434122	-0.018464895	0.02700026	0.039829727	0.036559924	0.00053616246	-0.0032651806	-0.0042969626	0.021063894	0.027397493	-0.047474623	-0.022412771	0.03278245
0.028416917	-0.027663535	0.009534872	0.052837584	0.00013315264	-0.041342773	-0.024558503	0.03379272	0.029625358	-0.039302118	-0.029350014	0.041012008	0.04183921	0.020059682	8.162748e-05	0.023810174
0.03250128	-0.025327794	0.06869093	0.08979388	-0.03433663	0.09366031	-0.07606875	-0.028056823	0.06714904	0.10721735	-0.021953152	-0.10963239	0.09762432	0.036002662	0.051741935	-0.019921627
-0.06274117	0.069314115	-0.010339315	-0.011459839	0.040300965	-0.078989886	0.08852403	0.031862807	-0.006649202	-0.09591635	0.06890416	0.08009103	-0.08702798	-0.016153922	-0.09147669	0.050063815
0.0911897	-0.014471033	0.08086877	0.02310758	-0.09347941	0.01758271	-0.10228856	-0.02201398	0.06319986	0.03011114	-0.06268584	-0.03803508	0.0784991	0.07010511	0.085042134	-0.08249562
-0.08952969	0.037557498	-0.0943968	-0.07859441	0.11178749	-0.07179796	0.06861071	0.032429826	-0.07377218	-0.064966515	0.041464034	0.0717288	-0.047981944	-0.095817946	-0.0828028	0.06400107
-0.08972718	0.044782706	-0.03264209	-0.027075939	0.113158576	-0.042483293	0.030994024	0.014481125	-0.08145337	-0.06966183	0.10151555	0.05082973	-0.0533045	-0.0076347296	-0.07248358	0.04269567
-0.07812972	0.054904707	-0.014531767	-0.08277743	0.041778598	-0.075400025	0.009450279	0.095344774	-0.061058946	-0.097136654	0.05608881	0.09733476	-0.04248846	-0.07983199	-0.029739318	0.0053059645
-0.037971735	0.0007199194	0.012382274	-0.010523224	-0.010832501	0.017270915	0.055610973	0.033782393	0.024398228	-0.019809473	0.04974114	0.034594234	0.03757759	0.019079382	-0.026046049	0.01481631
-0.09659779	0.06869496	-0.01716252	-0.008187698	0.073980875	-0.06872157	0.06273016	0.03137288	-0.10380723	-0.040205974	0.07807822	0.030483525	-0.09893708	-0.03698568	-0.009202338	0.101836294
0.011237765	0.016837126	-0.036923807	-0.014566359	0.01680373	0.024496831	-0.0042678425	0.044707537	-0.061799567	0.021954343	0.031020612	0.05385868	0.0008308517	0.005534522	-0.020096904	-0.004931464
-0.012443972	0.04780257	-0.038674626	-0.034044165	0.018312845	-0.025324682	0.032077696	0.04373264	0.0064251604	-0.03957816	0.01240698	-0.023480454	-0.039358605	-0.037314545	0.017992182	0.005262724
0.053852573	-0.044404957	0.07530964	0.09465546	-0.0951914	0.043955088	-0.023378607	-0.08378629	0.10092012	0.05482529	-0.09598492	-0.059795745	0.029034253	0.03182157	0.07470424	-0.06441551
0.043092202	-0.086130425	0.081222594	0.03556036	-0.059686277	0.030087905	-0.063447595	-0.08999332	0.051788606	0.034790795	-0.027137425	-0.064450316	0.052431833	0.0845065	0.043289352	-0.05934526
-0.024343468	0.02028918	-0.028615214	-0.029790504	0.04688133	-0.007835481	0.05982172	0.010140928	-0.026253795	-0.036306202	0.08295546	0.0069671604	-0.0749604	-0.06437604	-0.08355563	0.048402507
0.020947335	0.023893904	0.01139261	-0.05270712	-0.02923211	-0.03974709	0.017176375	-0.023308313	-0.04068628	0.021482017	-0.039716225	0.015148022	-0.040601548	0.016528687	-0.042104844	0.03353661
-0.022099456	-0.0019436914	-0.0012160493	-0.0068307295	-0.016078781	0.016053755	0.021703787	0.05460619	-0.04664971	-0.03423434	0.04447998	-0.0070329118	-0.0377954	-0.021939237	-0.05235227	0.0056587593
-0.08950007	0.0025912854	-0.006037381	-0.08332455	0.09402047	-0.03959835	0.021132812	0.014998662	-0.048026554	-0.08156316	0.049265362	0.022377532	-0.09394847	-0.06629215	-0.04419628	0.02541679
0.0355543	0.037323512	-0.053545956	-0.015391108	0.052551758	0.008121208	-0.034045283	0.050475806	0.0004787027	-0.037543457	0.0509314	0.023788951	0.026216896	-0.05776923	-0.008086144	0.03743311
0.08885005	-0.09814135	0.102467105	0.027384194	-0.018774945	0.057564877	-0.03482901	-0.027750228	0.08629918	0.047801528	-0.10304116	-0.1059245	0.038477935	0.09440033	0.0830194	-0.044513106
0.050889328	-0.017520757	0.014855348	0.035009265	-0.09128405	0.074051365	-0.09328471	-0.039565198	0.044541493	0.032705106	-0.024535874	-0.09898387	0.053233236	0.098934166	0.039937668	-0.07223548
-0.05623658	-0.018837044	0.030315334	-0.019216398	0.013360419	-0.018080853	0.028604237	0.056758557	0.043186367	0.027379623	0.02275884	-0.019318976	-0.014559326	-0.01740696	0.015629493	0.013389094
-0.050024718	-0.04302839	-0.007215577	-0.03200258	0.050697386	0.028500222	0.009740176	-0.039173774	-0.028109338	-0.040124964	0.017061533	0.019520955	-0.035221234	-0.041799378	-0.05279998	-0.032173935
0.08128712	-0.10647643	0.06552621	0.08019	-0.08327294	0.06966471	-0.057766877	-0.08888641	0.041422028	0.09765722	-0.04749504	-0.03882891	0.09768364	0.022967905	0.030936494	-0.05764554
0.04172569	0.0420613	-0.00061725255	0.004531724	-0.044737775	0.015688993	0.03594268	-0.040980898	0.061875794	0.031366196	-0.027050605	-0.0252505	-0.027759992	-0.029612616	0.007593153	-0.028400257
0.059870437	-0.07325707	0.044305436	0.085922725	-0.04972711	0.023277776	-0.10691991	-0.016958559	0.048197817	0.06778925	-0.028546376	-0.07044139	0.05868563	0.019662587	0.008936044	-0.062471688
0.041525893	-0.082773834	0.037973143	0.027586633	-0.08392384	0.046935424	-0.057629433	-0.056405228	0.07760223	0.10108699	-0.06271428	-0.03495319	0.092368156	0.086172484	0.06511612	-0.058945637
0.08730924	-0.011398084	0.047430295	0.06128286	-0.108209714	0.016630655	-0.01731073	-0.09639373	0.077216014	0.04236389	-0.032279506	-0.020154199	0.02896548	0.053662807	0.030684376	-0.060089424
0.039780337	-0.03819264	0.041703504	-0.018777288	-0.009396554	-0.0039012271	-0.04065059	-0.0055302554	-0.026368283	-0.05497486	0.029105157	-0.011736919	-0.02777249	0.0031134037	0.009034543	0.056535535
0.017810829	-0.008693538	-0.057481635	-0.031118527	-0.0003975511	-0.054127045	0.041140433	0.012500721	0.007950149	-0.014859266	0.015209728	-0.01860307	-0.025145099	0.011992646	-0.004251531	0.0033973441
0.09259726	-0.10415629	0.013084	0.06766578	-0.081967644	0.10210324	-0.03313353	-0.01776677	0.114003025	0.07988877	-0.054449525	-0.08863747	0.09232218	0.05717975	0.028353361	-0.020131765
-0.07855261	0.05625269	-0.096342824	-0.0030269492	0.030161364	-0.05189154	0.07973919	0.0885854	-0.08441056	-0.013413779	0.07706806	0.016834427	-0.0816202	-0.066691644	-0.052700628	0.0704167
0.031178892	0.018944638	0.037295707	-0.017570347	-0.03794057	-0.057121165	0.0075056027	0.047106855	0.00052292936	-0.023896163	0.0385619	-0.02942189	0.019858811	0.022784533	0.00426405	-0.026533984
-0.014807865	0.04063502	-0.010373198	0.033921957	-0.025963059	0.011434851	0.046123005	0.008595269	-0.031290937	-0.04126917	-0.0048111724	-0.030779125	-0.04801833	-0.030921035	-0.04305394	0.023544904
0.08680968	-0.0772198	0.013721596	0.08829096	-0.041627944	0.08359066	-0.0369241	-0.049426273	0.035624422	0.11268641	-0.062245123	-0.020725792	0.018493412	0.055018947	0.045535948	-0.06605195
0.058894005	-0.08817781	0.0715539	0.07978046	-0.09302359	0.09398543	-0.0670583	-0.105268374	0.11846125	0.06692074	-0.042570796	-0.042237245	0.052695576	0.043218985	0.10669263	-0.06352213
0.0030942291	0.055541266	-0.017350312	0.0007454007	0.044457067	0.01120817	0.014845079	-0.01670762	-0.0013555837	0.036828447	-0.0037663807	0.021414898	0.0013812006	0.03853141	-0.027729742	0.016803456
-0.033348553	-0.042720813	-0.043212175	-0.0018881932	0.02069028	-0.010110066	0.05154808	-0.032884188	-0.03875651	0.017528813	-0.010670396	0.027601823	0.03988246	0.03209725	-0.052920923	-0.03287051
-0.011981	0.005116828	-0.038971998	0.038884204	0.012556006	-0.01323961	0.054056145	0.04939746	0.00572438	-0.012852628	-0.04331651	-0.018150378	0.03740389	0.0215414	-0.017213596	-0.0112071205
0.10405354	-0.078710385	0.049809247	0.0765031	-0.05737748	0.047039364	-0.018708551	-0.03306791	0.11980214	0.08986379	-0.08083501	-0.07830281	0.07952652	0.08947079	0.04585441	-0.022277553
0.08925046	-0.10506844	0.027028594	0.0658977	-0.023741877	0.086880006	-0.03291807	-0.060373947	0.0949027	0.02839908	-0.09846188	-0.10155195	0.059997015	0.054096352	0.09501025	-0.034956645
-0.053185735	0.05901686	-0.020245379	-0.0095515475	0.023683198	-0.05422574	0.04474603	-0.026471205	-0.060679283	0.027265152	0.053147603	0.03115127	0.0071043493	0.01271049	-0.011649985	0.031009007
0.04850771	-0.098685816	0.0546533	0.085269086	-0.03789416	0.07506296	-0.038433753	-0.10955115	0.06822751	0.07987962	-0.007529214	-0.061875183	0.025409898	0.08812835	0.07659419	-0.10246627
0.10849652	-0.061694436	0.06423956	0.05735037	-0.0529073	0.077506855	-0.04773404	-0.095589556	0.036532655	0.11938147	-0.013460802	-0.04087189	0.06323977	0.04738298	0.035824943	-0.046840955
-0.05950542	0.045112643	-0.051854204	-0.07468234	0.03024194	-0.010726409	0.038740434	0.07164594	-0.107941106	-0.035546016	0.041636355	0.037207928	-0.029308153	-0.030339379	-0.0068506245	0.008590633
0.0064283	0.009839399	0.022407828	-0.009969072	-0.015945679	0.028891845	0.047606334	-0.029507214	-0.011716317	-0.058643155	0.0090157455	0.03156828	0.007241889	-0.037212063	-0.016828256	-0.039405674
-0.015723957	0.035447005	-0.010043567	-0.00059081597	-0.009455594	0.035419986	0.025368307	-0.034747727	0.007021536	0.0068298103	-0.027294798	-0.020718602	0.033447213	-0.025909541	-0.0005147408	0.046721555
0.024386091	0.004187407	-0.014945602	0.0084007755	-0.009299472	-0.025937542	0.021331346	-0.003804534	-0.012681549	-0.042589236	0.04295697	-0.0013215228	0.012231759	0.012277016	0.013223512	0.014506752
0.029775463	0.0432274	-0.007704451	0.043549735	-0.01468876	0.03443029	0.033585776	-0.012882062	0.017141763	-0.02726035	-0.01250273	0.005580376	-0.006622851	-0.023829281	-0.017767802	-0.027404908
-0.05823872	0.047263205	0.0027053233	-0.03447858	0.012047528	0.03416918	-0.041975018	-0.011608166	0.0026844	0.022363618	0.030562581	0.007960349	-0.016599685	-0.018178852	0.019041348	0.030683259
-0.008183213	-0.01621901	-0.049721897	0.035183642	-0.033000816	-0.03757646	0.022910243	-0.028515276	-0.04204434	-0.042877387	0.017878415	0.024644915	-0.02529752	-0.009473364	-0.029778162	-0.03165075
0.034037318	-0.010342633	0.09421383	0.040342465	-0.059871007	0.07698017	-0.08530795	-0.022889199	0.10581931	0.06881087	-0.037287746	-0.06566925	0.06654284	0.08878807	0.08502544	-0.037489202
-0.09614859	0.03620463	-0.08354936	-0.06272622	0.06987644	-0.044668045	0.031966772	0.02022089	-0.1016073	-0.039226368	0.093550615	0.03294219	0.0016159996	-0.093493134	-0.017603511	0.05959703
-0.08113138	0.021084825	-0.092333965	-0.051344346	0.0673311	-0.10834899	0.07218764	0.087220125	-0.08385591	-0.034053233	0.0792669	0.008835558	-0.03343752	-0.08478543	-0.03497342	0.05751533
-0.0031866133	-0.037338164	-0.0048518674	-0.024250286	-0.004559874	-0.0043248	0.03182398	-0.03932382	0.02336908	-0.009375711	-0.041694835	0.049565174	-0.005973248	0.011866411	0.022542087	-0.001814377
-0.101094685	0.06660606	-0.037917547	-0.09959157	0.04845652	-0.050923757	0.043286312	0.06372153	-0.04149536	-0.06985853	0.072926655	0.081087574	-0.0033112338	-0.03039295	-0.023385072	0.09875987
0.0067253364	-0.08394107	0.08916803	0.029869512	-0.09970552	0.03385314	-0.093752146	-0.08717615	0.070341066	0.0812111	-0.060264573	-0.06569176	0.045438953	0.07631767	0.062053636	-0.03307154
0.115107074	-0.08823397	0.063931875	0.102254696	-0.11099009	0.03431061	-0.102726124	-0.07380847	0.041175723	0.11127738	-0.09370702	-0.092419334	0.020229938	0.07860635	0.02847647	-0.09647268
0.06512119	-0.0268016	0.038669065	0.084634826	-0.056329776	0.09424385	-0.06624174	-0.095077276	0.09084277	0.06144302	-0.06838355	-0.07579379	0.015965333	0.100121915	0.040629942	-0.024866996
0.013790027	0.044782154	0.0192428	-0.02282673	-0.007369925	-0.014371042	-0.038591947	0.003965259	0.038197044	0.03225848	-0.015785156	-0.0023985433	0.020291235	0.003909424	0.03193529	0.027564693
-0.004134821	-0.018579073	0.022489395	-0.05558594	0.011692204	0.013522624	0.041044287	0.04657293	0.024456983	0.004002761	0.015654176	-0.010241062	0.038181696	0.008064879	0.03796258	0.05571564
-0.032602597	0.050277967	-0.101986036	-0.016098278	0.11307341	-0.08563643	0.059475962	0.04409737	-0.041863	-0.048112534	0.040357884	0.012466344	-0.024730016	-0.07207921	-0.010169225	0.08092061
-0.0867967	0.048288327	-0.04774527	-0.019026887	0.023543967	-0.023830784	0.078250825	0.0074844323	-0.0041419286	-0.037454803	0.032477587	0.072298616	-0.037008934	-0.07734704	-0.0011888007	0.04120078
0.0030171175	0.023958975	-0.02119057	-0.03591784	0.013831052	-0.04034069	0.037755974	0.001149837	0.031768885	0.016382003	-0.040061533	0.038729835	-0.025159849	0.022025077	-0.014470344	0.022914547
0.05737327	-0.006595176	0.011014728	0.057032436	-0.024538593	0.04331269	-0.030521387	-0.09535302	0.07786379	0.028150627	-0.008603888	-0.05283003	0.09091841	0.07951961	0.07788269	-0.07747522
-0.01350042	0.055212144	0.04021633	-0.0054168594	0.039580006	0.037335563	0.030648163	0.034701716	-0.0074946433	-0.047571667	0.00652881	0.03476908	-0.015271205	0.04094304	0.015456841	-0.034671113
0.010232473	-0.013070666	-0.038411554	0.009382879	-0.042514943	0.0019892969	-0.0077665825	-0.023168271	-0.029899145	-0.016928801	-0.031069545	-0.024403825	0.012631155	0.029291155	-0.051608577	0.043676868
0.112358265	-0.107797936	0.08934579	0.060004685	-0.034040913	0.037434943	-0.0636093	-0.08809311	0.044777613	0.028135095	-0.0834136	-0.103274316	0.079018556	0.10406171	0.049432628	-0.08737979
0.050139695	-0.07560681	0.08270581	0.050794154	-0.11576428	0.018138029	-0.046345517	-0.10460718	0.029757101	0.05233303	-0.079861745	-0.08728634	0.033833362	0.038982064	0.059679594	-0.09922333
-0.016494779	0.0337065	-0.037771046	-0.012895218	0.00567676	0.03614752	0.0024740081	0.0013510331	0.025969513	0.009951561	0.05463903	-0.02673089	-0.026176838	-0.0077239126	-0.043989923	-0.040473554
0.020281935	-0.01962168	0.029730799	0.05954556	-0.061428357	0.044964597	-0.017580656	-0.03890489	0.10915787	0.076253	-0.062183958	-0.08554615	0.101866566	0.10589604	0.032497708	-0.08416414
0.03987895	-0.038963117	0.029165098	0.035832293	-0.11956798	0.060025435	-0.06305658	-0.0418996	0.10447962	0.07487871	-0.025498021	-0.059154697	0.048314884	0.077440426	0.023613658	-0.02672824
-0.024536802	-0.027385924	-0.0021749008	-0.035458565	0.044966042	0.022216143	-0.014022581	-0.011768322	0.006542825	-0.022932068	-0.030827623	-0.016485566	-0.0029603885	-0.050410762	-0.05733707	0.04194163
-0.03471662	-0.03144686	-0.025959209	0.042343028	0.03494558	0.025730994	0.0557203	0.056396212	0.007498779	-0.0072409795	-0.03849611	-0.016024677	0.0013201528	0.014021355	-0.036881108	0.009917607
0.09672756	-0.05368814	0.017034817	0.04734498	-0.12071102	0.04875473	-0.10267378	-0.032112464	0.066612944	0.11425177	-0.05105968	-0.104376	0.10367667	0.11513194	0.07997737	-0.03880525
0.08818465	-0.09807441	0.07380593	0.09485625	-0.030701263	0.07752201	-0.0372872	-0.099951275	0.07141954	0.058760047	-0.09534013	-0.018179378	0.07891063	0.055892564	0.094052725	-0.07010515
-0.095936574	0.07941665	-0.02070938	-0.09636393	0.06969196	-0.038000144	0.050656453	0.021406421	-0.052756537	-0.04670827	0.090742	0.061084215	-0.0480325	-0.049888883	-0.09033008	0.09700075
-0.093405776	0.050080676	-0.09613463	-0.06662875	0.08542191	-0.090621576	0.07218227	0.09636598	-0.079392634	-0.025086721	0.038167045	0.05926145	-0.07619212	-0.0947333	-0.036561593	0.016315913
0.025142476	0.025531443	-0.04946023	0.029215533	-0.042436358	0.029812133	0.05209372	0.04451048	0.0034291584	-0.04682344	0.020295534	0.016945047	0.019847427	0.007358093	-0.030473718	0.042039484
0.018780556	-0.086930394	0.043947514	0.030121634	-0.05379497	0.046659067	-0.07818167	-0.03660325	0.082752846	0.09753288	-0.06722757	-0.033973265	0.024901178	0.018406933	0.0042826715	-0.010622923
-0.030804528	0.021444771	-0.0064973678	0.020810295	0.0029104885	-0.016061192	-0.024224237	-0.01816945	-0.027367229	-0.02155387	0.029029949	-0.026870877	0.0077097598	-0.018751398	-0.018269716	-0.027992768
-0.055846885	0.022199517	-0.038864315	-0.016030315	-0.022356058	-0.01546556	-0.034985114	-0.011629112	-0.0026221187	-0.041159444	-0.022777997	-0.010038688	0.015535774	-0.0023503588	0.024805749	0.018526051
0.021224549	-0.09647826	0.04489683	0.043649126	-0.04300701	0.10570696	-0.012032538	-0.10040048	0.122993656	0.043118287	-0.048099242	-0.07329401	0.058039576	0.059575003	0.09743133	-0.10649508
-0.055590704	0.04342875	-0.049892157	-0.049676664	0.014482129	0.040399622	-0.03654771	-0.037849147	0.030474145	-0.059776206	0.027194837	0.027090663	-0.014388068	0.015083216	-0.0015430679	0.03837477
0.08085922	-0.009400064	0.06501789	0.10224387	-0.069678746	0.10283001	-0.06791875	-0.079241306	0.08278282	0.043654684	-0.03727955	-0.08557289	0.089295976	0.020962508	0.07042704	-0.077719636
-0.10112766	0.043337934	-0.050039586	-0.044828124	0.042605087	-0.10561133	0.025926178	0.07856163	-0.09720737	-0.050775692	0.01909219	0.032560144	-0.08749076	-0.07638174	-0.060940526	0.04990186
-0.010504065	0.056319844	-0.014929635	-0.06422211	0.024644034	-0.015512627	0.06358149	0.016761336	-0.094434276	-0.03913007	0.076955244	0.059219413	-0.03234197	-0.031029908	-0.0509869	0.075490944
-0.0964967	0.046067327	-0.09142627	-0.090281785	0.051133003	-0.068932064	0.08920469	0.07303867	-0.11651545	-0.029330622	0.034264967	0.09198056	-0.05544988	-0.019473234	-0.028094565	0.03690082
-0.0056165354	0.03132021	0.03617573	-0.039805975	-0.028970009	0.041314237	0.031655636	0.04080511	0.027083654	-0.013310904	-0.006452974	0.016733326	-0.034010887	0.02266078	-0.043002684	0.0069933934
-0.03369678	-0.0076636374	0.023088561	-0.005613272	0.0058917557	0.027315667	0.012171154	-0.029956648	-0.033850923	-0.016093653	0.012046992	0.052901987	-0.036003273	-0.05941345	-0.008108886	0.044328976
0.05499455	-0.0384814	0.100732185	0.092549026	-0.08347861	0.081283495	-0.07928663	-0.08554118	0.021062545	0.036473513	-0.10133703	-0.05888601	0.09345113	0.012694603	0.08139621	-0.09818475
0.077814	-0.09799314	0.04696136	0.055177283	-0.036177382	0.021244768	-0.06431796	-0.027576394	0.11614187	0.030258039	-0.061871797	-0.03590829	0.03662989	0.047040153	0.08037747	-0.0784014
0.05386721	-0.084098175	0.106396236	0.09153222	-0.087015666	0.094842486	-0.093828425	-0.038628403	0.11105136	0.07114655	-0.0194873	-0.041556597	0.06936129	0.10436958	0.04625609	-0.11542533
0.059522312	-0.031980265	0.075091004	0.089317866	-0.061440367	0.08024055	-0.03063557	-0.09584277	0.03281858	0.03339054	-0.06525016	-0.036049243	0.014605926	0.08130414	0.04085725	-0.09702884
-0.022439117	0.0088672815	-0.052572247	-0.047848567	-0.0079433	0.0027574303	0.0028152796	0.048057526	0.03877709	0.0036121816	-0.014223663	0.011473821	0.014947669	0.0016005426	-0.024043217	0.033324596
0.08299758	-0.10788798	0.093774505	0.0734513	-0.05784034	0.10726544	-0.09271499	-0.060064763	0.09101146	0.11325115	-0.08140902	-0.0828829	0.08534589	0.09454402	0.0565615	-0.06371896
-0.078982055	0.04558004	-0.011253702	-0.08107251	0.0077354633	-0.08308642	0.009404527	0.08503369	-0.019871086	-0.094163746	0.0017877959	0.041848607	-0.039408017	-0.05166294	-0.0074410276	-0.0027252508
0.017470384	-0.07983373	0.032590516	0.069922015	-0.07421164	0.10116565	-0.02178345	-0.02959478	0.064293765	0.062304888	-0.09840487	-0.037949707	0.03088754	0.07419914	0.047270246	-0.05485184
0.03004257	0.047879208	0.016371854	-0.04016467	-0.024221404	-0.027835594	-0.028414281	0.038897727	-0.01765332	-0.014614889	-0.014293952	0.035820637	-0.015131928	-0.024000565	-0.05281621	-0.028405247
-0.019703925	-0.024824677	0.02295189	0.027269347	0.049287666	0.0056025186	-0.012191117	-0.022825807	0.0080028605	-0.042812824	-0.001442159	-0.025860665	-0.05303331	-0.055080045	-0.04731342	-0.003430756
0.041954737	-0.07925495	0.10224996	0.029487267	-0.1025243	0.05744594	-0.07417247	-0.102435976	0.123213515	0.12098399	-0.09057172	-0.055630136	0.05605406	0.013364003	0.04241845	-0.022951204
-0.10313805	0.09646187	-0.0053662593	-0.01429293	0.0972756	-0.053709224	0.07540293	0.052401047	-0.085137114	-0.10833231	0.033205133	0.057747666	-0.004144746	-0.05615896	-0.006475149	0.08765443
-0.078764535	0.044794124	-0.022024045	-0.06854743	0.061777055	-0.09595448	0.017557038	0.064207286	-0.06169005	-0.07393628	0.084515594	0.058561195	-0.03596101	-0.09692495	-0.06583563	0.09994647
-0.015410437	0.068885185	-0.007315559	-0.09635563	0.07029774	-0.017885419	0.015066702	0.09919681	-0.028861675	-0.089991055	0.05805858	0.029654525	-0.041316144	-0.045333	-0.05945117	0.09816784
-0.05096602	0.034578867	0.003796963	-0.07224693	0.091162175	-0.018509192	0.07383058	0.018759657	-0.06756368	-0.089344315	0.05250097	0.023504231	-0.047795754	0.00018845947	-0.04157857	0.043629657
-0.04585629	0.04581738	-0.09378698	-0.04232298	0.025083294	-0.038592096	0.0046663987	0.02206572	-0.09877427	-0.02035694	0.021963403	0.002945256	-0.09667397	-0.091469266	-0.09406949	0.03937692
0.02063966	-0.033700522	0.10397001	0.04540633	-0.076375045	0.075865	-0.06674934	-0.09804508	0.03701808	0.09963129	-0.10718902	-0.021346018	0.03079073	0.061140243	0.023939257	-0.050847523
0.05290257	-0.026826913	0.045854993	0.014409394	-0.10610575	0.06532113	-0.078349665	-0.01682709	0.039627086	0.050561514	-0.04568816	-0.06440753	0.01215035	0.059411053	0.016114634	-0.08885391
0.048357565	-0.026800737	-0.029546173	0.019576455	-0.03850895	0.008882243	-0.013694364	0.049586248	0.030906301	0.026047653	0.015497762	-0.023711922	0.037689004	-0.044361446	-0.015072623	0.020170346
-0.06335173	0.045679696	-0.04904098	-0.062416878	0.023895085	-0.053828686	0.013223173	0.025841594	-0.12606479	-0.07354609	0.09729071	0.06756131	-0.043929864	-0.006260219	-0.057199538	0.06719122
-0.042031825	0.018953698	-0.09061684	-0.040832177	0.057454787	-0.0843111	0.075254336	0.0751464	-0.13087553	-0.11470955	0.040325556	0.036389578	-0.06030128	-0.10047901	-0.086075835	0.08266899
-0.097424336	0.080155656	-0.08857663	-0.072920665	0.04388239	-0.059824772	0.042348977	0.084271014	-0.08549955	-0.06677019	0.06037398	0.0308588	-0.036140442	-0.060270052	-0.01948146	0.10884095
-0.055422045	-0.035533685	-0.0102167	-0.04642665	-0.039168302	-0.0062471577	-0.024810143	0.008998776	-0.026309047	-0.040079493	0.016545106	-0.011536656	-0.053778183	0.0070477636	0.03441553	0.03130085
-0.018855175	0.087442994	-0.031316966	-0.052473396	0.09172475	-0.06629284	0.071027584	0.068843104	-0.046531264	-0.086717464	0.015186718	0.064088225	-0.0962634	-0.089554735	-0.02194688	0.10677406
-0.017147185	0.090612926	-0.019927956	-0.093352936	0.038325414	-0.012088827	0.004415881	0.054428604	-0.05519563	-0.069438376	0.00499296	0.06618352	0.0052526076	-0.040159978	-0.02761164	0.052936062
0.055344615	-0.08789885	0.04724694	0.057528205	-0.043288633	0.072511725	-0.10986336	-0.08337273	0.08170782	0.043762267	-0.08749343	-0.03087303	0.031690974	0.11004899	0.07434389	-0.074105814
-0.015569517	-0.0026396643	0.01196183	-0.04185418	-0.03340731	0.0013630419	0.04699263	0.041005056	-0.015661016	-0.0047662957	0.011762739	-0.017698823	-0.0060121687	0.009883141	0.026992097	-0.026571305
0.026602028	-0.025356717	0.024558382	-0.04187052	-0.006387597	0.031059649	-0.014625882	0.03024705	-0.06773942	-0.05141152	0.027171763	-0.015952198	-0.04346235	0.028089782	-0.056690447	-0.026135746
-0.046162963	-0.034779105	0.0004775175	-0.042896736	0.04973588	-0.04499123	-0.03191748	-0.02139153	0.004976858	-0.005279582	0.05269865	-0.03717889	0.033197597	0.019319057	-0.045652382	0.043674234
-0.009069302	-0.030870222	-0.010791377	-0.0027905933	0.013612567	-0.003987204	0.045453217	0.0074362783	0.039073646	0.038909458	-0.020648442	0.02521548	-0.018115295	0.023020253	0.036108524	0.0148841
0.056096707	-0.07857139	0.018767767	0.012901687	-0.048146583	0.07133869	-0.08010518	-0.059615657	0.09891589	0.052354075	-0.011844264	-0.019213868	0.066489704	0.04097658	0.088965066	-0.032520138
-0.007373241	0.043750513	-0.050140012	-0.091920055	0.098535955	-0.015776366	0.092841625	0.07154418	-0.068550296	-0.08563192	0.06845114	0.039143775	-0.096829	-0.052039843	-0.0734038	0.08935432
0.01818952	0.00096010085	-0.04433411	0.0107563995	-0.048871476	-0.030529791	-0.005393723	0.03665688	-0.018589543	0.04405597	0.0047918856	0.042310826	-0.021323603	-0.01020599	0.02408917	-0.015984796
0.03395271	-0.09179725	0.08697958	0.08991574	-0.08239437	0.06650337	-0.026122786	-0.10633833	0.05096894	0.04214089	-0.057980184	-0.06831704	0.063205086	0.08271096	0.03335397	-0.101238556
-0.08367822	0.09159828	-0.04536841	-0.06579005	0.039455917	-0.029439464	0.09931732	0.04524657	-0.03701343	-0.03099037	0.04077434	0.0030633498	-0.09352001	-0.10133088	-0.09078142	0.09425164
-0.031119945	0.013450314	-0.015121866	-0.06820646	0.08320665	-0.07382114	0.023930674	0.022704884	-0.08944528	-0.07349366	0.0068189427	0.084984995	0.0014112301	-0.05125167	-0.044841755	0.08255905
-0.06399432	0.004066876	-0.019134346	-0.044909876	0.07964172	-0.029886274	0.06796624	0.0637373	-0.083918236	-0.06542511	0.039011158	0.08161634	-0.07636164	-0.0071401745	-0.022791684	0.09194402
0.011069962	-0.013907301	0.03756706	-0.01091297	-0.044205412	0.019877667	0.01361852	-0.0088062445	0.012471816	0.010063388	0.02601024	0.014035344	-0.048891127	-0.007032993	0.036382243	-0.019372584
-0.01805094	0.015230137	-0.06566519	-0.052583557	0.07765526	-0.056257177	0.07578651	0.10234084	-0.058451254	-0.108958036	0.07094373	0.05473321	-0.03912712	-0.039616827	-0.049883444	0.01674951
0.059548073	-0.030338813	0.0644922	0.09591851	-0.06739077	0.10109901	-0.08901608	-0.08314761	0.047145143	0.066365935	-0.10795935	-0.038219035	0.069233015	0.02464332	0.062918246	-0.0715396
-0.07158941	0.04071411	-0.013754768	-0.034281246	0.057882942	-0.09957492	0.026899157	0.016538506	-0.073632136	-0.09806922	0.09228608	0.036618568	-0.012411506	-0.049010787	-0.0020103962	0.08230087
-0.055811383	0.0018092549	-0.033889852	0.0012355059	0.03785124	0.024983011	-0.024049645	-0.032138143	0.0047010398	-0.015099995	0.018715268	0.025467684	0.040282793	0.036042012	-0.02233049	-0.011237329
-0.061006777	0.015912905	-0.036885735	-0.018277472	-0.0077833254	-0.045762517	-0.020410908	0.021505995	-0.0072725248	-0.051654633	-0.018156147	-0.0059362636	0.014164234	-0.0075016883	0.014972997	-0.010127455
0.020761494	-0.06758627	0.074982844	0.0765434	-0.024946554	0.09282848	-0.062233165	-0.054738734	0.06367748	0.082342826	-0.043871544	-0.094104715	0.071865566	0.03801132	0.09082588	-0.08029183
0.019552888	-0.11148416	0.074420795	0.08208802	-0.096017115	0.05645909	-0.093757704	-0.084514	0.04972982	0.07158553	-0.092612006	-0.06308272	0.08071213	0.06519691	0.0144861145	-0.0261072
0.041387934	0.014256387	-0.014366522	-0.04677207	0.019481832	0.037495557	-0.0030550554	-0.007135627	0.0012788017	0.00020101095	-0.044270407	-0.006591786	-0.008062232	0.043244965	-0.010352146	-0.006541694
-0.08251856	0.074988104	-0.0867124	-0.08393788	0.1154826	-0.07268785	0.06415163	0.034305982	-0.036382686	-0.077151194	0.06019192	0.01744735	-0.09679461	-0.079828195	-0.10010698	0.01476704
-0.09791906	0.031482253	-0.08085546	-0.010457698	0.087772556	-0.031266913	0.010251492	0.043868784	-0.061655886	-0.08906977	0.0723692	0.09205164	-0.007936077	-0.078858346	-0.09632926	0.023683315
-0.016665922	-0.00484431	0.019890215	-0.04738215	-0.018633045	-0.010662272	-0.027903862	0.034811493	0.003851571	-0.05422056	0.0027050867	0.053614877	0.039621904	-0.04717208	0.017805586	0.044206217
0.014380354	0.017718963	0.0027969584	0.03647624	0.022197621	-0.025975296	0.039740864	-0.0131206075	0.024451012	-0.0029447302	-0.0118534025	0.0404578	0.03264176	0.018397594	-0.0078633595	0.05342128
-0.04029169	0.014590323	0.0048157936	0.014876873	0.057269372	-0.053976577	3.932911e-05	0.03710026	-0.04294858	-0.046266448	-0.034170188	-0.032969065	-0.047232334	0.006881837	-0.053181663	0.008546762
-0.01702637	0.03138561	0.021859383	-0.042880807	-0.02485542	0.01226487	-0.025022829	0.034126833	-0.022788586	-0.03525906	0.03378715	-0.041389138	0.018004071	-0.028064163	0.045754768	0.031567473
0.113444425	-0.07094405	0.054366555	0.020274315	-0.059965152	0.021318644	-0.040942878	-0.10156576	0.1234398	0.031648774	-0.07741122	-0.080691606	0.10391086	0.084537886	0.102191664	-0.09817448
0.039232615	-0.012917499	-0.0431853	-0.035354294	0.024900774	-0.031395517	0.033168465	-0.022159727	0.043840855	-0.0070962305	-0.005743935	-0.013118535	0.0029094326	-0.0010154481	0.015668347	0.024589462
-0.042237513	0.07362641	-0.010851363	-0.0038816957	-0.004924387	-0.054648735	0.007220882	0.042558163	-0.065594666	0.0017123142	-0.0040172534	0.028684573	-0.06618286	-0.009949439	-0.03871124	-0.016681174
-0.037213404	0.024035767	-0.050289776	-0.03114151	0.027719174	-0.015950436	0.060533706	0.016317612	-0.013680936	-0.09638962	0.047571823	0.032538634	-0.046440013	-0.03947771	-0.009569442	0.07667786
-8.9447916e-05	0.0019274832	0.035731275	-0.03288278	0.0071113943	-0.0345857	0.04915452	0.05018187	-0.031685803	-0.04411275	-0.016081037	-0.005183064	-0.02808129	-0.01391728	-0.048113964	0.01657808
-0.009143266	0.016750662	0.030749625	0.040853564	0.003398274	-0.018991439	0.041890223	0.012460177	-0.040455107	-0.046192024	0.03584827	0.023780046	0.0011570122	-0.024581322	-0.006790713	0.039738182
-0.04956423	0.013505955	0.03938649	-0.052908868	-0.017169043	0.0071559963	0.020899573	0.03874608	0.05567987	0.032832347	0.041451752	0.04565564	-0.022102116	0.040042523	0.04143721	-0.00666948
0.018695626	-0.031738035	-0.0232921	-0.023741381	-0.007948182	0.007395812	0.025715837	-0.028959142	0.04995175	-0.028724374	0.035772264	0.021986434	0.015959116	-0.05003806	-0.05415009	-0.04457278
0.098398425	-0.046796404	0.04997206	0.10320049	-0.07720499	0.023187112	-0.037269637	-0.076538526	0.030539611	0.06784947	-0.0074176244	-0.040241107	0.08337865	0.013727167	0.063221216	-0.10969275
0.09365238	-0.04435507	0.0320376	0.0292621	-0.05770922	0.08107328	-0.10671621	-0.066971056	0.09043615	0.06363514	-0.03108392	-0.023569822	0.029779846	0.10723247	0.080761455	-0.05432272
-0.02847631	0.09492101	-0.0732301	-0.0905689	0.11193408	-0.04260655	0.043494936	0.013525739	-0.054028034	-0.06783672	0.054898474	0.041890573	-0.060551506	-0.0078395745	-0.06816812	0.060155243
-0.05107371	0.025926748	-0.04376361	0.032323267	-0.006074726	0.016450237	-0.007133779	0.048699215	-0.05891176	-0.020596782	0.05108802	0.031080727	-0.027365472	0.037843432	-0.010134899	-0.043078955
0.038310632	-0.012867213	-0.028203113	-0.01491415	0.056107823	-0.052444927	0.0029055646	0.038730122	-0.043240525	-0.00669181	0.047084898	0.020903014	-0.00830724	0.034844186	-0.017708072	-0.026312044
-0.031427443	0.03878284	-0.05665825	-0.08271511	0.107900314	-0.06370515	0.071409106	0.016790608	-0.04367551	-0.11335271	0.08133255	0.049393065	-0.038481936	-0.045094304	-0.0598232	0.105755165
-0.05752114	0.011571445	-0.06538056	-0.09300694	0.008879378	-0.02862553	0.025780072	0.0831357	-0.045258973	-0.09176422	0.010270254	0.03970445	-0.06553562	-0.041327592	-0.07654058	0.011560715
-0.0012003572	-0.03937956	0.037711386	0.018262621	0.011001683	-0.039049122	0.04382006	-0.039047338	0.024165055	-0.018052567	0.026707934	0.006851363	-0.0033291292	-0.00035469455	0.0015128661	0.048226397
-0.04437457	0.07541287	-0.05949356	-0.077402174	0.088071845	-0.03273896	0.026227765	0.005389706	-0.084095426	-0.09363094	0.06966545	0.0055715926	-0.007592357	-0.095297046	-0.046485238	0.046159726
0.038696125	-0.050222863	0.013280208	0.06840202	-0.09567432	0.10229858	-0.022293728	-0.053524166	0.1000983	0.031708766	-0.060721893	-0.024997354	0.055848762	0.06961674	0.034063525	-0.04844663
0.006410034	0.023309736	-0.012308935	-0.00924723	-0.02298092	-0.021675793	0.004137053	0.025299001	-0.051048063	0.0030092373	0.053237837	0.017273668	-0.01951724	-0.058446947	-0.048260987	-0.007444866
-0.09350473	0.08462103	-0.09270783	-0.100954615	0.020999769	-0.067995936	0.10042199	0.054262463	-0.081896536	-0.06272694	0.09589471	0.0024159173	-0.0048364196	-0.0032268683	-0.01668797	0.009590788
-0.02435331	0.006893182	0.028224567	0.039650258	0.0017210362	-0.040552873	0.015997209	0.05490075	-0.007895889	-0.017664934	-0.020206979	-0.03386078	0.041032888	0.02884985	-0.022745542	-0.025566142
-0.040731885	0.04692208	0.017472638	-0.009877436	0.012111629	0.02428352	0.024434334	0.009929506	-0.040749524	-0.04194535	-0.014870466	-0.0024449143	-0.008643002	-0.025398072	0.033777446	-0.022264378
-0.017621884	0.019407213	0.0078014256	0.022115756	0.044989526	0.0028390056	-0.007661388	-0.035759993	-0.0057020728	-0.036517825	0.028529547	0.039212868	-0.043646302	-0.046398394	0.020560127	-0.02916429
-0.025944198	0.009222737	-0.049662188	-0.0067382706	0.03389529	-0.0027786845	-0.034801412	0.03435032	-0.0025657492	-0.005456241	0.037225667	-0.0018809264	0.020512009	-0.045054242	-0.013114348	0.022639137
-0.06059613	0.020742254	-0.069435224	-0.09605033	0.07421348	-0.07646666	0.009769529	0.08304401	-0.050749645	-0.032564085	0.0025021748	0.0076139914	-0.040558904	-0.06261998	-0.02383128	0.08291291
-0.04156225	0.06895846	-0.031614967	-0.005794432	0.07845608	-0.066090405	0.044523083	0.08697113	-0.11507897	-0.07106353	0.01820302	0.07704801	-0.09053755	-0.092180625	-0.05903706	0.049058672
0.08152079	-0.10614118	0.040969837	0.07302678	-0.045638256	0.09907129	-0.056524042	-0.05074364	0.07557472	0.09592433	-0.09252438	-0.049242076	0.029528445	0.04914996	0.033311423	-0.025079345
-0.009528181	0.084548175	-0.096770115	-0.054113276	0.102278106	-0.0376975	0.018109743	0.02166685	-0.047220975	-0.10308584	0.074700296	0.033385184	-0.08502876	-0.045534275	-0.013990123	0.030140964
-0.038547438	-0.02668862	0.022417452	-0.03614435	0.047981776	-0.03814465	0.03538866	-0.033542756	0.04523783	0.025559904	0.002897911	0.03784661	0.003061392	0.037578907	-0.016286124	-0.02848524
0.04465835	-0.054335754	0.04197576	0.09754574	-0.0975949	0.029826665	-0.062657855	-0.026404802	0.047358345	0.06599525	-0.021799542	-0.05606487	0.09548546	0.07296254	0.05814661	-0.086763635
0.03387666	-0.10806245	0.0661452	0.07048962	-0.073660955	0.10999175	-0.031677775	-0.06339884	0.0985846	0.07081701	-0.01831146	-0.03860645	0.08814772	0.09323428	0.111550495	-0.07984796
-0.053060595	-0.020833764	0.02528938	0.023345707	-0.040687557	-0.04485414	0.041751973	0.033157844	-0.031587586	0.0038001963	0.0052807503	0.017082503	-0.0329007	0.027353546	0.042042945	0.056623556
0.04871733	0.010401027	0.04457643	-0.013553351	-0.013901529	-0.039134853	0.045296	-0.012916846	-0.016760472	0.00076286204	0.0013735087	-0.012947075	0.024331762	0.023030223	0.03269196	0.022793578
0.09013655	-0.037645046	0.052390568	0.046811674	-0.05098281	0.073954485	-0.081426814	-0.02574094	0.11219723	0.084992245	-0.05747436	-0.10370902	0.087150864	0.09507797	0.08783127	-0.032516055
-0.020499086	0.017657978	-0.0071211457	-0.024262069	0.10046587	-0.07900927	0.02327752	0.07974211	-0.08746514	-0.1153063	0.09481166	0.010182492	-0.0040781717	-0.010470199	-0.10215533	0.039621115
-0.052295636	0.023370158	-0.054245025	-0.078245595	0.06893546	-0.09717595	0.09246787	0.070396386	-0.08658753	-0.102419026	0.09418519	0.0036855296	-0.0027340858	-0.031040948	-0.08027348	0.06759738
-0.025194934	0.012385164	-0.051411062	-0.0040761633	0.050445817	-0.057119843	0.05613449	-0.011861081	-0.00654021	-0.05529268	0.09155324	0.046083044	-0.04964926	-0.07849066	-0.03695621	0.08017355
-0.021734746	0.017509058	-0.09504399	-0.085268006	0.01917703	-0.046425637	0.08376058	0.035887394	-0.05761827	-0.03746589	0.036939617	0.08200677	-0.03829806	-0.06718308	-0.0716966	0.09535989
-0.061102547	0.048492476	-0.06598401	-0.07510585	0.0708417	-0.025256446	0.09736391	0.08872268	-0.094286986	-0.11770287	0.0918873	0.012946014	-0.042022884	-0.02015022	-0.056586124	0.10147765
-0.05287804	-0.009189142	-0.00095442764	-0.053571537	-0.03247757	-0.018956577	0.05200424	-0.029462596	-0.05365552	-0.042525176	-0.03577949	0.018528124	0.012402954	-0.031820774	-0.0054675965	-0.024006685
0.09891022	-0.09868641	0.053736713	0.10191014	-0.0763002	0.04351372	-0.077851206	-0.06647769	0.048681572	0.07344906	-0.102107994	-0.04913107	0.097442694	0.068288065	0.077636726	-0.10682068
-0.081778966	0.044221826	-0.1051615	-0.06524992	0.037743047	-0.02509305	0.009918743	0.04792861	-0.12516269	-0.103832595	0.035785776	0.05317036	-0.08645941	-0.042884875	-0.08842779	0.05134439
-0.08022802	0.06539847	-0.010801563	-0.010857906	0.039193586	-0.10526828	0.0877799	0.03468602	-0.08080326	-0.060047727	0.014281199	0.101430155	-0.101117685	-0.05142662	-0.009336054	0.07812167
-0.08558077	0.08763371	-0.06945687	-0.097570196	0.09684396	-0.04946575	0.09448994	0.08621613	-0.075360656	-0.022097778	0.0753651	0.03232859	-0.09374643	-0.034282338	-0.09724496	0.06633022
-0.045790154	0.040608406	0.00028432845	-0.011307263	0.038742747	-0.007158895	-0.02079753	-0.023575146	-0.012195633	-0.030262256	-0.011750539	0.036620963	0.028837651	-0.039135307	-0.03964855	-0.025247162
-0.04705363	0.038459666	-0.02600793	-0.027210671	-0.033246562	0.012936276	-0.015247803	0.045469202	-0.03232792	-0.008510194	0.0352949	-0.029801892	0.016428553	-0.016065398	-0.041436337	-0.00411977
-0.09759567	0.051620707	-0.0719412	-0.06297292	0.01794899	-0.027537232	0.061550878	0.029278863	-0.050875787	-0.017114423	0.102694996	0.0033411225	-0.05295727	-0.07494482	-0.024488332	0.07325881
-0.046404187	0.10163779	-0.0069392584	-0.029967282	0.04838976	-0.092528954	0.09579069	0.071855724	-0.07641156	-0.09032462	0.005826886	0.09565204	-0.06686883	-0.042899676	-0.07837779	0.01744091
-0.096249074	0.06749287	-0.08227189	-0.074013405	0.07596788	-0.045850065	0.019776717	0.01872424	-0.08654326	-0.048218198	0.056474872	0.02016067	-0.06493427	-0.024016611	-0.055820826	0.070074156
-0.06441225	0.08541284	-0.03205509	-0.075000286	0.06490016	-0.06749001	0.08744217	0.06476734	-0.023709683	-0.0648327	0.04848925	0.008517487	-0.00721089	-0.10013214	-0.020480216	0.053129826
0.015705965	-0.10041106	0.02395698	0.098937266	-0.033235177	0.034581427	-0.013991014	-0.033597916	0.0832322	0.10796991	-0.10516273	-0.087383516	0.033775643	0.034762688	0.03458161	-0.10301699
0.105086684	-0.061073765	0.09033476	0.0045693996	-0.02950708	0.016411655	-0.050073825	-0.033793632	0.12679309	0.0368108	-0.06411366	-0.028000375	0.08554732	0.030787813	0.06044231	-0.09500019
0.09150849	-0.05145689	0.036079604	0.047251474	-0.074051	0.10258596	-0.039967354	-0.05821012	0.04982399	0.05370874	-0.08155032	-0.09438516	0.1018771	0.09916938	0.012791232	-0.095247634
0.008152871	-0.07501417	0.047235735	0.044277824	-0.059723947	0.04733921	-0.036632676	-0.05957703	0.07539	0.10731344	-0.049587604	-0.06257282	0.061561882	0.10434157	0.080372415	-0.06738003
0.109532356	-0.039853945	0.060054768	0.01868357	-0.04259439	0.10955956	-0.02783182	-0.061928526	0.119720496	0.04627689	-0.07644539	-0.01177033	0.058054682	0.08562752	0.03296516	-0.09572431
0.06963926	-0.02723148	0.06902246	0.013395209	-0.080869816	0.08519058	-0.11083092	-0.033290736	0.1132925	0.09601964	-0.040762335	-0.045173224	0.029703803	0.01852003	0.0774492	-0.094393276
0.015786074	-0.02885405	-0.021924725	0.012606869	-0.025312224	-0.030641861	0.0027380858	-0.01675086	-0.0091442885	-0.035296716	-0.037845463	0.02044341	-0.05221376	-0.052665558	-0.0009410133	-0.023670733
-0.042796362	0.055111002	-0.04631849	-0.057604954	0.11283171	-0.020085853	0.017090833	0.08132123	-0.07228492	-0.027024055	0.100024976	0.027025538	-0.09791793	-0.016693028	-0.058366604	0.036010135
0.041168936	0.03783489	-0.027071279	-0.006910571	-0.014201043	0.02887273	-0.035984837	0.012510046	-0.016711801	-0.038259473	0.045099996	0.01849954	-0.051720828	-0.020327857	-0.024543265	-0.039508242
-0.044594023	0.03843835	-0.024602745	-0.028342959	0.11375892	-0.053943172	0.08368116	0.04394318	-0.08785943	-0.099948525	0.01772339	0.08322839	-0.080644324	-0.108176745	-0.06441127	0.09179864
-0.0055119097	0.013024512	-0.062406406	-0.023890495	0.08618991	-0.09623479	0.09819647	0.062502295	-0.040691298	-0.031724777	0.012995557	0.04060543	-0.025228102	-0.037392177	-0.09993232	0.03968233
-0.068918735	0.09438651	-0.099889286	-0.01748622	0.08923685	-0.09213864	0.0053847563	0.015414831	-0.037341963	-0.07826983	0.07951839	0.034939993	-0.06847059	-0.08533369	-0.055792175	0.050397694
0.016708184	-0.06618741	0.062938526	0.09014254	-0.023648195	0.08242498	-0.08154764	-0.022682292	0.024907362	0.04148095	-0.022900663	-0.03814992	0.031548582	0.09799953	0.015761698	-0.058583535
0.04206356	-0.03830107	0.02381813	0.10175522	-0.0847988	0.028792268	-0.029787064	-0.043522596	0.11103715	0.090226166	-0.03550867	-0.08029008	0.015694864	0.087482445	0.101656094	-0.090652056
0.11109254	-0.080472276	0.026804108	0.0969491	-0.05022793	0.0987511	-0.09455593	-0.06468363	0.119886026	0.058231216	-0.05075133	-0.07230987	0.045589022	0.06540395	0.01768511	-0.07746369
-0.042470675	-0.012424348	-0.014951035	-0.0009284784	0.040015955	-0.050341852	-0.0068864254	-0.029830571	0.024800805	-0.043909144	-0.030489	0.0077744015	-0.03278708	0.039116234	0.040379357	-0.04393142
-0.0035877149	-0.0107083	-0.023024574	0.00417405	-0.023921803	-0.037352122	-0.0021322982	-0.02841456	-0.019418657	0.030066557	0.02991243	-0.0017543249	0.018251486	-0.002602345	-0.04896459	-0.03697495
0.092036985	-0.05580223	0.027914938	0.050060015	-0.013997832	0.089197874	-0.024313066	-0.0070244037	0.05516719	0.10137188	-0.035604976	-0.07152375	0.077347994	0.058492832	0.023897978	-0.106714875
-0.015794352	0.06041209	-0.02380346	-0.07853901	0.09038126	-0.026339168	0.08186692	0.04349735	-0.08572017	-0.054578774	0.09499615	0.073232055	-0.0029051087	-0.075008534	-0.04342781	0.10515796
-0.031597875	0.042594448	-0.04217411	-0.10415517	0.027958257	-0.065524556	0.0918776	0.0664349	-0.09452395	-0.084302515	0.034905843	0.06906119	-0.054284237	-0.10527255	-0.044204	0.09638408
-0.08154261	0.100547284	-0.05379377	-0.019402267	0.09965048	-0.026585508	0.014324426	0.09445065	-0.071061485	-0.10360195	0.09405734	0.029017601	-0.099023074	-0.025737464	-0.04004381	0.05315553
-0.04247297	0.033860885	-0.015773201	0.024105279	0.02235913	0.0038599276	-0.041545473	-0.03683714	0.032119364	0.040461857	0.007376062	0.043243922	0.01922053	0.039453432	-0.015997162	0.03626344
0.10917521	-0.10289775	0.031659648	0.07204536	-0.06513427	0.053446922	-0.020248193	-0.027792057	0.077720575	0.069393314	-0.10057683	-0.08989136	0.024024736	0.10586574	0.012522639	-0.027863767
0.020051958	-0.086474806	0.02533573	0.07550769	-0.05439165	0.102473624	-0.027843297	-0.02646358	0.098145366	0.09073234	-0.023242688	-0.0967243	0.031818982	0.061346464	0.07562806	-0.048072334
-0.040856145	-0.031206	-0.029638857	0.02126514	-0.036621433	0.0062238895	-0.011770813	-0.04418903	0.010776289	0.012846938	0.025065204	0.046922266	0.0043301177	0.02093098	0.0037724932	0.032868985
0.05754174	-0.11172348	0.025559032	0.06569264	-0.09306119	0.07691099	-0.03248902	-0.099424705	0.09453513	0.10060905	-0.026453039	-0.05836689	0.11163108	0.01961786	0.044656288	-0.085857995
0.1005475	-0.018187443	0.022686563	0.098878875	-0.071335316	0.04839503	-0.06969022	-0.020262895	0.10903929	0.102750175	-0.065911554	-0.097257435	0.06116094	0.03837178	0.07366008	-0.09862442
0.10908442	-0.035805304	0.10699504	0.03762123	-0.0433153	0.057897255	-0.09412907	-0.035794113	0.070435666	0.09831279	-0.09075766	-0.07940768	0.063688196	0.09209151	0.098371774	-0.07765441
-0.047011975	0.02735391	-0.066632226	-0.016217466	0.06284184	-0.10818389	0.06289858	0.009652867	-0.09641158	-0.103952765	0.089725725	0.08840397	-0.06453017	-0.08304846	-0.042094998	0.040073715
-0.06959284	0.09852459	-0.013219618	-0.035133813	0.11300392	-0.043183334	0.07550519	0.007498741	-0.037001684	-0.11542719	0.086074434	0.033275466	-0.091094546	-0.07622554	-0.02739427	0.09142781
0.061287463	-0.035083156	0.017495504	0.08636897	-0.09086108	0.093036674	-0.0447482	-0.04717538	0.030268556	0.11009718	-0.08944134	-0.08845948	0.048192285	0.069549	0.05201145	-0.04301919
-0.04511486	0.005846483	-0.037376508	-0.016495997	-0.022745663	-0.026210744	0.03782114	0.019180119	0.03781667	0.029119346	0.05364916	0.038950834	0.011949979	0.03176933	0.007657172	0.03479625
0.018361894	-0.00931873	-0.008050377	0.029499518	0.030254403	0.006287386	-0.03067877	0.047674906	-0.04110152	-0.050391875	-0.024359027	0.004526807	-0.015123652	-0.016077954	0.03009937	0.042727977
0.02803693	-0.08360326	0.08602575	0.07065056	-0.073210746	0.078708775	-0.061414164	-0.11195807	0.05092806	0.07825281	-0.07986146	-0.096204504	0.105419174	0.03728152	0.04601071	-0.10832654
0.042099662	-0.05431635	0.10446788	0.090169266	-0.06531189	0.051447805	-0.106675535	-0.08747803	0.040022813	0.1020595	-0.07481078	-0.036928166	0.022851242	0.06853858	0.03320303	-0.035910364
0.070526235	-0.09022765	0.016119841	0.08211349	-0.045994174	0.034904603	-0.075699806	-0.031935554	0.11860655	0.111586004	-0.028062047	-0.085666455	0.026335968	0.06266031	0.047609244	-0.10736419
0.031163767	0.04967572	-0.016441	-0.017551748	0.04449168	0.03918447	0.030582001	0.013249226	0.023896445	-0.030651318	-0.010887612	0.018789705	0.0030106048	-0.009342039	-0.00019847581	-0.010810512
-0.03266145	-0.02983875	0.029715752	0.022549111	0.042943764	-0.030224027	0.038601138	0.008689217	-0.041658234	0.028605178	-0.036926262	0.049497254	-0.015874749	-0.0023648955	0.0065531577	-0.014196611
-0.07611455	0.013614958	-0.0728107	-0.033212412	0.023904856	-0.03454306	0.080015555	0.030889837	-0.054679967	-0.026621139	0.011429206	0.026862483	-0.07506655	-0.06382049	-0.04613274	0.013030172
-0.025925031	0.06578596	-0.034970924	-0.013071482	0.025392998	-0.0151887	0.060915336	0.054805055	-0.027413717	-0.05393647	0.012036972	0.03016518	-0.0117079085	-0.09199451	-0.018717246	0.074908055
-0.07018496	0.019280838	-0.033380974	-0.03967241	0.022937708	-0.0011371295	0.062326286	0.044920664	-0.112318955	-0.08005784	0.060686085	0.049824994	-0.033329085	-0.06472108	0.005373815	0.049196217
-0.015931	0.07918854	0.0037742776	-0.008061752	0.066901624	-0.034105856	0.07853561	0.069778375	-0.026458304	-0.086913966	0.082029596	0.070019044	-0.023144264	-0.04569044	-0.072663516	0.003417144
-0.049693562	0.07555481	-0.04331245	-0.006296195	0.061419375	-0.06797061	0.014043438	0.0356298	-0.070770696	-0.109683864	0.079107165	0.02649469	0.004847027	-0.020717649	-0.022544205	0.097932085
0.01761319	0.0382843	-0.032848317	-0.032519143	-0.0044741402	0.0094327135	-0.03236238	0.002288071	-0.04366634	0.011977058	-0.007515421	0.005367361	0.0058459984	-0.01946637	-0.04813728	-0.03094693
-0.03107779	0.041747794	-0.06029543	-0.041820507	0.02838951	-0.041296188	0.061277207	0.028894981	-0.07855202	-0.04835308	0.06399388	0.040120542	-0.012808924	-0.04728791	-0.018849986	0.019439708
-0.1007031	0.038407683	-0.007978961	-0.045046538	0.010825395	-0.04035245	0.067331955	0.0792777	-0.076863356	-0.09839426	0.05169064	0.029515145	-0.031780835	-0.029691104	-0.03667817	0.05006206
0.08263002	-0.04320063	0.10017149	0.034486048	-0.08404151	0.10121667	-0.027720204	-0.09465848	0.04109489	0.09544713	-0.043709986	-0.09536454	0.035373785	0.085044146	0.062789	-0.032360118
-0.0823229	0.014000833	-0.09670495	-0.0048037954	0.10592372	-0.03888	0.06489064	0.033242036	-0.036884956	-0.034933258	0.006601883	0.03400611	-0.08145961	-0.040126454	-0.09173915	0.011638389
0.103015944	-0.0057207663	0.009341092	0.038948797	-0.096043505	0.06727709	-0.07418744	-0.10370734	0.09543954	0.07280545	-0.006474526	-0.041848224	0.06174268	0.1056942	0.040744755	-0.07181484
0.08423443	-0.028482243	0.10253466	0.047459476	-0.060867652	0.10697151	-0.0514591	-0.0308189	0.033519235	0.038085826	-0.047691077	-0.079689324	0.029983563	0.027850796	0.091053724	-0.03160925
0.060799286	-0.10200737	0.04198778	0.029652622	-0.109680414	0.0507645	-0.06442398	-0.08483235	0.043416288	0.085513875	-0.059150305	-0.10343927	0.109555036	0.052062467	0.013101964	-0.07524872
-0.041035626	0.032493353	0.011423987	-0.020421162	0.0058050565	-0.020966258	-0.042286467	-0.017745394	0.02597466	-0.054217845	0.00096159143	0.045919653	-0.03284289	-0.021340527	-0.0042261095	-0.04187612
-0.012971605	0.042104963	-0.03327145	-0.047050774	0.10852492	-0.10313106	0.08250631	0.09421693	-0.03922493	-0.090560704	0.013085754	0.041056525	-0.03209671	-0.08792539	-0.08056139	0.020889184
-0.023554688	0.03893124	-0.037051477	-0.014276995	0.05497512	-0.08901253	0.049622945	0.07333753	-0.10050595	-0.116070904	0.04716462	0.073096745	-0.07426264	-0.025608681	-0.02120437	0.07616576
-0.051843915	0.044138957	0.030136503	0.033561733	0.004254598	0.00038327152	0.017150251	0.015419472	0.025589176	-0.054070123	-0.025474478	0.040851183	0.0071570207	0.026310064	0.017035492	-0.005226212
-0.04214542	0.032774534	-0.05731501	-0.071976155	0.09540276	-0.022794047	0.014815492	0.013538678	-0.111433364	-0.04076694	0.08795758	0.05455465	-0.09245449	-0.027164085	0.0015204257	0.011271665
0.0759974	-0.05954543	0.060135014	0.090490915	-0.11498669	0.092422284	-0.0933629	-0.046341732	0.07948087	0.0999761	-0.023479342	-0.07612769	0.09958465	0.032134496	0.09334069	-0.10427633
0.008294837	0.007439121	-0.05509023	0.032034963	-0.006268625	-0.0017962509	-0.036295183	0.04178659	-0.007745869	-0.02034923	-0.003216717	0.03266113	-0.03795535	0.013940489	-0.028625708	-0.040574133
0.03563392	-0.052912503	0.1053652	0.100905575	-0.019508168	0.07175265	-0.054369707	-0.043399587	0.12687655	0.09554318	-0.08600187	-0.027795615	0.01939498	0.020765753	0.09152846	-0.06369074
0.0128004365	0.009396494	-0.051843103	-0.014829369	0.02766437	0.0058888383	-0.024584731	-0.023196768	0.007813976	-0.042377517	0.030246159	0.0047313483	-0.046363294	-0.031854067	-0.025840687	0.04207675
-0.051366113	0.036817167	-0.06927231	-0.08185057	0.063474014	-0.056893438	0.084368445	0.06471452	-0.1110287	-0.04032868	0.046965327	0.07755084	-0.0017017397	-0.057434224	-0.09730645	0.061920676
-0.0180246	0.014892962	-0.08088871	-0.09061494	-0.005360544	-0.061470523	0.09555357	0.008619411	-0.011537156	-0.05862704	0.09320607	0.04746767	-0.050507106	-0.046113472	-0.054194283	0.07132816
0.021932974	-0.03471775	-0.019757612	-0.0048181918	-0.022206234	-0.025803864	-0.009069442	0.031089203	-0.0080501065	-0.030788058	-0.035671767	0.015402677	-0.043564312	0.012923106	0.043278303	0.0012790463
0.0032468764	0.032305896	0.01879341	0.015313626	0.023198554	-0.026897088	0.0101712765	0.023246724	-0.036829125	0.0073168147	-0.01945645	-0.037743088	0.027816461	-0.011056145	-0.00018867968	0.03199818
-0.044890128	0.012588472	-0.03841703	-0.033009026	0.023791691	-0.066465124	0.043196805	0.025987012	-0.0679274	-0.023517	0.051579386	0.0811895	-0.022211818	-0.0830164	-0.06584873	0.07175244
-0.06269622	0.08563543	-0.04289633	-0.07427245	0.02390339	-0.07382304	0.06954708	0.040703803	-0.052839823	-0.09055172	0.020787206	0.036670618	-0.09029659	-0.07454143	-0.07940688	0.047170434
-0.01493764	0.049353562	-0.021884348	-0.044535905	0.08046956	-0.054610815	0.052751485	0.08612967	-0.074478954	-0.06354683	0.057572197	0.055291817	-0.06777497	-0.07068098	-0.01332807	0.04924073
-0.053242926	0.06488491	-0.009958972	-0.10243763	0.0878588	-0.030274529	0.035140593	0.07334889	-0.070884936	-0.04587646	0.065557726	0.05567125	-0.06516558	-0.05603579	-0.07010813	0.08113119
0.059304688	-0.060807988	0.06695712	0.024877733	-0.09405187	0.038689584	-0.038351815	-0.07627596	0.08911483	0.11027983	-0.09484635	-0.04145489	0.04051741	0.034917574	0.05242716	-0.034203764
-0.018879637	-0.016728224	-0.0036501882	-0.018258335	0.020587655	-0.057650432	0.029707786	-0.03451067	0.04262244	0.025732035	-0.009313123	-0.010983801	0.032981966	0.009937467	-0.018196842	-0.030777808
-0.025151955	0.0762653	-0.0315873	-0.09200807	0.034614872	-0.02757075	0.006278567	0.09341696	-0.055655334	-0.10779828	0.07603612	0.015106659	-0.076088846	-0.0044065216	-0.042331994	0.0059796483
-0.09398485	0.08869265	-0.059281144	-0.020822112	0.086600885	-0.03566327	0.0032530567	0.07898093	-0.11074089	-0.017148037	0.09788205	0.05001536	-0.074669555	-0.069498375	-0.022015832	0.01579618
-0.023508105	-0.022752017	0.039201513	-0.036660068	-0.022905182	-0.032415263	0.0231622	0.028855696	-0.05130959	-0.03352424	-0.0073795994	-0.04222613	0.019659907	0.03605266	0.0044632284	0.022220151
-0.024451237	-0.031978797	0.02793201	0.010654657	0.006192025	0.018105326	0.0306848	0.056378763	-0.017465426	0.016441764	-0.023931688	0.028559286	0.03158536	-0.021046162	-0.012100623	-0.0124609815
0.11173912	-0.032699324	0.08804198	0.086628206	-0.015796484	0.0796837	-0.091687344	-0.06768155	0.08485681	0.03792974	-0.013517943	-0.02914128	0.037008017	0.0567935	0.07393646	-0.09152384
-0.04893237	0.04818542	-0.020384654	-0.07727063	0.075293325	-0.06777057	0.096775204	0.0505867	-0.08318088	-0.015956936	0.01999591	0.04132119	-0.031306665	-0.036185436	-0.078236386	0.0730183
0.007043257	0.053219005	-0.024544034	-0.081150934	0.024332069	-0.07468008	0.016547251	0.0189914	-0.08431019	0.00088658335	0.010272052	-0.010781894	0.013862221	-0.017317329	-0.0012246396	0.02502537
-0.02385867	-0.029172875	0.021009903	0.0010780966	0.042659953	0.012656668	0.040884208	0.010978038	-0.005643974	0.03877717	0.026333658	0.008435723	0.031110795	-0.022382587	0.016078897	0.039669227
0.098181024	-0.07190282	0.06689327	0.018642355	-0.09839742	0.08341244	-0.0683845	-0.060909558	0.04041755	0.09263764	-0.008719228	-0.08859062	0.028117072	0.046321105	0.07170381	-0.0784053
0.1011286	-0.07233928	0.06509337	0.09596395	-0.03965241	0.114271134	-0.05249975	-0.035547987	0.0893854	0.12528722	-0.05819745	-0.053206533	0.07087817	0.08220832	0.10710147	-0.10780877
0.028633406	-0.039001293	0.020255882	0.10847906	-0.10709939	0.09611235	-0.03121259	-0.062914096	0.12021693	0.06102428	-0.089888856	-0.03977134	0.09511629	0.08612556	0.09099959	-0.058105595
0.05585685	-0.022837933	0.03765155	0.022264976	-0.11102518	0.07503124	-0.045101725	-0.09152611	0.09250483	0.026920104	-0.009199596	-0.03657093	0.04002438	0.0948718	0.09809776	-0.09094252
-0.033930812	0.055655286	-0.0070830327	-0.09067202	0.0838168	-0.04423976	0.08895825	0.083519734	-0.077729985	-0.03745695	0.068969	0.021800224	-0.06351707	-0.079320244	6.7208886e-05	0.03824653
-0.043553833	-0.035544958	-0.041415844	-0.04187221	-0.010366376	0.02871563	0.00866642	-0.030529143	0.03168549	-0.023733864	-0.034260623	-0.0052672294	-0.040515106	0.035036176	0.02513999	2.5594763e-05
-0.038978666	0.056875486	-0.05212239	-0.043937877	0.060189392	-0.07436627	0.025907058	0.031519152	-0.055799913	-0.0806991	0.0065389	0.033200648	-0.048391324	-0.08927754	0.0043551107	0.08040836
-0.020735685	0.03268222	-0.08740711	-0.0279765	0.02331738	-0.047637425	0.08761679	0.059715163	-0.08276357	-0.09137711	0.006652963	0.07773444	-0.06799101	-0.07851373	-0.065036416	0.06841758
0.0075625665	-0.017302463	-0.049678445	0.017451001	0.044457212	-0.041421726	0.033650637	-0.035870768	-0.029258216	-0.014806685	0.057648055	0.014619063	-0.016364845	-0.017828852	-0.004902947	0.046157997
-0.036971327	0.016605377	-0.072777405	-0.027327163	0.0328003	-0.02763357	0.030528702	0.000949049	-0.017651662	-0.04901813	0.040285606	0.037422255	0.0023013293	-0.02012191	-0.04523222	0.08479337
0.083761774	-0.10499221	0.088059254	0.055665202	-0.05865437	0.08333094	-0.0957238	-0.081089884	0.07570544	0.06818629	-0.031245485	-0.026581768	0.011953978	0.05389	0.02192411	-0.029804176
0.093533695	-0.024851745	0.075815275	0.072176784	-0.03317925	0.07838914	-0.043975603	-0.09127076	0.116935976	0.0929381	-0.06542887	-0.09730868	0.020015439	0.09031725	0.08528657	-0.087380484
0.047235288	-0.057083026	0.08151989	0.07312932	-0.10574129	0.0715302	-0.013666081	-0.05377623	0.08071388	0.11194531	-0.016826816	-0.039894097	0.10375248	0.052323	0.0911679	-0.0803975
0.110599376	-0.008213554	0.08885623	0.010687376	-0.082244754	0.08259008	-0.08678803	-0.0818226	0.055928443	0.047055423	-0.044129882	-0.036188893	0.07233707	0.011302896	0.08371878	-0.096223295
-0.056743477	0.015548741	-0.042615682	0.00021349703	-0.0075989077	-0.008675875	-0.040499333	-0.0043325042	0.00991766	-0.035305712	-0.008433404	0.05467378	-0.024998736	0.026118195	-0.028884124	-0.0045835027
0.03006483	0.0046952334	0.04120805	-3.0211395e-06	-0.015996924	-0.006681326	0.029231025	-0.010126644	0.043930724	-0.010801655	0.048904657	0.008429027	0.0028075378	0.027042283	-0.046418127	0.033758234
0.08922936	-0.014808497	0.059544623	0.091341	-0.085587755	0.11118753	-0.08278439	-0.085314885	0.06016309	0.12095147	-0.06194981	-0.04535912	0.10730113	0.042846706	0.050321974	-0.082781255
0.08248968	0.00021941485	0.040656608	0.027627928	-0.0048494358	0.041910987	-0.054732215	-0.07971598	0.06969606	0.017497832	-0.060274284	-0.06943026	0.0627544	0.026627293	0.01639077	-0.060896557
-0.08654505	0.03975596	-0.017618759	-0.019625887	0.02690852	-0.07387417	0.077253334	0.03141148	-0.07478715	-0.06737425	0.05775761	0.010736447	-0.049434848	-0.069532804	-0.03552714	0.054350242
-0.036082033	0.051139582	-0.09906208	-0.027201094	0.10231912	-0.084449776	0.08139975	0.02256846	-0.0916664	-0.09673184	0.095091745	0.065142855	-0.029003546	-0.026057607	-0.05043246	0.062070515
0.030565143	-0.06737284	0.034025718	0.10716587	-0.07141644	0.046585057	-0.075571306	-0.092775	0.07298971	0.09100959	-0.04599316	-0.09969207	0.09631447	0.10079006	0.022615373	-0.04339394
-0.04138932	0.04222953	0.0151359895	0.011986439	-0.035101194	-0.04437597	0.04304408	-0.020821832	0.03671137	0.0063350117	0.0012357385	0.05002866	0.035953168	0.024936127	0.017059576	0.012204739
0.07517067	-0.028775133	0.11208833	0.021015385	-0.027695946	0.054863583	-0.04740014	-0.09260578	0.033035673	0.03283548	-0.018996801	-0.015877612	0.07996744	0.1113618	0.06684743	-0.10094595
-0.034370013	0.101081125	-0.08407445	-0.026810285	0.050803836	-0.10244768	0.066190906	0.012421585	-0.063003495	-0.05656543	0.032657273	0.025733452	-0.090225294	-0.018309316	-0.05287756	0.04846603
-0.043992147	-0.034792013	0.0069474974	-0.005884303	-0.0022934345	-0.011876099	0.016529921	0.031096496	0.006619813	-0.041360226	0.0052724825	0.042844865	0.03648499	0.021539755	-0.042660307	-0.023275066
-0.015844498	-0.009347717	0.038416237	0.017860364	-0.026973236	0.00029550795	0.019923218	-0.020757912	-0.049065158	0.019722141	0.0056975284	0.04635317	-0.002420639	0.027878324	-0.044569194	-0.009213153
0.05595734	-0.10482096	0.00970814	0.079171166	-0.08075565	0.07600489	-0.08109829	-0.057062972	0.056984365	0.046954732	-0.07083194	-0.03696345	0.10049142	0.02070828	0.014468512	-0.10102307
0.05208062	-0.0436109	0.020292781	0.04534412	-0.04920697	0.04597816	-0.07899198	-0.031222869	0.08055854	0.04320841	-0.020140257	-0.065183446	0.047998104	0.059010774	0.086139865	-0.037397377
-0.026158564	-0.02778202	0.03610051	0.01515618	-0.029697672	0.013503183	-0.01976938	0.03655561	-0.012857721	0.009353718	-0.038900964	-0.002671432	0.04172982	-0.031144978	0.025492227	0.04616479
-0.011997253	0.022466078	-0.00084961863	-0.021876566	-0.009793748	0.0041451287	0.00459203	-0.002854903	0.01696567	-0.0041376436	0.019359054	-0.006334495	0.010045791	-0.055624556	-0.0012063098	0.026134636
-0.016432742	0.08457008	-0.033219848	-0.08490786	0.07980852	-0.09164383	0.058215026	0.06946328	-0.07890581	-0.06233486	0.04747589	0.09517594	-0.067858	-0.08598049	-0.012663695	0.05690042
0.055186626	-0.108942285	0.05763627	0.08606642	-0.022705495	0.11370748	-0.028404078	-0.08812153	0.099947125	0.11309011	-0.06001235	-0.09420279	0.0458866	0.07132515	0.044395573	-0.09464178
-0.0445542	0.04582271	-0.018359786	-0.054207146	0.028951991	-0.022987816	0.04838958	-0.0038872054	-0.035763778	-0.01876073	-0.037160695	0.046256535	-0.046487816	-0.022523696	-0.029902183	0.03569606
-0.08817046	0.080652535	-0.08784109	-0.007204107	0.03362735	-0.10461744	0.08625703	0.090250775	-0.11228051	-0.054862037	0.060772825	0.028069947	-0.06976897	-0.08794149	-0.055972654	0.027127957
0.02680196	-0.03185979	-0.04730754	0.008567468	0.046481725	-0.009894967	0.004811065	0.02760916	-0.014935884	0.038248908	-0.027610157	0.014359242	-0.044405106	-0.036044642	-0.021833092	-0.017234499
-0.040737685	0.007302257	0.017014029	-0.008353954	0.047363363	0.013774435	-0.02720506	0.039958987	-0.02586523	-0.045762908	-0.016288113	-0.00864213	0.029886138	-0.030610159	0.037374627	0.026348658
0.02042267	-0.05910343	0.093890786	0.10177256	-0.09337733	0.042313974	-0.045854855	-0.09764693	0.037368692	0.08750973	-0.071859434	-0.026473768	0.06232685	0.10786491	0.018205661	-0.08886464
-0.05361948	-0.021943595	0.018218381	-0.044187073	-0.010932169	-0.013773066	0.0018991822	0.022498682	0.010841863	-0.046004258	0.05650876	-0.012625368	0.021619903	-0.055291373	0.041020975	0.014755722
0.015072049	-0.0648402	0.05961025	0.014464895	-0.06343588	0.030655868	-0.066510625	-0.024713175	0.057304513	0.042962164	-0.08586694	-0.05446189	0.09893398	0.05586628	0.038297188	-0.022968525
0.00861977	0.02290144	-0.046437193	0.025580147	0.02251693	0.02701241	-0.029180478	0.0054224306	0.0088865	0.0065463483	0.03417403	0.043834906	0.016551483	-0.053844012	-0.020292262	-0.009749555
0.056710746	-0.07662935	0.07431016	0.035433237	-0.11718535	0.061373424	-0.013122637	-0.026065176	0.065237984	0.020255849	-0.013696871	-0.098597564	0.088884346	0.079183735	0.06321335	-0.04925983
-0.06043534	0.011853163	-0.019045986	-0.024675006	0.020698141	-0.10111549	0.00636524	0.09056796	-0.059058707	-0.10241721	0.022720242	0.023855168	-0.04705545	-0.0789725	-0.010292745	0.02246294
-0.05612601	0.083562754	-0.028834695	-0.022159616	0.02909676	-0.014702399	0.018764138	0.097273	-0.10384653	-0.041373033	0.03095496	0.0854587	-0.03064302	-0.07372852	-0.03904082	0.08157463
-0.02883934	0.04983067	-0.020408759	-0.045262367	0.06759572	-0.0031850238	0.023729824	-0.03205091	-0.00242181	-0.047034062	-0.021937687	-0.02275532	-0.022094624	-0.023032205	-0.041201666	0.01446617
0.0028778373	0.041510556	-0.042158753	0.007198118	0.014975216	-0.045945648	-0.0026155917	0.046338577	0.012000545	-0.02521922	0.051156763	0.055707034	-0.02638209	-0.05119351	0.0041733757	-0.010840714
-0.053856146	0.055812705	-0.024720846	-0.023030693	0.07266819	-0.038531903	0.06346216	0.062051088	-0.062517926	-0.05907781	0.07839322	0.08588273	-0.09007526	-0.06649864	-0.0489326	0.04643331
0.100790426	-0.03146414	0.09316179	0.09480185	-0.10249779	0.103287466	-0.08166948	-0.06872674	0.07950451	0.034946334	-0.07716473	-0.078509614	0.093721	0.08283921	0.016699914	-0.06756525
0.030102922	-0.05693597	0.026467513	0.0007293783	-0.07065977	0.057518724	-0.07121473	0.008241713	-0.0028494669	0.040543366	-0.018228661	-0.010573143	0.03242148	0.05023435	0.068939574	-0.023571549
-0.076087765	0.033838898	-0.041905247	-0.024262661	0.053044662	-0.06706696	0.03236912	0.03398082	-0.0644644	-0.039219677	0.07237027	0.09126393	-0.022037871	-0.003970542	-0.08300292	0.024783984
-0.08215682	0.050084293	-0.02698844	-0.07183621	0.046913046	-0.100746006	0.0710693	0.08762402	-0.08778406	-0.0732488	0.070971966	0.04682243	-0.09055299	-0.046358258	-0.030671623	0.08994009
-0.06265599	-0.016934462	-0.037441324	-0.04280211	-0.030926025	-0.061290238	0.02766303	-0.019944513	-0.0004801551	-0.014950106	0.009442413	0.042139526	0.027937973	-0.040537316	-0.0012640017	0.022601616
-0.02828897	0.05754689	-0.08907908	-0.015703784	0.0016414349	-0.044457126	0.05328628	0.022875743	-0.0041557886	-0.03858166	0.07816957	0.008638773	-0.065685995	-0.058258682	0.0023248533	0.01788852
0.065446876	-0.08248042	0.077897325	0.07249675	-0.100238286	0.043351673	-0.05081682	-0.09493809	0.11996233	0.04083406	-0.049135752	-0.077589706	0.02711019	0.09041077	0.08360858	-0.06798859
0.016442414	0.034623813	0.014249813	-0.03723737	-0.024649229	-0.026926203	0.009546943	-0.013213369	0.005763703	-0.039977387	0.0046077296	-0.023512693	-0.043450054	0.02851542	-0.03838385	-0.024835167
0.017426357	0.02799798	0.012896276	0.0016728966	0.034347653	0.03633882	-0.013532295	0.012426348	-0.03942243	-0.0063332748	-0.0070973407	0.030607246	-0.019275	-0.011331293	-0.036533702	0.005745318
-0.018163446	-0.014808111	-0.0495933	-0.028494814	0.0127118565	0.014191129	-0.027371798	0.034623522	-0.016342511	0.038493887	0.057285864	-0.009108156	-0.032484535	0.030166492	-0.0344126	-0.004379072
0.014241244	-0.026152374	0.024506839	0.069377154	-0.093999155	0.04473921	-0.081814386	-0.09741808	0.032563705	0.01991583	-0.10507023	-0.05394664	0.09192364	0.09898567	0.048585024	-0.093083896
0.06631029	-0.040193614	0.036358174	0.05955771	-0.0611284	0.10032498	-0.015024761	-0.054982483	0.09432594	0.060359485	-0.04506607	-0.033805717	0.040642228	0.046633895	0.019017523	-0.085240714
-0.050589256	-0.03475712	0.022321947	-0.052304547	-0.024640698	0.0032332165	0.0078622	0.020576306	-0.019463664	0.033930205	0.010500358	0.018786581	-0.009433732	-0.059604246	-0.0009001432	-0.030255033
-0.036619075	0.030223178	0.028786927	-0.0057216804	-0.023647767	-0.0006194323	-0.02605203	-0.044637118	0.03878221	0.006235282	0.042222146	-0.043997362	-0.04115139	-0.047680885	0.0037595243	-0.007128311
-0.014163778	0.018822905	-0.03920942	-0.08548755	0.083349675	-0.049877975	0.060846925	0.051265806	-0.052136954	-0.1136184	0.095783286	0.077795886	-0.094208725	-0.028371515	-0.038658295	0.027009876
-0.018524548	0.017624054	-0.06970483	-0.019504974	0.059494972	-0.05355706	0.033310045	0.04897354	-0.06928608	-0.08679358	0.07642157	0.08091869	-0.06692792	-0.061336264	-0.08542601	0.10049191
-0.009445338	0.0442001	0.04108205	0.029130409	-0.04234696	0.018474123	0.052875374	0.04367032	0.00219487	-0.052340623	-0.033739347	-0.02360309	0.044387337	-0.03076229	0.02877095	0.020321963
-0.029520426	-0.014519024	0.0361039	0.0333646	0.01652475	0.018492902	0.026520453	0.030951513	0.024798332	0.039145507	-0.015731672	-0.029195659	-0.048251465	0.008899605	0.03403726	0.0148678655
-0.0052599804	-0.0061872434	0.000509397	-0.049674556	0.0064229895	0.029051203	0.039166868	-0.04119951	-0.024438584	0.0136052985	0.035667732	0.015772803	-0.03412659	-0.022655975	-0.026299026	0.011927859
0.03811434	0.026930083	0.00069539226	-0.012900768	-0.03818728	-0.014103164	0.048218817	0.011107635	-0.027947182	0.021991167	-0.043706395	-0.039441153	-0.032067627	-0.055013776	-0.0028218997	0.037141528
0.05951816	-0.052033287	0.018486371	0.019605368	-0.061917644	0.044214807	-0.10000902	-0.017889677	0.046557773	0.064156145	-0.041654933	-0.10185837	0.07081502	0.014337153	0.09076639	-0.026912365
-0.053232547	0.049729936	-0.06167444	-0.017509483	0.059463445	-0.09331731	0.07026653	0.037677012	-0.07245013	-0.029557936	0.026773866	0.05995568	-0.06732707	-0.08819163	-0.038238097	0.08045538
-0.09742687	0.071612574	-0.047519	-0.040800765	0.03460913	-0.101703465	0.024053238	0.091197155	-0.102725185	-0.025311174	0.09845901	0.06981884	-0.03177006	-0.008897319	-0.091715775	0.010615673
-0.012017716	0.092547685	-0.062193554	-0.090035945	0.046695527	-0.055633623	0.02504764	0.008358973	-0.08303601	-0.037501592	0.06846286	0.03171452	-0.053294457	-0.0893423	-0.012408792	0.027830413
0.06644913	-0.08112525	0.05046276	0.024548784	-0.04211491	0.10610538	-0.039082073	-0.07474765	0.12755871	0.05589007	-0.040104505	-0.07892471	0.04478904	0.07881508	0.020859662	-0.08927122
0.096747026	-0.055257037	0.06459507	0.09606619	-0.067785285	0.021064622	-0.017130977	-0.026699811	0.09074597	0.022518799	-0.088575	-0.09085332	0.0667413	0.032717984	0.09448978	-0.039686736
0.03979643	-0.027611464	0.018270092	0.020084046	-0.07692265	0.09570781	-0.0493779	-0.085768625	0.051143434	0.049072046	-0.06828063	-0.033385135	0.047743484	0.024333188	0.05784412	-0.08517194
-0.045770876	-0.023442639	0.03756957	-0.05566037	0.04670053	-0.023401199	-0.039294276	0.0072529116	-0.051015634	-0.01630749	0.023297388	0.0031371654	-0.008925344	-0.0361821	-0.028769936	0.0023226815
0.031855132	-0.015301605	0.009495565	-0.03908434	0.006928639	0.0009162605	0.055319432	0.04915245	0.007254975	-0.03216056	0.042102076	-0.009492758	-0.04205028	-0.036278397	-0.055948388	-0.018760327
-0.071585454	0.06482321	-0.06374471	-0.038571678	0.05835208	-0.08553158	0.08714314	0.08459081	-0.054775782	-0.06378488	0.10378726	0.021124575	-0.028371794	-0.07906691	-0.064280726	0.012234515
0.10071045	-0.05454505	0.016700609	0.053839967	-0.073241554	0.10287628	-0.06655267	-0.025757093	0.09266424	0.023022292	-0.0793089	-0.11018672	0.031880658	0.09478447	0.05687909	-0.07661668
0.1081527	-0.091900125	0.053487517	0.05840288	-0.11396821	0.03354154	-0.047652394	-0.061882112	0.029218853	0.09060636	-0.05081242	-0.06927836	0.09471152	0.03746922	0.08535088	-0.04684046
0.10981397	-0.06888117	0.057483196	0.09534324	-0.09246542	0.06798498	-0.084068924	-0.08001929	0.10437457	0.09470917	-0.09574415	-0.016095715	0.01665544	0.04242593	0.06465408	-0.0815669
0.0069453176	0.008064538	0.038960904	0.016613716	0.034078132	0.024910983	-0.037747245	-2.9309933e-05	-0.014572195	-0.024698947	-0.023954038	-0.033357546	0.011432497	0.03610333	-0.022397907	-0.037294686
-0.02040338	0.038709372	-0.06198654	-0.03247773	0.052687686	-0.095440164	0.029247602	0.04112743	-0.09764585	-0.030401139	0.046670146	0.0789634	-0.01212198	-0.046138696	-0.03410729	0.076154605
0.10933489	-0.090795	0.06606547	0.02288373	-0.08632459	0.046202477	-0.034779724	-0.026653618	0.051738054	0.05793318	-0.07754931	-0.04308712	0.05562868	0.035660412	0.07608698	-0.05366075
0.0014443315	0.018789	0.018184863	-0.021746205	-0.013991582	-0.046725098	0.086542554	0.037571166	-0.06019774	-0.054126095	0.026939359	0.064617306	-0.011699823	0.0023639447	0.025678214	0.012387464
-0.061251827	0.10119733	-0.04050025	-0.014109913	-0.02555504	-0.10475455	0.017378848	-0.018674124	-0.022853633	-0.06794251	0.030167602	0.07570703	0.006918042	-0.0634706	-0.04667142	0.05396508
0.071572036	-0.04816371	0.052643303	0.06114068	-0.046103735	0.048706036	-0.0464169	-0.01809711	0.05906885	0.04700206	-0.08422731	-0.0936893	0.055577278	0.06255172	0.015240775	-0.10664472
-0.010597341	0.03117559	-0.050632354	-0.021295553	-0.039084062	0.03130468	0.014603509	-0.02760572	-0.011352187	0.03001325	-0.02272064	-0.045407366	-0.017640352	0.011449523	0.006921833	0.031691816
-0.05331739	-0.034726735	0.033406544	-0.0052898284	-0.031336516	-0.05242028	-0.0013595747	0.031926285	-0.005547888	-0.011946753	0.012454878	0.023546768	0.034567066	0.0288195	-0.04205493	0.008647305
0.07886351	-0.06927963	0.049389385	0.049987182	-0.10962989	0.055201106	-0.10627621	-0.10384209	0.12124573	0.054480202	-0.11099213	-0.05139915	0.11098648	0.09947781	0.08443164	-0.09148109
0.024580345	-0.004271693	-0.00019301721	-0.01653168	0.049033582	0.004640898	0.053444702	0.027030714	-0.042993523	-0.022079242	0.03387846	0.057198677	0.033566855	0.03324238	0.022892965	0.020979667
0.011067519	-0.030861445	0.025049703	-0.010240393	-0.019669523	-0.026106264	0.036944572	-0.013401768	0.0070794043	-0.004061564	0.013517082	-0.010446563	-0.0048707346	0.011509242	-0.051440056	-0.027594829
-0.028215932	0.09869747	-0.017900515	-0.005576694	0.103595324	-0.07867258	0.0460401	0.0842281	-0.12564442	-0.025817513	0.09840618	0.023174781	-0.05759945	-0.025297001	-0.016239315	0.09158661
0.0051106177	0.035923734	-0.01517375	-0.0013810699	0.01731232	-0.023364896	-0.005621525	0.04229865	-0.063315645	-0.037969507	0.03990746	0.047981363	-0.050198954	-0.04717262	-0.018466666	0.079625495
0.0134160435	-0.064654216	0.091282494	0.06015309	-0.063749954	0.08949346	-0.05429767	-0.0684183	0.09809795	0.09513048	-0.05744578	-0.08090738	0.1051353	0.067624494	0.057149224	-0.043125954
-0.06778027	0.079203315	-0.08447453	-0.061351612	0.0757358	-0.050145045	0.004295413	0.062807105	-0.009174931	-0.085506655	0.057455834	0.07162697	-0.056242846	-0.024132049	-0.06454432	0.03521537
-0.036660783	0.030702429	-0.027781898	-0.018540082	0.04318981	-0.029871745	0.07631536	0.034205277	-0.04409905	-0.039880898	0.05100589	0.0067119417	-0.001025017	-0.03689357	-0.07165496	0.06542889
0.03315841	-0.065393575	0.06744742	0.05565303	-0.05740552	0.07000115	-0.10253217	-0.026187994	0.028388562	0.041400388	-0.08991094	-0.051859323	0.006200083	0.10616304	0.019370357	-0.067507826
0.08412825	-0.047133677	0.056787223	0.10680095	-0.10334015	0.026411334	-0.01500994	-0.08546331	0.08003944	0.052402616	-0.013854846	-0.06612857	0.08053356	0.10714552	0.086375356	-0.07065142
-0.038713813	0.011793277	0.0373501	0.0018962718	0.017677821	0.020239156	-0.020154124	0.015306763	-0.03817038	-0.03527741	0.035885602	-0.040979713	-0.043094873	0.010807717	-0.04558325	0.03248463
-0.031776212	-0.016851686	-0.04969782	0.0292991	0.052400187	0.020495003	0.0028955927	0.036124635	-0.027485006	0.013312827	0.036567338	-0.038766656	-0.013241046	-0.0030851362	-0.045944553	-0.0061647175
0.078655265	-0.03104563	0.03576736	0.012716962	-0.03468279	0.10558711	-0.0755828	-0.028270321	0.057410948	0.11731409	-0.013447357	-0.08306357	0.037012246	0.0673143	0.030109897	-0.063488476
0.08278912	-0.049200565	0.08292468	0.010611494	-0.06766197	0.023092218	-0.061716966	-0.03722034	0.048273284	7.3066374e-05	-0.072018474	-0.045453873	0.07787985	0.036487862	0.02630826	-0.0054906546
-0.05126128	-0.020529918	0.04042431	-0.024700858	-0.019343935	0.0091470415	0.050491586	0.043014165	-0.011924275	0.044600304	-0.012623344	0.0075853365	0.020140873	0.027654635	-0.052820053	0.043922614
-0.06103088	0.026245639	-0.011039676	0.007853716	0.0020598404	0.0011038501	-0.00049283035	0.008178337	-0.10224401	-0.011271406	0.06699939	-0.00792333	-0.074767694	0.006376751	-0.016133869	0.015691696
0.026548667	-0.039624736	0.024223944	0.0072903913	-0.047981624	0.0042475713	-0.037123017	0.03642837	-0.017566135	0.036858503	0.012881624	-0.023900088	-0.03316767	-0.04734389	-0.03571834	-0.0024852464
0.06543814	-0.04987322	0.06677913	0.07003768	-0.04485913	0.046458837	0.0018188225	-0.08554497	0.0123416325	0.0836	-0.021402651	-0.0348695	0.053408723	0.076832004	0.016425226	-0.067792304
0.020445777	-0.042091664	0.089471474	0.07281654	-0.06502125	0.016730662	-0.056299355	-0.06368792	0.0070648096	0.0960817	-0.06495125	0.00034496945	0.0023697433	0.053107053	0.084283896	-0.009303265
0.04751132	-0.08952826	0.08600444	0.04652607	-0.012958069	0.08501951	-0.081973016	-0.01128846	0.09546894	0.060260408	-0.035369214	-0.018902516	0.07840413	0.05959093	0.07272291	-0.048299097
0.09270822	-0.065663055	0.046477504	0.04527442	-0.0231343	0.08704283	-0.061699662	-0.023281706	0.062789515	0.025011994	-0.05231998	-0.0816273	0.08795772	0.016225614	-0.0060684034	-0.033701
0.07100722	-0.07629353	0.042292036	0.06876844	-0.047128815	0.0013081714	-0.050638057	-0.03614592	0.06377678	0.08175112	-0.045349203	-0.04027677	0.05863445	0.050700545	0.067686684	-0.024852056
0.059771415	-0.022511555	-0.007886954	0.047783483	-0.018731717	0.050288733	-0.028542113	-0.07404618	0.08743404	0.045146212	-0.0029690613	-0.026289592	0.02312895	0.053939734	0.00093869324	-0.066456705
0.042289555	-0.015039266	0.0016217643	0.07376644	-0.051143195	0.06340286	0.0052027507	-0.069962375	0.033205837	0.0037093654	-0.033380445	-0.025193179	0.029385503	0.0013152163	0.014136979	-0.081612095
-0.085104406	-0.004890488	-0.020087054	-0.059542056	0.04935141	-0.08433536	0.07387962	0.064362325	-0.09144637	-0.030429048	0.037372805	-0.01479915	-0.035383996	-0.053808235	-0.054166045	0.050237436
-0.06899586	0.03124169	-0.031722024	-0.020343889	0.011224139	-0.057992853	0.08135056	-0.011892521	-0.08959874	-0.08832449	0.06460526	-0.012616638	-0.066087835	-0.051677566	-0.041905794	0.032430645
0.021881167	-0.018160405	0.0017373046	-0.0022006636	0.008400342	-0.017803637	0.055658225	-0.015893582	0.038696624	-0.056298584	0.010009855	0.009993587	-0.019655699	-0.03766151	-0.05368258	0.0135560315
-0.017701244	0.009836374	0.0031162682	-0.028480524	0.027994141	0.00473424	0.048319865	0.0022497836	-0.04015605	0.033811316	-0.021816349	0.0525627	-0.057847034	-0.037406538	-0.055192057	-0.004343098
0.017215416	-0.016835857	0.04810969	-0.0078018117	-0.0026415514	0.030309727	-0.06753557	0.008375439	0.0453595	0.08252933	-0.039900143	-0.0025505547	-0.00020275447	0.06897164	0.08733443	-0.03940662
0.026458139	-0.0430448	-0.0033184395	0.03597118	-0.042755574	0.05142838	-0.017729841	-0.0047582863	0.016232146	0.028432313	-0.039023045	-0.020624056	0.018385077	0.04612638	-0.00022383203	-0.0030031672
0.0022375453	0.0043874527	0.0134971235	0.078909	-0.065270536	0.018449228	-0.051063843	-0.004858027	0.042555112	0.06510069	-0.02768832	0.00722587	0.07230118	0.078876026	0.0035252592	-0.08875523
0.0109172575	-0.0038811574	0.08061778	0.046203677	-0.08082011	-0.0063331677	-0.03970289	-0.0880761	0.013770524	0.08770725	-0.049151424	-0.008562188	0.050038513	0.008983544	0.053629406	-0.001931181
-0.043020908	0.019533249	-0.03845964	-0.037144326	0.08983141	-0.004684087	0.02886954	0.065523654	-0.089299306	-0.016705448	0.022025473	0.07268538	-0.006125401	0.003654155	-0.07129818	0.08999117
-0.043596145	0.008221515	-0.014122372	-0.0792994	0.045904372	-0.03428843	0.02515614	0.04713012	-0.08233144	-0.09683714	0.0049236417	0.043337643	-0.061292443	0.0009818674	-0.035054572	0.0018672904
-0.015708704	0.037053574	-0.012598816	-0.05045805	0.07463881	-0.055976648	0.030509384	0.028202333	-0.028025856	-0.050573856	0.02242878	-0.0053942897	-0.07030941	0.0022879262	-0.082787655	0.06491821
0.05559314	-0.0684086	0.07358575	0.032175098	-0.005252782	0.010515995	-0.023550194	-0.065312944	0.034320608	0.03368276	-0.03608171	-0.07704791	0.053023875	0.06525804	0.059096307	-0.007469803
0.02444447	-0.052357998	0.085203856	0.082347766	-0.08970916	0.017685609	-0.030536715	-0.024427451	0.05136831	0.080084935	-0.046362273	-0.058250163	0.08369818	0.018613389	0.021488048	0.0038140547
0.015640037	-0.06294319	0.086655155	0.031545524	-0.02340598	0.053319685	-0.03885597	-0.0664237	0.022364547	0.043968555	-0.012466921	0.00019422389	0.035113472	0.0124339545	0.046502292	-0.00636418
0.073083214	-0.05315493	0.009451165	0.061779223	-0.009970826	0.08642327	-0.035376012	-0.043011017	0.095322974	0.042140894	7.90254e-05	-0.08801463	0.08371115	0.013394437	0.009769576	-0.09150762
0.060265604	-0.08848611	0.021626612	0.08143223	-0.012702902	0.035604984	-0.017973863	-0.039069243	0.013828167	0.04671368	0.003137885	-0.0029945504	0.009752741	0.042358566	0.009278532	-0.036109094
0.012946187	-0.005751048	0.07005935	0.012805758	0.01753946	0.025778128	0.0016079367	-0.075641476	0.0664512	0.022180883	-0.050591983	-0.03083248	0.06614264	0.068056785	0.013941181	-0.039499484
-0.01751513	-0.07323549	0.02564193	0.034242816	0.014005823	0.00086360786	-0.041563667	-0.052687574	0.06940568	-0.007416639	0.0027488177	-0.04361291	-0.0040484997	0.020703165	0.014152301	-0.02402564
0.0111940745	-0.072303325	0.024087038	0.013141927	-0.021709442	0.06330149	-0.056664772	-0.022438925	0.08191598	0.06609109	-0.008045341	-0.08301505	-0.013351879	0.044670254	0.066617	-0.06670674
0.056773033	-0.03692454	-0.0011484403	0.0037226728	-0.055287924	0.03756779	-0.007843343	-0.0745803	0.027894706	0.022092665	0.008269557	-0.026188409	0.038118605	0.07835663	-0.0072247176	-0.07326876
0.09053196	-0.054421302	0.0072524045	0.08610076	-0.0048290193	0.065067135	-0.016967501	-0.06204408	0.011694465	0.036609653	0.0006548136	-0.04647903	0.05533272	0.055326246	0.000737886	0.004730505
0.058518212	-0.040396336	0.042154893	-0.0022016994	-0.08650813	0.06287878	-0.051912256	-0.038863882	0.020622192	-0.0064669014	-0.035599332	-0.061035138	0.009269065	0.023833703	-0.0040887063	-0.06327935
0.04291096	-0.06336761	0.054685224	0.0038100393	-0.07368307	0.043725003	-0.025446834	-0.036379065	0.084773734	0.033888225	-0.05562592	0.010683671	0.041975126	-0.009419414	0.053835575	0.0044559347
0.002095042	0.078811996	-0.03774174	0.004217053	0.07188917	-0.007656625	0.06975807	-0.0046782345	-0.015976831	-0.07949533	0.01745241	0.03332869	0.015483276	-0.06800783	-0.058050916	0.083851986
-0.013343308	0.08034336	-0.04240158	-0.02887352	0.014389124	-0.08694059	0.0007471142	0.072958484	-0.0614324	-0.01576743	0.024063418	-0.009462468	-0.05981284	-0.03492182	-0.04004003	0.086144224
-0.05349062	0.021475462	-0.05954684	-0.061056063	0.08018203	-0.052024692	0.024041882	-0.0030058946	-0.005429191	-0.093537495	0.067994915	0.05604535	-0.018821502	-0.03383791	-0.08313563	0.060510848
0.005600495	0.07542588	0.0033753691	-0.0166865	0.008430691	-0.044748154	-0.007996232	0.015664348	-0.09244974	-0.07268165	0.08044453	0.058794	-0.06482391	-0.014071306	-0.03300464	0.001904108
-0.017289871	0.06534807	-0.023566047	-0.011684031	0.028839871	-0.038072757	0.018628597	-0.0019208911	-0.07444665	-0.059997145	0.024178974	-0.006628482	-0.04753977	-0.085619085	-0.07251987	0.053168662
-0.075138055	0.033604	-0.03788944	-0.000310486	0.090781115	-0.041389577	0.022525452	0.022917641	-0.044680353	-0.0341908	0.059692353	0.047178153	0.015151857	0.0117226895	0.015106767	-0.002360659
-0.055762134	0.018970968	-0.07499606	-0.024125801	0.009908414	-0.020427257	0.016743202	0.05439447	-0.040091872	-0.010092866	0.03194442	0.03710112	-0.02049199	0.00913418	0.00687675	-0.004997711
-0.020241227	0.019444501	-0.050586365	-0.0265147	0.08201014	-0.08518783	0.021146415	0.03198654	0.0011323228	-0.021086406	0.028784238	0.046385173	-0.04442617	-0.0056551853	-0.06513279	0.012830709
0.07144949	-0.017595008	0.034969095	0.01253946	-0.019171854	-0.009360608	-0.06597332	-0.016402144	0.06960141	0.024416741	-0.0026158937	-0.039851382	0.03356667	0.08592826	0.033774547	0.008381418
0.05879821	0.0042236783	0.051131036	-0.0022286703	-0.08259347	0.07759716	-0.05970062	-0.0045257686	0.06339913	-0.003375392	-0.014483143	-0.07691941	0.039932154	0.020482058	0.0033363937	-0.06647693
-0.063834146	0.018319946	-0.057835322	-0.05507508	0.06751925	-0.06279109	0.07613426	0.018810812	-0.07132855	-0.013411301	-0.005579197	0.0675047	-0.05158159	-0.02714274	-0.031430606	0.025632938
-0.047174945	0.02399279	-0.0034668383	-0.07018609	0.055365786	-0.034635227	0.016047982	-0.0045595486	-0.06559203	-0.07653572	-0.010827434	0.009559888	-0.0051512923	0.0036217296	0.013142774	-0.013632907
-0.0008001152	0.015084125	-0.06646813	-0.04387762	0.088120736	-0.06641888	0.068839274	0.04560148	-0.083844624	-0.059755083	0.03647513	-0.012259753	-0.021882556	-0.023287095	0.005065929	0.023437368
-0.062814735	0.012267946	-0.052042905	-0.04784443	0.004512583	-0.078588374	0.063353494	0.08228083	-0.077689014	-0.08430027	0.057066366	0.06546687	-0.032616805	-0.002892711	-0.070521355	0.03401451
-0.010705431	0.04894006	-0.020006584	-0.013207131	0.08796772	-0.0847769	0.035750628	0.07344821	-0.062103815	-0.039933894	0.07897399	0.051478963	0.007501193	-0.010305351	0.0017891861	0.08421146
0.010818599	-0.06755943	0.007858255	-0.01008956	-0.027490083	0.08964535	0.004993421	-0.025407333	0.08312038	0.013246379	-0.014223883	-0.03553476	0.08700482	0.002846784	0.08604132	-0.007902191
0.078050025	-0.020494426	0.020141857	-0.00894802	-0.080623336	0.05950003	0.009555812	-0.017341392	0.00078494835	0.081710674	-0.06139213	-0.022598747	0.011356713	0.018820804	0.05610979	-0.0220166
0.021839675	-0.0010928259	0.035073016	0.016292693	-0.044831134	0.04746438	-0.06271275	-0.03645024	0.043734238	0.04970457	-0.033477284	-0.010593095	0.033612866	0.058537904	0.024011334	-0.035242815
0.080410056	-0.009697063	0.0026849166	0.054132752	-0.06196917	0.04843524	-0.03499968	-0.068798296	0.047530208	0.090816826	0.0019332224	-0.07449611	0.0071817846	0.09105299	0.05983337	0.0018186587
0.03703068	0.0025775118	0.05739954	0.005867272	-0.008109412	0.07829697	0.0080355555	-0.060416214	0.025551742	0.01338205	-0.027062405	-0.0007559152	0.028372772	0.07250051	0.0031398248	-0.06154143
0.03216179	-0.026408978	0.008471091	0.020493105	-0.027910136	0.07066137	0.0031167052	0.006912838	0.048577957	0.026556421	-0.006122047	-0.020256495	0.019126577	0.053452402	0.0060128453	-0.040173244
0.047137115	-0.02486738	-0.0014031896	0.07764282	-0.05426554	0.059727248	-0.060606867	-0.047057632	0.006640846	0.06508205	-0.0011917397	-0.07207879	0.051113434	0.040671222	0.018396003	-0.0084312
0.003744389	-4.4879736e-05	0.023656063	0.023994114	-0.011083697	0.014914503	0.008743923	-0.081881404	0.009550869	0.047555376	-0.041763697	-0.05075181	0.034505147	0.024541544	0.058678985	-0.055975776
0.087475695	-0.034347165	0.0825944	0.02732319	-0.031640332	0.038266007	-0.013527196	0.0050716195	0.05193353	0.07229906	0.0026719712	-0.08780715	0.05672403	0.07812189	0.016325902	-0.07402936
0.05861563	0.008408043	-0.013711597	0.051277116	-0.056728333	-0.011630481	-0.022033848	-0.030553818	0.0027044518	0.030913783	-0.021808868	0.011003473	0.0062242914	0.04815717	0.061939295	-0.03381701
0.04252274	-0.0314572	0.020997941	0.054248977	-0.005395386	0.07214516	-0.0830093	-0.035958916	0.056377802	0.04179599	-0.056466907	-0.05007656	0.010048882	0.027813705	0.051959924	-0.0480979
0.022718338	-0.041605994	0.03539854	0.06641362	0.002050831	0.08200478	-0.045689188	-0.05046439	-0.0060034688	0.019422868	-0.013393136	-0.07241713	-0.010857724	-0.004999817	0.056371488	-0.073234215
-0.06876366	0.008637947	-0.0823199	-0.017259883	0.04917267	-0.029785957	0.083380796	0.031513408	-0.0732501	-0.019712012	0.07661067	0.08357592	-0.02945635	-0.049110375	-0.036496878	0.047644682
-0.019830968	0.0073873224	-0.06430013	-0.021351699	0.07931066	-0.07530969	0.014537092	0.054050982	-0.030382356	0.0030607015	0.057128888	-0.010008029	-0.013487142	-0.07900807	0.0013440158	0.0028286665
0.003259333	0.021012869	0.0013588221	-0.071919955	0.015261335	-0.040376022	0.036989912	0.027485415	-0.008309695	-0.085219756	0.024115765	0.018787932	0.01228126	0.0021237892	0.0028689299	0.010577122
0.0038739217	-0.0017013662	0.0048612664	-0.08347048	0.03886731	0.0005095897	0.039040077	0.014253273	-0.045440104	-0.05362702	-0.007546021	0.010458128	-0.0019329475	-0.08233486	0.012033822	-0.004056088
0.023660736	-0.07571655	0.078347586	0.0072846157	-0.009328967	0.063069694	-0.015855215	0.001235022	0.06416561	0.049097575	-0.03275904	-0.0201761	0.0006631521	0.04880854	0.042775355	-0.056090448
0.056383938	-0.06607048	0.07472769	-0.0022846707	-0.07984095	0.08116087	-0.088456586	-0.04789204	0.0006307623	0.08897437	-0.0033077637	-0.0024932486	-0.006001604	0.072615474	0.075081944	-0.02521839
0.007334964	-0.04983328	0.06421117	0.06467644	-0.027557425	0.0058814753	-0.059121422	0.013599993	0.031481005	0.04413973	-0.052889954	-0.08145312	0.048152886	0.007965338	0.083161175	-0.04278038
0.05423908	-0.020486033	-0.0026555208	0.01326872	-0.020252172	0.0014348612	-0.0596321	-0.0849487	0.028054569	0.08688576	-0.061661113	-0.036711358	0.0015838237	0.060414355	-0.0036342721	-0.045071397
0.020059345	0.005753668	-0.008560805	-0.0063896347	-0.060160182	-0.0043881233	-0.053077783	0.010139728	0.09225837	0.077979796	-0.085159466	0.0013500499	-0.013588902	0.07624459	0.03220467	-0.05911335
0.07870445	-0.079112515	0.052121166	0.07161375	-0.074386925	0.008407353	-0.0128780035	-0.06433232	0.0892976	0.06257025	-0.0463725	-0.08561362	0.047779176	0.06758901	0.07596582	-0.0643801
0.0067417882	-0.0006842397	0.052601025	0.017013937	-0.029888969	0.08354946	-0.0050516524	-0.056524485	0.04534074	0.060669944	-0.08726281	-0.009997417	0.022514276	0.084208794	0.0510341	-0.052726276
0.08708598	-0.08588498	0.040634837	0.037047673	-0.0020855307	0.025781741	-0.051071547	-0.08185102	0.06522505	0.07805326	0.0072082947	-0.026246337	0.050333995	0.024629954	0.05969294	-0.031927314
0.08293017	-0.025889723	-0.0030282268	0.0059263185	-0.0027919537	0.011616155	-0.03854977	-0.07845889	0.07217127	0.06951979	0.006084505	-0.010814873	0.011938528	0.05102031	0.08242379	-0.091981776
0.0428637	-0.037030794	-0.004500481	-0.008193018	-0.038470373	0.01878547	0.0054183854	-0.0001402164	0.015036409	0.0956526	-0.013587263	-0.07357838	0.033517078	0.0018838253	0.020823054	-0.007983781
0.014469159	-0.0032389446	0.07244848	0.08956685	-0.062938765	0.03520597	-0.048028857	-0.0056852074	0.056801684	0.06332502	-0.026628088	0.0012785327	0.022113778	0.04802016	0.051254693	-0.07580897
-0.0054866746	-0.041912444	0.015807705	0.06243664	-0.036172066	0.010328035	-0.069263935	-0.049106147	0.04302544	0.051549636	0.0023928834	-0.026125167	0.044678614	0.0142654795	0.07562193	-0.04301192
0.0011592216	-0.010444648	0.06385602	0.0863958	-0.032282587	0.07666996	-0.05741812	0.003212888	0.034033995	0.07992112	-0.02735958	-0.06857027	0.027573971	0.06920662	0.021625152	-0.040528752
0.028355477	-0.009714869	0.07130016	0.040140107	-0.079843044	0.01205931	-0.031989895	-0.07765357	-0.00015956414	0.08014913	-0.08663597	-0.05125304	0.0787473	0.07173068	0.05003797	-0.037535567
0.08088987	-0.040549785	0.018890765	0.0012950856	-0.021999512	0.056949586	-0.08182098	-0.017267957	0.011709321	0.06252038	-0.087842084	-0.036059964	0.010718016	0.051250234	-0.008288792	-0.011401052
0.008970723	-0.08537728	0.020136181	0.07691362	-0.08147052	0.027204117	-0.04931063	-0.014911124	0.031543985	0.04243707	-0.07513509	-0.033753812	0.078117356	0.07621319	0.058828827	-0.021747025
0.002799491	0.05431056	-0.08232344	-0.04386514	0.06814641	-0.015740847	0.042265587	0.020695703	-0.08946916	-0.014508641	0.055230647	0.014756964	0.01582902	-0.00059125497	-0.069023274	0.0504667
0.034048624	-0.08324548	0.07525642	0.06859603	-0.025467029	0.0047189537	-0.030055637	-0.042696517	0.0508185	0.0073100557	-0.008383343	-0.052114666	0.031365912	0.0451801	0.0142055	0.0046453304
0.028212547	-0.02909719	-0.000786506	0.053276468	-0.06956348	0.023600098	0.002284622	-0.0293741	0.035427272	0.0094274385	-0.009147246	-0.003143226	0.088579126	0.0314018	0.005611335	-0.060905673
0.059628014	-0.041148074	0.0065758363	0.016856646	-0.014245154	0.015007534	-0.08669242	-0.08779526	0.056577418	0.039875526	-0.053764842	-0.05280535	0.024156569	0.06668111	0.07886041	-0.076638624
0.08163655	-0.00619194	-0.0008645654	0.02331986	-0.08086874	0.09188628	-0.036025994	-0.01755939	0.038870353	0.08468119	-0.08116265	-0.016398322	0.04478131	0.049081836	0.058925793	-0.011863359
0.09012124	-0.029587545	0.04757391	0.07473475	-0.06192327	0.01697562	-0.042590797	0.0018533212	0.019316804	0.0056016827	-0.06752668	0.0063504064	0.060300205	0.061111756	0.02909073	-0.059073407
-0.06518634	-0.012741829	-0.07305457	0.007524333	0.04826931	-0.076290004	0.05401899	0.0074120904	-0.065276735	-0.050319925	0.07364512	0.07456585	0.010671371	-0.068848565	-0.07769422	0.030293576
-0.0051651895	0.03746643	-0.07320858	-0.033713885	0.07466204	-0.0124064945	0.06068024	0.08217721	-0.010227593	-0.059255973	0.023640268	0.05658049	0.001414147	0.0028148382	0.0089837825	0.03750608
-0.06998212	-0.004384323	-0.07514784	-0.043531556	0.060149163	-0.083546594	0.06065692	0.045633294	-0.015859375	-0.054762244	0.08191895	0.0654885	-0.07455846	-0.07478076	-0.010446862	0.013480162
-0.041255478	0.037672862	0.014478159	-0.03598515	0.0037229161	-0.06315242	0.038677074	-0.009127947	-0.014401793	0.002425563	0.033981882	0.08378423	-0.064691745	-0.003153679	0.012643366	0.0318596
0.0006415768	-0.06943771	0.047552958	0.06500084	-0.091635324	0.05932883	0.0011939112	-0.026753576	0.04577368	0.033590764	-0.040538836	-0.029866166	0.03157779	0.010960042	0.06891759	-0.049770776
0.07876116	-0.008760372	0.017628891	0.0043925727	-0.07954134	0.06464955	-0.029238168	-0.08560397	0.049237456	0.092865735	-0.060037702	-0.07205361	-0.00051940983	0.058603607	0.067229226	-0.09055381
0.0016722359	-0.03834109	0.04518503	0.016584547	-0.036667705	0.020731583	-0.036174588	-0.074859574	0.0713439	0.030989489	-0.053919137	-0.034633435	0.07543381	0.017856346	0.05098786	-0.0012441468
0.04089433	-0.013463194	0.010063427	0.03959618	-0.020053206	0.06491326	-0.008404538	-0.025531428	0.05933065	0.026138159	-0.020928647	-0.067778274	-0.00390959	0.087468	0.062078115	-0.055351585
-0.07454313	0.04323484	-0.019424811	-0.067103505	0.027336225	-0.008858548	0.05624031	0.084405154	-0.07418382	-0.04338232	0.028611062	0.04249746	-0.0012624224	-0.031531807	0.0017349308	0.040956907
-0.054826546	0.07715953	-0.045554426	-0.05686774	0.011093021	-0.063951775	0.03623712	0.03768607	-0.09249623	0.0017465011	0.06551118	0.036947645	-0.02049639	-0.058575895	-0.067191355	0.087215856
-0.04187799	0.010087254	-0.06026357	-0.07306768	0.025096113	-0.008029818	0.07433301	0.014234476	-0.083809964	-0.07978504	0.0416679	0.07840923	-0.020014845	0.004340718	0.007433286	0.0029604044
0.01996328	0.009609561	0.06342884	0.017774945	-0.06498997	0.06973468	-0.020984482	-0.01567542	0.085139394	0.09701626	-0.058858838	-0.050330013	0.038926538	0.07203797	0.07671038	-0.0815667
0.040095937	-0.07923148	0.03957502	0.08261105	-0.044224344	0.05014026	-0.01526794	-0.079120085	0.02299867	0.07514813	-0.05033062	-0.065848686	0.08347847	0.03989735	0.0140525075	-0.028405255
0.032598775	-0.018690895	0.08812219	0.059309218	-0.011172801	0.025982961	-0.05089295	-0.0052718185	0.032841	0.024022052	-0.0039261775	-0.05273108	0.04745349	0.039604183	0.081171855	-0.020007152
0.056976266	-0.08785789	0.04345411	0.077100664	-0.05587587	0.045751136	-0.024053402	-0.020185208	0.026008813	0.019990647	-0.05488982	-0.03658184	0.05942804	0.06615813	0.013582213	-0.028947156
0.00859553	0.024722097	-0.02681704	-0.05895308	0.073872454	0.006046262	0.08070587	0.019605266	-0.008674705	-0.03951635	0.08020732	0.002775219	-0.012949189	-0.07132499	0.006106854	-0.007144593
-0.0013483334	0.037241437	-0.02679872	-0.019309072	0.03797151	-0.004052883	0.05346529	0.003156105	-0.012308543	-0.08054955	0.0734575	0.054762393	-0.021517245	-0.036283966	0.0021974188	0.060499296
-0.07869006	0.051528744	-0.041966066	-0.0574185	-0.002658788	-0.056867298	0.056655683	-0.0026900782	-0.04595839	-0.04081189	0.07703736	0.048653953	-0.030917387	-0.061678737	-0.045863185	0.013862678
0.013417667	0.010910039	0.07968577	0.014875821	-0.06667538	0.011912522	0.0064968015	-0.05339607	0.044405345	0.0005840477	-0.0035906064	-0.08547998	0.055756684	-0.0029835624	0.06601325	-0.08466002
0.0067181513	-0.06011254	0.007663523	-0.002254389	-0.05396497	0.0024970719	0.0045379745	-0.0795175	0.0826225	0.06615872	-0.038083002	-0.025898777	0.032006744	-0.010417238	0.036091108	-0.020771258
-0.08014638	0.0432964	-0.051731706	-0.045895047	0.05382124	-0.019744793	0.0185841	0.016166221	-0.07121743	-0.014663095	0.005987919	0.013746914	-0.026413985	0.011032503	-0.055422664	0.07047845
-0.004373974	-0.002723417	-0.08043768	0.015594106	0.06748979	-0.009105329	-0.0012260703	0.060804196	-0.015090594	-0.0158826	0.0764582	0.0141563015	-0.043621354	0.0058165314	-0.06582607	0.011586021
-0.07492048	0.019535003	-0.012311937	-0.0836116	0.03689879	-0.034312595	-0.0059659923	0.032744445	-0.081332654	-0.038344223	0.06470927	0.021078901	0.011766787	-0.047956765	-0.05102279	-0.0046228752
0.013232476	0.056381352	-0.0645735	0.00080526253	0.020976251	-0.062155295	0.006030112	0.043908063	-0.06021887	-0.06974417	0.07260429	0.03190319	-0.08139996	0.006319559	-0.03201187	0.07720759
-0.056572746	-0.010487231	-0.020966984	-0.072938405	0.042545557	-0.034300517	-0.0155912815	-0.000597866	-0.02724859	-0.048531853	0.02648154	0.027034549	-0.030452298	0.0075811297	-0.04466074	-0.0063167317
0.013626488	0.006523599	-0.0021581757	-0.026933655	0.037648868	-0.048079547	0.023323849	0.013282848	-0.029679919	-0.08077172	-0.007782047	0.008504652	-0.06794747	0.0046303207	-0.00049196364	0.013018321
0.048861366	-0.08880474	0.05870561	0.08118375	-0.010411097	0.070645995	-0.062152706	-0.06715937	0.058862444	0.09368082	-0.040195085	-0.048411097	0.057524778	0.090490945	0.021399282	-0.026018202
0.0643051	0.00073953165	0.047628492	-0.00066907867	-0.066844136	0.037908692	-0.031395797	0.0033930298	0.065633155	0.005524691	-0.03587565	-0.02853025	0.060213603	0.06992301	-0.0078071486	-0.034339257
-0.06973225	-0.006698029	-0.006972473	-0.03686577	0.06891277	0.008589647	0.04199053	0.08447743	-0.071213394	-0.054330945	0.06955922	0.034505345	-0.055672564	-0.03056266	-0.028141266	-0.006516541
0.047896463	-0.05356684	-0.010014716	0.024996879	-0.04411031	-0.011201454	-0.057958785	0.0042214296	0.04202297	0.0033075882	-0.06149459	-0.060094167	0.08373514	-0.003913565	0.058091644	-0.016320134
0.013797898	-0.061459802	0.030583123	-0.013095473	-0.07777128	0.027601123	-0.057037782	-0.014259052	0.042625975	0.054576635	-0.059695706	0.009643808	0.040776912	0.08072251	0.05474105	0.0084268255
0.021036465	-0.06858573	0.07614857	0.06783395	-0.054288752	0.038377218	-0.00088049425	-0.080744036	0.0045256517	0.025841093	-0.07041446	-0.04193398	0.014846982	0.06322247	0.0130165685	-0.0077026556
0.010435737	0.04422842	-0.0032584493	-0.071511336	0.026481139	-0.008957334	0.018447343	0.058676347	-0.04745429	-0.004657145	0.08208988	0.007297625	-0.07248429	-0.08340103	-0.03188439	0.06691405
-0.086045265	0.042249262	-0.015597827	-0.054865897	0.011921346	0.0020309086	0.02162209	-0.014643395	-0.010653162	-0.052675083	0.07344492	0.053559054	0.0031685662	0.005803303	-0.010918097	0.0292496
-0.03392699	0.022606451	-0.036194116	-0.0045363973	0.032915354	0.00982115	0.040993564	0.011230182	-0.010876941	-0.015920376	-0.00030159467	0.01794652	-0.000574207	0.014121124	0.0159841	0.03510126
-0.009334125	0.0560006	-0.058084976	0.006299623	0.04217443	-0.06964892	0.07393404	0.046423446	-0.00561334	-0.04778578	0.050048742	0.07859731	-0.010634019	-0.042513058	-0.038148694	0.021192312
-0.045895528	0.02121599	-0.0064814626	0.010125223	0.010344395	-0.08002781	-0.0087758405	0.014812798	-0.02423552	-0.09034324	-0.004482158	0.049793836	-0.057985872	-0.0018168507	-0.0015622406	0.053987745
-0.0098046595	0.009696477	0.00016562326	-0.044521585	0.041651472	-0.061336234	0.0026179699	0.073683955	-0.03905937	-0.04935033	0.022574095	0.014606365	-0.047859497	-0.06591236	-0.020052569	0.063501246
-0.024475131	0.053370796	-0.025783438	-0.047976363	0.010837874	-0.030107113	0.074445315	0.047256622	-0.09784942	-0.006012333	0.08027322	0.07584575	-0.00022352353	-0.059911944	0.014039906	0.04558599
-0.009120345	-0.01253611	-0.003703749	-0.035355203	0.00038796183	-0.06733313	0.024513721	0.017888872	-0.083406106	-0.066495165	0.06452039	0.003924765	-0.03915085	-0.019689947	-0.06539386	-0.00852235
-0.02385985	0.058106627	-0.05837884	-0.043833964	0.019006208	-0.04524555	0.070877135	0.04041445	-0.067259744	-0.03173303	0.045267597	0.011470747	0.00034560802	0.0020253942	-0.028458707	0.014667114
0.053206354	-0.057566248	0.06516828	0.007306272	-0.009163951	0.038354214	-0.076423235	-0.031921353	0.07454548	0.05159961	-0.030251155	-0.02630213	0.08585923	0.033582516	-0.00046296633	0.0049836086
0.018111492	0.0059288377	0.052410465	0.0774805	-0.08257263	0.08766849	-0.078813694	-0.061346434	0.007099325	0.03966898	-0.07308288	-0.0005215716	0.030040834	0.07233385	0.025413534	-0.07717546
0.007708925	-0.07352415	-0.01282807	0.07541782	-0.07907656	0.018149076	-0.018067606	-0.0066654854	0.02817364	0.06512823	-0.073306024	-0.014086881	0.06503243	0.029996745	0.089508854	-0.024352323
0.036414016	0.0035560864	0.0027743783	-0.0073718405	-0.07771224	0.03183635	-0.053095855	-0.014980668	0.06262476	0.086136356	-0.0048607974	-0.07626485	0.00652659	-0.006595304	0.005308518	0.00655858
-0.045252368	0.042343896	0.009239272	-0.0764663	-0.013757467	-0.03792329	0.0050211255	-0.011953039	-0.020876953	0.0031905808	0.0724515	0.035445258	-0.019068887	-0.010262208	-0.000786431	0.02620347
-0.08157969	0.021151455	-0.07845923	-0.05622859	0.042806443	-0.043438938	-0.0069414712	0.03922294	-0.05266357	-0.038847897	0.0582776	-0.0051866514	-0.0059320545	-0.042070914	0.0063869515	0.030560635
-0.060837306	0.018454539	-0.023437016	-0.0130665405	0.0054529365	-0.00836873	0.065332115	0.06991739	-0.07091431	-0.0512273	-0.004129653	-0.010547069	-0.04427744	0.006327661	-0.02401636	0.067586035
-0.08916852	0.038019102	-0.007021521	-0.016435273	0.07614525	-0.07536396	0.06876676	0.035361715	-0.031427834	-0.009322013	-0.007836457	0.026218705	-0.040744223	0.0041755163	-0.03391386	0.023196511
-0.030570935	-0.0007098753	0.010935368	-0.05146616	-0.0022948394	-0.0653335	0.0642119	0.035806	-0.09514669	-0.04484185	0.06658055	0.0693483	-0.048416566	-0.00016649044	-0.031719144	0.060888514
-0.018558418	0.054954987	-0.07502289	-0.04428363	0.04666901	-0.05764405	0.058222707	0.047311626	-0.050031316	-0.09430615	-0.01164841	0.08412602	-0.0010855099	-0.009365089	-0.06818271	0.030503042
-0.053283673	0.0016812894	-0.042553313	-0.04581226	0.078150235	0.009490121	0.070270054	0.03732944	-0.038033444	-0.037749022	-0.0174903	-0.0010808982	-0.008260366	-0.06320861	0.0030205944	0.0634042
-0.062093712	0.036210187	-0.011547506	0.01263627	0.08492311	0.011465164	0.0552409	0.044137806	-0.08731297	-0.0021478846	-0.017475242	0.07197515	0.011443612	-0.046518546	-0.05137265	0.07970094
-0.017730147	0.015197109	-0.027905775	-0.053871714	0.01077385	-0.025656644	0.06827495	0.07617436	-0.04868154	-0.023535894	0.0045680436	0.034027867	-0.061637476	0.0073583387	-0.059282694	0.04871708
-0.07337297	0.041204646	-0.0096032545	-0.068975694	0.0067469645	-0.0044061625	0.05567807	0.024332676	-0.07690984	-0.018665826	0.0652464	0.037127983	-0.016464606	-0.05990345	0.0069137746	0.008586434
-0.07424843	0.072037585	-0.0037603707	-0.041864287	-0.014819853	-0.060842387	0.037573896	0.012051278	-0.049961638	-0.0008111186	0.06470007	0.07832099	0.020779582	-0.03928312	-0.03469825	0.08328302
-0.02144608	0.005745663	-0.064973645	-1.9771076e-05	0.013579653	-0.025525048	0.01988234	0.003927457	-0.005809299	-0.017943572	0.0314909	0.020749114	-0.031884097	-0.023949359	0.007878096	0.02158843
0.014031196	-0.038113486	0.024959419	0.047787827	-0.04994125	-0.008782482	-0.005799424	-0.017779052	0.011895342	0.072234064	-0.029430216	-0.018269215	0.0030650191	0.08226482	0.0154262595	-0.012090872
0.02313924	0.010750042	0.03693775	0.010710257	-0.030809268	0.04717654	-0.042167515	-0.0061078253	0.014978831	0.042200483	-0.05906739	-0.061908357	0.07441133	0.037232507	0.079492345	-0.05842109
0.06420274	-0.080046505	0.07483013	0.024148662	-0.06274869	-0.006754591	-0.0055501293	-0.018290572	0.09508457	0.07948121	-0.059475042	-0.039547656	0.076813325	0.02210267	0.0001906589	-0.015401616
-0.074995294	0.01650382	-0.032173187	0.013117347	0.04008989	-0.044562362	0.028469687	0.052026916	-0.07040064	-0.033680424	-0.0101298345	-0.0054727015	-0.07888733	-0.036849577	-0.056345772	0.0008749935
-0.015634606	0.030124746	0.00095035677	-0.01211894	0.057553392	-0.03097187	0.06307183	0.064198	-0.048663247	-0.04807481	0.025906049	0.08192764	-0.011467793	-0.060856223	-0.002611541	0.03597087
-0.0058681318	0.010992346	-0.06258523	-0.028334096	0.05965138	-0.05095887	0.019173574	0.021057049	-0.013832571	-0.04339788	0.049836423	0.0742922	-0.076648846	-0.07502066	0.012899855	0.019221151
0.069963306	-0.06341346	-0.007195652	0.07014356	-0.030938795	0.08222452	-0.07734659	-0.055301487	0.031326033	0.005941046	-0.01074047	-0.0835212	0.07848453	0.06967565	0.08872994	-0.04248217
0.0059727244	-0.04589131	-0.0050550317	0.080699615	-0.07528919	0.033705372	-0.009443487	-0.047916397	0.08352854	0.058817334	-0.06511808	-0.05012874	0.0080414815	0.09131545	0.051510163	-0.06703967
0.080572255	-0.05948654	-0.0026567497	0.03884887	-0.068919905	0.07612094	-0.060915865	-0.022874052	0.046934772	0.0031263034	-0.077346064	-0.058643825	0.061981447	0.050735164	0.042408038	-0.04570296
-0.027171392	0.07564329	-0.05694759	0.00059038965	0.012740927	-0.022090282	0.009088742	0.039362386	-0.0746913	0.0015622966	0.022225343	0.082216635	-0.040658023	-0.06429289	-0.0633199	0.026482344
-0.057518054	0.019567112	-0.046770003	-0.033106077	0.007088849	-0.008812965	0.05592534	0.028617378	-0.00589732	-0.030921968	0.057554107	0.03367175	-0.057080656	-0.028690781	-0.06460393	0.07389152
-0.08549589	0.07521499	-0.033645745	-0.057909418	0.07265282	0.009897328	0.005667261	0.055371005	-0.073872656	-0.040178947	0.047343694	0.014137503	0.0010638898	-0.04984318	-0.07185783	0.0071256217
-0.063639	0.0005721926	-0.0386737	-0.024030795	0.053270433	-0.023345478	-0.0090372395	0.053943228	-0.08684354	-0.023836866	0.050536737	0.08032382	-0.027314467	-0.024566133	-0.04490645	-0.0058161374
-0.067448184	0.066757075	0.007725702	-7.660138e-05	0.078895815	-0.00875081	0.044293232	0.06396779	-0.058055166	-0.03372393	0.004531993	0.062166687	0.017960114	-0.030971054	-0.04565428	0.023753133
0.06028952	-0.001236821	0.07256058	0.041794192	-0.062216103	-0.0041011185	-0.08340821	-0.049859036	0.09666949	0.04214618	-0.07250728	-0.07392831	0.020219691	0.030530574	0.033339642	-0.080696195
0.049116768	-0.047454074	0.06946301	0.0035656379	-0.0038872538	0.015083259	-0.06131217	-0.08709781	0.06674033	0.05851146	-0.07420963	-0.04214716	-0.0068073566	0.030544652	0.0094701145	-0.04491951
0.002073665	0.005963572	0.075300306	0.08843442	-0.06619602	0.04005542	-0.015694775	-0.04713744	0.004152738	0.075027354	-0.08803746	0.007501012	0.008568302	0.08678951	0.00850888	-0.08042648
0.005971799	-0.02253117	0.047653694	-0.00248639	-0.092406	0.015287236	-0.043095406	-0.06191355	0.08426715	0.051923774	-0.012044206	-0.047436118	0.057327732	0.07477138	0.007822522	-0.036640156
0.014844895	-0.05010934	0.050465763	0.0036942551	-0.05412869	0.04109657	-0.04855884	0.009177051	0.07387868	0.006566374	-0.055869233	-0.03716596	0.023204492	0.008429951	0.003551847	0.00042650718
-0.07619329	0.008745038	-0.005298328	-0.08387926	0.062024727	-0.061736412	0.011798566	0.0051068747	-0.09476573	0.0015037573	0.012759873	-0.0021089197	-0.05131082	-0.045662988	-0.026875222	0.074224964
-0.091061	0.07332608	-0.040727757	-0.025245553	0.0076859836	-0.03141355	0.037066	0.021655487	-0.031009387	-0.053690128	0.0072310474	0.053727627	-0.032258388	-0.03519481	-0.061702766	0.015507386
0.075245924	0.007983993	0.022435319	0.030556053	-0.015302785	0.017761422	-0.021232752	-0.010609775	0.05617003	0.064537466	-0.03391128	-0.06546641	-0.0003482708	0.005240145	0.03261539	-0.023634318
-0.017508969	0.07489317	0.013153987	0.010020505	0.077009045	-0.03348204	-0.005880752	0.044861093	-0.05204028	0.0036539917	0.018656967	0.049552474	-0.04754384	-0.012396519	-0.032697726	0.059767082
-0.08126727	0.02280001	-0.06120862	-0.08484914	0.012047357	-0.064862646	0.0037299138	0.052811578	-0.049687155	-0.07665889	-0.005187196	0.057516113	-0.028115653	-0.054606043	-0.022688994	0.004123949
0.029271554	0.007048988	0.04118219	-0.008135116	-0.0652421	0.043412745	-0.073759265	-0.029355431	0.09260277	0.022581398	-0.041696627	-0.077152684	0.069842525	0.07060106	0.066498965	-8.36537e-05
0.082915746	-0.001513186	0.025976725	0.08167354	-0.004912699	0.0833963	-0.0029607427	-0.02107995	0.059562918	0.091236085	0.006281123	-0.0846942	-0.002280595	0.07831727	0.011689033	-0.047716174
0.045241173	-0.084987365	0.074327834	0.08221526	-0.08211451	0.0386919	-0.03447242	-0.048883356	0.03152869	0.07361579	0.0056597074	-0.044851627	0.03677546	0.012936143	0.06442091	-0.08149351
0.05152039	-0.02452879	0.037250955	0.03796258	-0.0220056	0.017986428	-0.040030334	-0.086296275	0.05133111	0.008298413	-0.06478129	-0.074954174	0.073799595	0.022105582	0.015765782	0.0033642552
0.044170823	-0.015633572	-0.010098331	0.0068274955	-0.012571628	-0.007114284	-0.01586991	-0.04819101	0.040638134	0.082278304	-0.053926222	-0.017232597	-0.012105602	0.058429956	0.07074992	-0.0012901893
0.045292	-0.044283893	0.03399987	0.05991107	-0.045325615	0.006357609	-0.08713577	-0.021163577	0.023789123	0.057306185	-0.06318302	-0.02182427	0.005571161	0.047772363	0.03471922	-0.01878844
0.03666234	-0.017252613	0.0036714843	0.023203582	-0.03518043	0.0012344096	-0.028051127	-0.05987208	0.07072186	0.043874666	-0.019657189	-0.038352717	0.023344615	0.011415874	0.006629222	-0.059426874
-0.04341034	-0.0024441758	0.011853157	-0.032961257	0.09274573	-0.074761085	0.040856056	0.026269495	-0.020024031	-0.038720813	0.030398013	0.081295714	-0.04337492	-0.0006496148	-0.041427173	0.07116075
-0.0834442	-0.0006733423	0.011605648	-0.06710955	0.06594523	-0.034713443	0.08174902	0.083580464	-0.06223087	-0.07460082	0.0736553	-0.011465639	-0.022648683	-0.016065314	-0.04908982	0.047860213
-0.05880668	0.07320746	-0.041804228	-0.06116923	-0.0043340465	-0.06586405	0.021592565	0.03318101	-0.043891616	-0.057308666	0.06272541	0.055265106	-0.008954593	-0.08737735	-0.03709304	0.0897328
0.0018573349	-0.005697672	-0.054458167	-0.06747914	0.03108666	-0.047779776	-0.00046475025	-0.013102862	-0.052385256	-0.089963615	0.041015208	0.07441778	-0.050145905	-0.0069987588	-0.034934517	0.067939274
-0.049078837	0.05393132	0.0052421116	-0.08545969	0.015578012	-0.054716945	0.026656613	0.046899002	-0.034631044	-0.07134184	0.069495015	0.010577184	-0.074700356	-0.044159707	-0.003916301	0.025558926
0.086089745	-0.060096424	0.05903382	-0.0055960817	-0.06620672	0.03795012	-0.01754742	-0.04558351	0.058416996	0.034308035	-0.054901566	-0.026790481	0.085484564	0.035216253	0.04769477	-0.073179305
0.09104601	-0.004662569	-0.002799318	-0.0056662587	-0.06288798	0.068901636	-0.06720651	-0.04776056	0.005972895	0.0035690274	0.0073524653	-0.08934897	0.032756735	0.059014305	0.004715351	-0.048272874
0.027354816	-0.013418175	0.041592963	0.048100807	-0.06015271	0.07243926	0.0047833533	-0.0774067	0.08062719	0.04597193	-0.056596655	-0.067330316	0.012713902	0.061581478	0.06118953	-0.06285692
0.006487711	0.07657953	-0.063249804	-0.0028228138	0.07968257	0.008765068	0.038317487	0.020730741	-0.03355671	-0.08297367	0.044785924	0.034106378	-0.083322585	-0.0046937275	-0.021171987	0.0076056942
-0.040620334	0.047801834	-0.035453316	-0.020386424	0.008086477	-0.038456768	0.059706464	0.043849763	-0.0004312667	-0.013478114	0.058400474	0.051134102	-0.04212605	-0.077146664	-0.04961511	0.0346932
-0.026687762	0.0047694035	-0.08352666	-0.034036253	0.011672513	-0.026649829	0.06261707	0.08737071	-0.06127932	-0.0318974	0.07862733	0.016470466	0.0077765505	0.0045693787	-0.0643111	0.07128282
0.008707308	0.03656978	-0.06915986	-0.02049849	0.034085758	-0.020659328	-0.0039089094	0.04137035	-0.011668851	0.0023750626	0.05817155	0.019589264	-0.017585127	-0.010094924	0.009443149	-0.002059452
-0.053165823	0.04420021	0.005928331	-0.073436834	0.013977714	-0.054303333	0.05016574	0.056698475	-0.035915904	-0.058449138	0.0025498776	0.00041694858	0.02309851	0.0047228374	-0.06988759	-0.008765216
-0.06489666	0.05217497	-0.010185211	-0.06374447	0.040788885	-0.066290565	0.01475485	0.047549125	-0.014385966	-0.052739274	-0.013923003	-0.0034500482	-0.012396298	-0.048074275	-0.016501209	0.071470514
-0.02857203	0.03509891	-0.06664667	-0.038135048	0.0148125235	-0.0023662623	0.07809549	0.060324874	-0.054513965	0.0053196894	0.027648838	0.049240276	-0.05439499	0.009566776	-0.06812822	0.05935467
0.008509428	0.040541545	-0.0025958228	-0.033380922	0.039407875	-0.008937834	0.067005865	0.03390846	-0.054438923	-0.062751696	0.06387312	0.020309085	0.02245721	-0.001403878	-0.06713938	0.07379464
-0.045135148	0.0770986	-0.019479914	-0.027178261	0.03824207	-0.013186459	0.025992082	-0.016122742	-0.012165395	-0.07514218	0.01396654	-0.013267425	-0.048993777	0.009235133	-0.05935069	-0.00210263
0.022429049	0.07038933	0.0015465885	0.020518417	0.031781457	-0.0036393562	0.018944016	-0.012153151	-0.037978534	0.0021030437	0.0594777	0.048533253	-0.041520707	0.0064165457	-0.062256716	-0.023813896
0.06537662	-0.091037616	0.005839718	0.05301293	-0.0750976	0.06975137	-0.035280894	-0.078494884	0.012998329	0.09001632	-0.06235753	-0.007092899	0.04472081	0.07331696	0.043530665	-0.07726714
0.0887866	-0.02051817	0.07294388	0.00911698	-0.05968526	0.057335015	-0.009819979	-0.07736672	0.093332715	0.09240814	-0.08849795	-0.08633623	0.042485323	0.05886441	-0.001719554	-0.05151438
0.08133404	0.004370881	0.08095793	0.076484255	-0.07618714	0.014348501	-0.040772013	-0.02818903	0.04840746	0.013210465	-0.009153589	-0.031615924	0.040864978	0.04308549	0.07448754	-0.042556394
0.038502067	-0.051892377	0.07443882	0.03377424	-0.062806316	-0.0062804325	-0.04805619	-0.07638032	0.090648994	0.089814834	-0.0123054255	-0.011698606	0.040835533	0.0705259	0.08635995	-0.020751772
0.02092462	-0.040787846	0.044029888	0.078057975	-0.049267642	0.06009942	-0.011067682	-0.022980861	0.014170335	0.076754175	-0.07887222	0.0022724292	0.07840841	0.023867399	0.04015422	-0.036076695
0.038889088	-0.080453895	0.035331544	0.04116333	-0.08486051	0.07916236	-0.08269661	0.008994009	0.06591806	0.075418815	-0.0024997306	-0.04864485	0.05355609	0.07462519	0.035420083	-0.040376097
0.07846001	0.0071740593	0.06274032	0.08557641	-0.023254577	0.06276831	-0.0721438	-0.02205251	0.08724235	0.080987826	-0.08450352	-0.062487055	0.04065486	0.077784345	0.067913674	-0.052856803
0.058582816	-0.02808889	0.07833212	0.06227203	-0.09114487	0.023581276	-0.030863535	-0.04984218	0.083639376	0.02163704	-0.07531744	-0.039237447	0.0625782	0.037701126	0.054292742	-0.003464947
0.024486782	0.0040625464	-0.010635808	0.0712274	-0.07443817	0.08407283	-0.018948913	-0.03786854	0.08056619	0.040252276	-0.083002314	-0.023348553	0.05405062	0.056442797	0.064137965	-0.088429265
-0.054470856	0.00032629326	-0.05189487	-0.034639504	0.07262812	-0.02756591	0.051437024	0.038471714	-0.057270814	-0.040472407	0.019728212	0.06712954	-0.021311412	-0.068697035	-0.017626876	0.0040776744
-0.027538663	0.052022144	-0.05059707	-0.048043676	0.016490191	-0.038138095	0.077890106	0.087877825	-0.087211475	-0.06198359	0.015146784	-0.0063768	0.010919307	-0.010269391	-0.057946187	0.020431686
-0.056612235	0.029867755	-0.04425405	-0.051708747	0.04177891	-0.08821485	0.029698722	0.06506443	-0.045368563	-0.01884353	0.03692426	0.017320042	-0.078789435	-0.044202723	-0.008379667	0.0600029
-0.0051686275	0.06098333	-0.07230035	-0.08683633	0.060061365	-0.05788873	0.069123104	-0.0049809427	-0.021189675	-0.047078837	0.02985292	0.08530306	0.010932942	-0.012844345	-0.065522395	0.042159103
-0.07632144	0.040587917	-0.02632394	0.009687911	0.03421858	-0.023323642	0.070159025	-0.014104253	-0.0048042643	-0.003985373	0.016333863	0.05172016	-0.049095143	-0.06460152	-0.04093237	0.0078027416
-0.07726154	0.03636564	0.0017498214	0.01351478	0.07734929	-0.085671335	-0.011215841	-0.001993608	-0.025298228	-0.027033579	0.015098346	0.06168735	0.0014524679	-0.053122565	0.012251123	0.07828734
0.008377493	-0.0011520854	-0.0020886054	-0.07710258	0.07411668	-0.063150086	0.06966221	-0.014121404	-0.04514802	-0.0072446023	0.005624455	-0.010528283	0.010853855	0.013415989	0.01087796	-0.00789055
-0.00044461276	-0.068090335	0.056695256	0.06675648	-0.09058906	-0.0044027865	-0.076095946	-0.08703434	0.019877281	0.04717241	0.0012267214	-0.038741253	0.007749356	0.050482593	0.0451905	-0.07390126
0.017164828	-0.00080225355	0.0050617848	-0.0017145118	-0.037629604	0.06657189	-0.08280146	-0.0065930667	0.044455938	0.053325716	-0.015651898	-0.015102358	0.045630787	0.046527922	0.074727066	-0.058367986
-0.0044891387	-0.00044880342	-0.07069185	-0.068401836	0.0007759678	-0.07920796	0.07401411	0.025913104	-0.01260951	-0.0660209	0.031827495	-0.014988129	-0.042908546	-0.046478543	-0.0005534543	0.013792876
-0.07348115	0.078808	-0.07960655	-0.062819764	0.049962252	-0.0024226755	0.061520297	0.034656882	-0.029091854	-0.043676395	0.051839147	0.029683603	0.004655518	-0.073905684	-0.015543189	0.01895096
0.037838865	-0.054507177	0.09065229	0.09023558	-0.07746771	0.08902713	-0.034339912	-0.051251322	0.012867622	0.044748444	-0.0106513025	-0.08797732	-0.0018202013	0.052332573	0.06590936	-0.07719536
0.08945395	-0.03824885	0.018396314	0.028241908	-0.071320936	0.029093482	-0.0028825914	-0.017784165	0.06984366	0.0708249	0.0017940801	-0.045060053	0.03692734	0.0021228397	0.003152707	-0.014425831
0.043195345	-0.059583753	0.026611896	0.030949933	-0.022052247	0.031483408	-0.055169567	-0.040620066	0.07963886	0.07021685	-0.019753475	-0.07097734	0.029611487	0.048164852	0.0159286	-0.014347957
0.085075796	-0.04384873	0.0054508583	0.033487048	-0.017077541	0.055093702	-0.026007527	-0.026739651	0.052647166	0.09267649	-0.0212609	-0.06883467	0.06500286	0.039351687	0.07248183	-0.047342747
0.017980523	-0.0041803913	0.01105117	0.035344426	-0.051190775	0.088801086	-0.07822003	0.0024319398	0.07453647	0.0085188495	-0.08134707	-0.040364824	0.07284082	0.055668715	0.055831287	-0.026573617
0.011454712	-0.043431114	0.0769574	0.072683066	-0.037155684	0.020307703	-0.040205386	0.0025620149	0.066426024	0.03161397	-0.032612808	0.007942887	0.024320193	0.031157542	0.08096632	-0.08386951
0.03383603	-0.08521367	0.022263814	0.008616061	-0.063057594	0.058823533	-0.07939096	-0.05925899	0.05105021	0.029714713	-0.023880016	-0.06687754	0.0432991	0.0774669	0.085688934	-0.026721856
0.0892229	-0.001019757	0.006226943	-0.00573527	-0.014170847	0.08740686	0.009607696	-0.018601976	0.041587953	0.014382115	-0.0029726247	-0.06715887	0.012756778	0.049842287	0.022510018	-0.0076832487
0.014600418	-0.073661536	0.020942353	0.048650708	-0.03328917	0.053224422	-0.06574696	-0.08830212	0.05626987	0.007975759	-0.058028713	-0.07450664	0.052433424	-0.005826886	0.048852	-0.05613809
0.040988345	-0.031829573	0.044408564	0.033498194	-0.06491127	0.07441287	-0.082967535	-0.07701579	0.07030216	0.04080699	-0.08419453	0.0075793364	0.028563034	0.010708281	0.059439577	-0.019735571
0.0034657482	-0.033661626	0.062054466	0.068611294	-0.029976325	0.019784747	-0.011813241	-0.07088208	0.08049486	0.03070909	-0.049881943	-0.056318205	0.05563824	0.056456372	0.038514994	-0.06812572
0.07932804	-0.08931424	0.01485991	0.037807345	-0.08386335	0.044561617	-0.011789623	-0.041142873	0.039158992	0.08432006	-0.043612823	-0.008253446	0.06014725	0.014995044	0.024776593	-0.043770924
0.08209638	-0.051423717	0.05425736	0.00024511988	-0.08266103	0.06679559	-0.043170612	-0.07077317	0.07773549	0.07617658	-0.07395169	-0.048845273	0.047808476	0.039207887	0.07061902	-0.041595213
0.051033612	-0.08428956	0.0016754883	0.0702318	-0.067420855	0.03519617	-0.015383478	-0.040526263	0.06279772	0.025987392	-0.030249206	-0.043152682	-0.0027473844	0.03472167	0.044750787	-0.06346369
0.07294561	-0.06257759	0.009132282	0.03189305	-0.07547571	0.06420251	0.004885147	-0.0060786493	0.05159327	0.016403204	-0.055263735	-0.035323545	0.021886127	0.0737935	0.06420468	-0.059331812
0.007538721	-0.024415612	0.009573085	0.015354788	-0.08730129	0.022801066	-0.049896367	0.0038867132	0.04952261	0.012845688	-0.009919871	-0.08750004	0.019254267	0.008742512	0.027832057	-0.02351551
0.009591054	-0.05571762	0.08634117	0.004273258	-0.08929272	0.037353646	-0.031618267	-0.084474936	0.07299724	0.07212707	-0.085097216	-0.025248151	0.020308888	0.015028255	0.007835124	-0.017440746
0.007752185	-0.028795635	0.0589129	0.021690203	-0.052873	0.0595264	-0.076902956	-0.06472153	0.019719658	0.04168956	-0.061949395	-0.024825621	0.0046479367	0.09056069	-0.008622816	-0.07151202
0.059120733	-0.08386938	0.08238436	0.015945273	-0.00027614966	0.07426793	-0.07970353	-0.036961507	0.07923166	0.08503317	-0.0650093	-0.02635321	0.049272165	0.03187072	-0.0037613013	-0.053136043
0.037250135	-0.03541974	0.01735992	0.0135247605	-0.025405044	-0.0047204713	-0.062019788	-0.023260048	0.04698458	0.051377125	-0.01584391	0.008291129	0.037102494	0.04459639	0.05378861	-0.08703604
0.017455023	-0.055374503	0.03550469	0.03794848	-0.013927732	0.06019525	-0.012157472	-0.027146429	0.008237952	0.043503065	-0.057532825	-0.03412274	0.009173898	0.06654746	0.0019434023	-0.04100245
0.055329144	0.008747721	0.010901432	-0.0071669705	-0.05278389	0.01764659	-0.016452828	-0.041116804	0.04597311	0.08746317	-0.029307796	-0.06007151	0.02425665	0.055151585	-0.00043976423	-0.006016252
0.059708413	-0.04635557	0.037934873	0.037085082	-0.045915067	0.053057034	0.001705733	0.0050466694	0.04652358	0.08816417	-0.048820626	-0.014353076	0.0059387945	0.062230743	0.058639765	0.0027054688
-0.005983283	-0.027165484	0.0459131	0.069114394	-0.046604156	0.04332823	0.0046178875	-0.07169289	0.06725008	0.08916415	-0.018145392	-0.05548937	0.013241101	0.055997588	-0.0020348006	-0.07046049
0.05877278	-0.05853918	0.017302547	0.06864064	0.0045284536	0.045995105	-0.08570819	-0.0534417	0.011807703	0.068203904	-0.045820083	-0.04163524	0.02254581	0.028130738	0.074483305	0.0044062426
0.033751693	-0.05662257	0.010594243	0.027079942	-0.039428696	0.03508897	-0.07068115	-0.033230633	0.0852855	0.028248288	-0.08273948	-0.017075995	0.08744484	0.030125229	0.08543288	-0.0017123304
-0.08203328	0.05213036	0.0077217803	-0.08316772	0.008324625	-0.06884853	-0.0012052001	0.04830885	-0.03745892	-0.055477906	0.039963726	0.061351124	-0.074026644	-0.02073937	-0.00068556913	0.0057378123
0.07170309	-0.024127008	0.013854227	0.006499489	-0.077022746	0.063983135	-0.016255582	-0.029135924	0.023907878	0.0014129924	-0.05941544	-0.000911951	0.009494952	0.071358785	0.041850492	-0.006237805
0.021522889	-0.0023761017	0.032919955	0.06962074	-0.08254188	0.03067929	-0.045223493	-0.029603492	0.06948247	0.08316861	-0.066425145	-0.06713492	0.019518929	0.06637889	0.06009842	-0.07507796
0.050034337	-0.061445992	0.0823668	0.047169954	-0.021802196	0.08773975	-0.040306997	-0.02162817	0.006402251	0.02837615	-0.062903784	-0.026142467	-0.0029691828	0.050879322	0.08911965	-0.026975062
0.024776477	-0.06833215	0.080700316	0.056465864	-0.063661665	0.05780098	-0.03710305	-0.07590409	0.07722401	0.08279629	-0.033449344	-0.0031037226	-0.006603038	0.03789939	0.027746096	-0.07549463
0.017946932	-0.035576917	0.033132326	0.090123184	-0.07821089	0.05723175	-0.05000633	-0.034190774	0.03747384	0.010421973	-0.08553774	-0.0456349	0.04917354	0.057227023	0.049667973	-0.046893477
0.06735325	0.0045759156	0.021677133	-0.0053577386	0.0058610616	0.06015659	-0.06633999	-0.05972352	0.06648426	0.07782692	-0.057054084	-0.011334532	0.0019325642	0.074596286	0.03900178	-0.0004453467
-0.037748143	0.031518303	0.011273708	-0.07322933	0.01966018	-0.021349905	0.06186936	-0.010378533	-0.0740329	-0.03700764	-0.018728953	0.020762231	-0.067031056	0.008204893	-0.021206658	-0.0101260925
0.03646855	-0.0030625756	0.04477127	0.05978702	-0.0025148764	-0.008726003	-0.06638663	-0.05396992	0.04282944	0.059101086	-0.06103985	0.011804538	0.040312316	-0.00034515408	0.05118037	-0.05037742
-0.00495739	-0.030809648	-0.0042441026	0.07434929	-0.012047653	0.028117394	-0.06984665	-0.0458736	0.019577485	-0.008533336	-0.031295292	-0.009408039	0.056039236	-0.0140065085	0.0792585	0.0045844414
-0.060853723	0.04486541	-0.027632479	-0.056214407	0.052441813	-0.0061668386	0.037239708	0.06167664	-0.04260078	-0.027448608	0.052120063	0.07631431	-0.004801685	-0.052399736	-0.04510873	0.0028363836
-0.051094085	-0.0030670373	-0.029449373	-0.011341815	0.014025935	-0.020707939	0.000953102	0.08201166	-0.043441657	-0.050537646	0.082737096	0.07094049	-0.010083774	-0.07814814	-0.011489342	0.05100497
-0.085596085	0.08247798	-0.05852735	-0.06372906	0.012745154	-0.06363027	0.021159053	0.03759151	-0.010992366	-0.0625916	0.018281784	0.06296999	-0.020776365	-0.03150392	-0.077186875	0.04728166
-0.019766212	0.027923668	-0.04324034	-0.022857266	0.08852789	-0.04989471	0.02239466	0.01176404	-0.090643466	-0.010737634	-0.0075296224	0.0017850298	-0.03990333	-0.011026554	0.013950666	0.07666337
-0.017989941	-0.002074066	-0.06984662	-0.084023155	0.050565496	-0.028099814	0.062809184	0.075311415	-0.0038474707	0.0062229177	0.008040626	0.079891086	-0.01318542	-0.01410964	-0.042721037	0.05257075
0.015437859	-0.072251804	0.08375385	0.05585401	-0.08347366	0.010181144	-0.041361075	-0.06678309	0.020756986	0.017280152	-0.08083125	-0.03429179	0.044319395	0.035828546	0.08463841	0.0057569123
-0.009272657	0.06390348	-0.0070109726	-0.0451708	0.076429136	-0.0771898	0.040952254	0.04277397	-0.04913898	-0.01780301	0.0502461	0.035026807	-0.020628216	-0.07707225	-0.0701345	0.047842167
-0.022685988	-0.0056515774	-0.05856751	-0.048582986	0.014471852	-0.015260785	0.03677275	0.027297847	-0.0039060204	-0.07323796	0.052113414	0.020641873	0.0085250605	-0.07525121	-0.048154578	0.011912139
-0.048487045	0.0565737	-0.018622555	-0.07313122	0.022831557	-0.045305673	0.052654624	0.0019021521	-0.080333814	-0.036296956	0.051243357	-0.008124697	-0.028978597	0.0056045484	-0.054439727	0.015628481
-0.0196041	-0.0045013255	-0.029465832	-0.039971832	-0.012322722	-0.030612547	0.04949995	0.074508905	-0.054554112	-0.07647054	0.059567317	0.0011230763	-0.03586429	-0.038158033	-0.06740751	0.023846671
0.032007348	-0.07235052	0.068999246	0.03476496	-0.027991248	0.060945902	-0.020146197	-0.06464934	0.026161829	0.056419663	-0.07090571	-0.015509066	0.016967917	0.08916589	0.026089681	-0.06687383
0.049987838	-0.04098299	0.04146838	-0.0062508383	-0.08905755	0.02309233	-0.013004831	-0.073775105	0.05484804	0.066340804	-0.031059017	-0.057784837	0.08366478	0.073646806	0.060814545	-0.030893568
0.037874103	-0.008185447	-0.003467095	0.044624522	-0.052820083	0.045118347	-0.020887312	-0.03245988	0.070379406	-0.001858851	-0.03799016	0.0042649256	0.052925833	0.07326935	0.06331941	-0.057055082
0.058899146	-0.08229162	0.02271686	0.071438305	-0.020588282	0.055441856	0.003265556	-0.05480679	0.028561153	0.061406855	0.021456985	-0.049590603	0.054745637	-0.006022955	0.05362809	-0.014259939
0.05923452	-0.00067173457	-0.0095127225	0.058435146	-0.0472837	0.019940082	-0.015971623	0.005885723	0.010589099	0.048395712	-0.07441738	-0.05623888	0.0051245037	0.016743695	0.05637232	0.007407752
-0.07855578	0.026799202	0.0051930896	-0.051149625	0.00081432145	-0.047387358	-0.0070645097	0.04207042	-0.02819913	-0.031502325	0.057640444	0.04355074	-0.0820004	0.011013468	-0.06000666	0.058312584
-0.07533744	0.046527967	-0.035758458	-0.06254434	0.0642151	-0.0017967441	0.0715528	0.02389352	-0.03070246	-0.08176767	0.0003517749	0.025090532	-0.07443039	-0.028829677	-0.06632455	0.004603488
-0.036473133	0.066519655	-0.036199093	0.014820402	0.016703224	-0.065229066	0.08219783	0.00907768	-0.047420803	-0.02802299	0.054532748	0.04483607	-0.06969672	0.002760672	-0.045794398	0.075528316
0.04340661	-0.046109278	0.029203402	0.0066796285	-0.056512244	0.057263747	-0.046719525	-0.035740167	0.054040994	0.06259991	-0.057399638	-0.059071407	0.0062339986	0.0014708294	0.015961815	-0.05571511
0.0018425115	-0.053506356	0.06642061	0.025188122	-0.078750394	0.05415339	-0.058118932	-0.0016797873	0.050241467	0.058625724	-0.0543672	-0.029338496	0.029329684	0.090546206	-0.008516687	-0.06857787
-0.0033484048	0.0064579817	0.055531368	0.064465575	-0.040636916	0.02525472	-0.017602328	-0.010105969	0.054024678	0.0984438	-0.055082895	-0.026940113	0.016634043	0.05168336	0.0051230052	-0.052380946
0.028643234	-0.0025202632	0.07184874	0.089766204	-0.067835554	0.023238547	-0.021051472	-0.04097567	0.019374426	0.035926748	0.0029371437	-0.014424392	0.07712825	0.08201439	0.0125453975	-0.055523135
0.010901529	-0.053949755	-0.0057062325	0.073639594	-0.084771864	0.00060938566	-0.0642701	-0.08704336	0.046869595	0.048338067	-0.039572824	-0.06612321	0.07458113	0.045530632	0.08394892	-0.041915905
-0.0014304132	-0.05073026	0.06418472	0.080823675	-0.04880701	0.085073605	-0.06975437	-0.04499855	0.030997228	0.06647906	-0.035228778	-0.02353178	0.024777701	0.033146057	0.055547256	-0.073838845
0.004251457	-0.012025507	0.01737223	0.031259228	-0.015533805	-0.005383139	-0.064561024	-0.05743973	0.051830053	0.0346637	-0.071731664	-0.015562961	0.08365062	0.04102577	0.07726457	-0.060112868
0.018544724	-0.08252052	0.059147373	0.020250224	-0.018281655	0.040924307	-0.068108015	-0.08091977	0.039845966	0.016583826	-0.017609622	-0.026409848	0.01995317	0.08291975	0.04355359	-0.08908377
0.0044561615	-0.011257203	0.07732477	0.053278793	-0.021396486	0.073854834	-0.015590998	-0.014507545	0.019198876	0.0843508	-0.005403961	-0.027126329	0.03197503	0.088434085	0.02303446	-0.025825575
0.010899194	-0.004168117	-0.018482422	-0.0037539853	-0.014766187	-0.0173192	0.061943818	0.05303126	-0.037910637	-0.073768795	0.06345178	-0.020660806	0.01820587	-0.049915273	-0.041652244	0.048481565
-0.0559151	0.011339847	-0.012260978	-0.023987794	-0.02691011	-0.06941993	-0.003507135	-0.020752905	-0.015084216	-0.021668606	0.032580476	0.057298895	-0.061603136	-0.03425131	-0.0026153491	0.055981103
0.012254087	0.05931462	-0.008408012	-0.06137915	0.016355498	-0.030093735	0.006396824	0.010604065	-0.047946185	-0.03371195	0.058924247	0.022675883	0.0270484	0.0032211936	-0.060956795	0.0070077903
-0.014949787	0.056629613	-0.0005662655	-0.018586783	0.03571233	-0.08949768	0.013301195	0.021019097	-0.05803914	-0.061196122	-0.0015379598	0.0059379637	-0.067037635	-0.016700532	0.013763487	0.024466919
-0.030253101	0.011541153	-0.006611074	-0.036607146	0.00069414836	0.0041532065	0.06598279	0.058811653	-0.05243101	-0.04654712	0.027049981	0.01574705	-0.053023998	-0.0539196	0.013406753	0.04480032
-0.047191095	0.06426255	-0.011228019	-0.08259629	0.00074537157	-0.037056122	0.047276367	0.015129723	-0.005882084	-0.047702894	0.048235647	0.068171725	-0.056275357	-0.08539117	-0.05817491	0.06585241
-0.06855084	0.07600803	-0.04425445	0.00045124828	-0.0013409893	-0.045666926	0.037856143	0.02003936	-0.0053683626	-0.0712259	0.0016357456	0.014081729	-0.030595308	-0.07919347	0.0053639687	0.029504025
-0.06417529	-0.008014771	-0.04205731	-0.04072012	0.07566792	-0.02523548	0.0063917837	0.078422405	-0.061626278	-0.018348191	0.0036035136	0.080201805	-0.07048008	-0.05283125	-0.023261607	0.03858648
-0.07272687	0.038963396	-0.014449501	-0.00990944	0.025731837	-0.06359422	0.054238047	0.010904718	-0.05972405	-0.016566733	-0.002861025	0.06413457	-0.038203586	-0.016768586	-0.06744337	0.08770593
-0.059531927	0.030834664	-0.0585392	-0.05940122	0.004064219	-0.029993886	-0.00079234847	0.007399378	-0.08300778	-0.09383048	0.050670244	0.054409776	-0.08286892	-0.08590172	-0.012679112	0.08501678
-0.02367868	0.0014548978	-0.0074459156	-0.075540915	0.02531034	-0.06329389	0.066622354	0.018890262	-0.0018113687	-0.029211566	0.021838529	0.011032106	-0.05070994	0.0045184963	0.005657564	0.0135624455
0.08995537	-0.08353888	-0.01011443	0.043377228	-0.061790705	0.06680591	-0.061449643	-0.011603946	0.05037667	0.09120497	0.006654093	-0.009068009	0.037988942	0.00040115582	0.019070335	-0.08931767
0.08735484	-0.067832366	0.026649484	0.07058589	0.00452661	0.073525995	-0.05201894	-0.01438878	0.0508019	0.04630932	-0.023172496	-0.063562736	0.038023088	0.0636863	0.015800457	-0.026677398
0.07304814	-0.08075167	0.09029989	0.040074863	-0.09033867	0.07187836	-0.007590435	-0.07136479	0.03804073	-0.00027158236	-0.08605961	-0.0044102585	0.055068098	0.018349433	0.085084185	-0.051636316
0.048182767	-0.045498613	0.018124726	0.07027633	-0.047691476	0.07548121	0.0037314096	-0.0014972596	0.042059172	0.08611353	-0.08642862	-0.071760945	0.052554153	0.011977614	0.07095569	-0.0030126828
0.039404828	-0.034327887	0.07982232	0.08467818	-0.024964554	0.06457993	-0.05938812	0.0054701422	0.073283635	0.045435026	-0.0667252	-0.024181698	0.02581313	0.07117184	0.060020752	-0.003924512
0.0843402	0.012515203	-0.0004913609	0.059499566	0.0069395164	0.008935539	0.002303592	-0.03324455	0.034051847	0.072500445	-0.051323876	-0.047926128	0.019644003	0.008678773	0.07887252	-0.031400066
0.053174336	-0.00668501	0.040837184	0.04332092	-0.06767831	0.060209364	-0.06619272	-0.017936788	0.003932939	0.08150048	-0.04771699	-0.006426133	-0.0058512934	-0.002525449	0.05855511	-0.05970026
0.07765779	-0.069044024	0.02329776	0.06161389	-0.06747503	0.037563533	-0.0021576989	0.0034256058	0.08380607	0.022546427	-0.019439815	-0.058972076	0.01627646	-0.009198284	0.0071192174	-0.073716015
-0.066000655	0.0038227097	0.016524201	-0.07393794	0.04156758	-0.07909034	0.05947461	0.07085228	-0.017133368	-0.08651046	0.060216837	0.0048876014	-0.0075883614	0.0026871976	-0.04921745	0.067914054
-0.07379479	0.010573695	-0.030357653	-0.07218789	0.069858715	-0.038494613	0.07009292	0.057897426	0.000990499	-0.059943117	0.052420363	-0.010517756	-0.041148473	-0.0526238	-0.001900401	0.03796793
0.010932226	0.02328704	0.014026991	-0.0043586153	-0.011042454	0.0047324505	0.051230468	0.03177471	-0.039105475	0.007638742	0.080511905	0.059735145	0.00235989	-0.014250632	-0.05983073	-0.01084958
-0.02620782	0.032279592	0.01644787	-0.047958836	0.013304518	-0.058717772	0.031413864	0.045642227	-0.063223675	-0.07779376	0.006149097	0.030659294	-0.031377863	0.0069799377	-0.05525047	-0.0066112913
0.07932944	-0.005977889	0.0028631361	0.03379328	-0.06611832	0.012748228	-0.081916556	-0.05804706	0.08736114	0.046311326	-0.0069148242	-0.07545486	0.0816677	0.06476906	0.052777097	-0.005071887
0.0039092237	0.0025637127	0.023135228	-0.00031936378	-0.044219747	-0.00027828736	-0.050718274	-0.046496715	0.054126605	0.09158662	-0.015705433	-0.05607135	0.049238898	0.010180208	0.07647207	-0.041058086
0.07478995	0.0007787101	0.010154613	0.037646543	-0.03913998	0.07470027	-0.04286187	-0.018566625	0.04630426	0.041230515	-0.05874675	-0.08736212	0.03740573	0.066397116	0.00052647584	-0.013534745
0.07283812	-0.00044311825	0.08461528	0.026278643	-0.060844027	0.08595585	-0.022921428	-0.04417049	0.0043417434	0.062031373	-0.018864634	-0.0498004	0.002484353	0.042602926	0.009200115	-0.0015521034
0.07023809	-0.09069954	0.051471002	0.0675534	-0.047429994	0.0634687	-0.017739125	-0.06986866	0.031086944	0.03979869	-0.025608486	0.003294855	0.00020469619	0.06621652	0.044737905	-0.024019916
0.07535172	-0.08437764	0.083269775	0.017620955	-0.022379965	0.071278386	-0.022098834	-0.0040340177	0.013812576	0.03550024	-0.051145658	0.0130784055	0.021100998	0.03086498	0.074234866	-0.024216117
0.061450716	-0.005604196	0.02623533	0.00972388	-0.017504683	0.042691432	-0.034085218	-0.06857534	0.03939556	0.0064020706	-0.04676654	-0.047882684	-0.0011120092	0.015976287	0.059049	-0.05125861
0.017699864	-0.059451483	0.036372837	0.04170571	-0.024185546	0.0132270595	0.0052442225	-0.013290287	0.06889644	0.041975196	-0.054360148	-0.02704841	0.037308447	0.068311885	0.022974957	-0.026309043
0.00133452	-0.042283274	-0.008193691	0.015129009	-0.08726197	0.039355278	-0.0023913602	-0.01716632	0.06637113	0.012603933	-0.026615635	-0.08500448	0.051811732	0.07178358	0.059384473	-0.088637054
0.07154821	-0.026795331	0.04850314	-0.0024994877	-0.042929713	0.02849654	-0.074050575	-0.063799545	0.020550942	0.06945494	-0.0465456	-0.045361213	0.06926023	0.015476555	0.062946886	-0.0562719
0.082859755	-0.054036442	0.020036738	0.016219657	-0.016769178	-0.006827943	-0.08689982	-0.08337931	0.03841759	0.0008890024	-0.013739258	-0.045499742	0.004854332	0.052694023	0.013188918	-0.052428212
0.057815272	-0.07202445	0.010958501	0.024325987	-0.08413769	0.07603111	-0.053219505	-0.06132865	0.032966316	-0.0020822634	-0.055662524	-0.0890811	0.05517282	0.0703251	0.018243676	-0.072936594
0.015191037	-0.07342205	0.054901257	0.047353797	-0.07996819	0.06066476	-0.057444002	-0.062592424	0.080536	0.01013276	-0.0071805725	-0.0440454	0.034999132	0.07025527	0.04103429	-0.021602325
-0.048697807	0.015779955	-0.08443544	-0.073038064	0.08930446	-0.061349228	0.045683697	0.037992023	-0.079839796	-0.030774556	0.009932026	0.010028413	-0.0525242	-0.060367472	-0.031306196	0.01123404
-0.06571968	0.063082404	-0.04222192	-0.0027725333	0.030757787	-0.050065257	0.084847175	0.061230164	-0.021785388	-0.010479952	0.059770346	-0.005025172	-0.02061791	-0.08505555	-0.040956754	-0.0013502104
-0.052920893	-0.0005519517	0.0011870182	-0.06649435	0.074074484	-0.085983805	-0.005703966	0.036511797	-0.08015588	-0.009053363	0.009877572	0.08438759	-0.0608565	-0.06652932	0.0036306074	0.042431682
0.08135807	0.0017358253	0.0052356264	0.060877196	-0.057518806	0.07904071	-0.04291382	-0.0641763	0.06489812	0.0075573353	-0.06902586	-0.051389996	0.027926235	0.01351764	0.0024889442	-0.0066871946
0.026841708	-0.054413132	0.03350983	0.020710088	-0.08301521	0.0490937	-0.039956797	-0.08811185	0.056205727	0.058509327	-0.07930734	-0.018932115	0.019826436	0.056415442	0.0050902395	-0.027074628
-0.033668127	0.045920964	-0.0780901	-0.079083435	0.000795617	-0.046079572	0.0038362131	0.012566962	-0.03582108	-0.008815436	0.042594418	-0.0080626765	-0.045835633	-0.040854428	-0.0694145	0.008779518
0.070025176	-0.0011676608	0.051143818	0.07376003	-0.02208246	-0.000924482	-0.07431783	-0.08119377	0.05251273	0.0685822	-0.08706074	-0.037763584	0.068822026	0.017541973	0.0017693602	0.0044294144
-0.00033972913	-0.013629542	0.029058835	0.014713724	-0.04262928	0.010279057	-0.066894025	0.011284353	-0.008472733	0.0068278504	-0.0002313815	0.006937663	0.07249198	0.010876313	0.016018152	-0.051465202
0.081754714	-0.0058501465	0.0045797164	0.081618704	-0.066522695	0.041268285	0.0014820142	-0.012719388	-0.0020187024	0.0070723705	-0.03634085	-0.05684897	-0.017462254	0.059674893	0.033826925	-0.06375039
0.006882581	0.0051961564	0.020668386	-0.004776569	-0.06347965	0.054013897	-0.013431227	-0.026397329	0.05883037	-0.0026544356	0.011661395	-0.036138657	0.016691072	0.07204612	0.07970192	-0.0014777108
-0.0057593635	-0.008382291	0.037155088	0.075759344	-0.043643747	0.014665452	-0.064353324	-0.0241315	0.0643236	0.0742961	-0.0797079	-0.019659923	0.015759964	0.00046253944	-0.0153516	-0.027835142
-0.0039140778	-0.0461534	0.00021389051	0.02424636	-0.012713755	0.042211533	-0.022767717	-0.0602442	0.057004582	0.0070631006	-0.013946895	-0.049303677	0.0638706	0.053734597	0.045455698	-0.040310886
0.00659611	-0.06015661	0.050831974	0.066339575	-0.06531531	0.04776319	-0.0686644	-0.072204016	0.062189445	0.040427096	-0.076733954	-0.016140502	0.0061632204	0.06660418	-0.009565514	-0.026756745
0.08925137	-0.07711369	0.057491954	0.08649364	-0.033284936	0.014581936	-0.011207753	-0.06096864	0.08764835	0.028502384	-0.040900182	-0.0071518547	0.050772738	0.04269133	-0.0087411525	-0.0435194
0.035395183	-0.07052786	0.088959605	0.058397647	-0.029454023	0.086356185	-0.002747073	-0.073105834	0.0079515865	0.03203006	-0.025842361	-0.049638916	0.07806211	0.082981385	0.01771051	-0.0031066283
-0.06449758	0.017915178	-0.058940254	-0.007919562	0.0037976776	-0.02923979	0.023591612	-0.0146272695	-0.07413652	-0.056898743	0.07951314	0.04853223	-0.07023179	0.0062034475	-0.015217782	0.03982986
-0.060194343	0.015138905	-0.03860672	-0.030029258	0.0130001195	-0.06214979	0.07441808	-0.006503012	-0.040221054	-0.014977408	-0.0009275657	0.011580285	-0.03782524	-0.06498364	-0.0009867062	0.083935335
-0.07844343	0.07235986	-0.07758345	-0.050122395	0.04199971	-0.013209913	0.026042437	-0.0068407664	-0.052731447	-0.012681498	0.02665747	0.010708721	-0.012619181	-0.0034587488	-0.055564113	0.020091219
-0.063902475	0.063207306	-0.015737668	-0.04927883	0.09573643	-0.06594805	-0.0065288926	0.0540593	-0.077283435	-0.051225606	0.06335189	0.0032239375	0.010500136	-0.03312451	-0.038578443	0.061125297
0.06558022	-0.007979659	0.08307105	0.004003718	-0.028613044	0.07609468	0.0045547257	-0.07496691	0.08790809	0.070253186	-0.030951772	-0.04953825	0.05538595	0.01649913	0.076696165	-0.08241278
0.05033916	-0.089176305	0.05097278	0.010823229	-0.014426102	0.073473886	-0.08543299	-0.0135733085	0.05970348	0.06389778	-0.014341249	-0.0560893	-0.00062291947	0.04862202	-0.007993433	-0.0797221
0.020208683	-0.07354554	0.044667408	0.04044266	-0.03334102	-0.003772076	-0.0014620416	-0.0022051302	0.0120307375	0.074192435	-0.055246975	-0.05420752	0.031219317	0.017659087	0.060311552	-0.07970804
0.00982184	-0.04100578	0.046174746	0.012615922	-0.02669932	0.0029665346	-0.040407363	-0.08440435	0.04084204	0.030979754	-0.07090798	0.003869216	-0.0010093777	0.027941046	-0.00012846966	-0.04913553
0.07531888	-0.055637643	0.041303817	-0.0030278116	-0.08711477	0.0041506956	-0.028244786	-0.0874786	0.055886302	0.019085571	-0.0803963	-0.01864844	0.08654624	0.03850288	0.0051031793	-0.031273678
-0.081984766	0.019061454	-0.06782005	-0.08195758	0.076324284	-0.027765013	0.07643678	0.08110888	-0.07879801	-0.043865263	0.04528519	-0.0061479136	-0.055990893	-0.03274533	-0.050861593	0.03732226
0.0015477602	0.0035015324	-0.0044023804	0.066109635	0.006994195	0.004203795	-0.05747081	-0.045120623	0.050096445	0.07583896	-0.09063373	-0.06598147	0.04603166	0.09263621	0.08632	-0.06614755
0.0918644	-0.06274628	0.014212523	0.011039649	-0.0051520327	0.03551254	-0.0288242	-0.07319409	0.04342732	-0.0025080985	-0.06266313	-0.07755479	0.070591375	0.07617904	0.0472974	-0.07942946
0.050263435	-0.021033144	0.035637558	0.0133681875	-0.054492198	0.02541367	-0.031589016	-0.009210706	0.025780264	0.02519694	-0.07534043	-0.0041812416	0.0034753943	0.017311718	0.087297015	-0.09012743
0.08650428	-0.018143468	0.054576106	-0.000105894986	-0.05880886	0.03629153	-0.045303922	-0.072718605	0.091115825	0.059389655	-0.023026105	-0.062344544	0.0044238116	0.022267662	0.025765065	-0.0028703918
0.09340731	-0.01694969	0.050061565	0.058897223	-0.03750779	0.07918717	-0.0435707	0.001025908	0.015730144	0.019035377	-0.011508912	-0.07715088	0.07569231	0.0028793334	0.010089945	-0.043470617
-0.052855667	0.08300927	-0.06519192	-0.00598663	0.005668378	-0.0015194227	0.008246683	0.05074585	-0.0037063432	-0.074328214	0.06805148	0.05286353	0.0074150986	-0.033281676	-0.0007944361	0.06335971
-0.07115325	0.03054654	-0.05113652	-0.08307009	0.06560842	0.009232565	0.02733143	0.06669383	-0.009487764	-0.03328126	0.00943721	0.049723245	-0.07048104	0.011520609	-0.05346551	0.021269362
-0.052193087	0.018847318	-0.031269744	-0.06758146	0.0019071904	-0.08518633	0.0054637333	0.08386886	-0.02775669	-9.434488e-05	0.0726198	0.0071027884	-0.0340692	-0.08272496	-0.028307011	-0.006517092
0.010937039	-0.014385128	-0.07404321	-0.015345046	0.0449331	-0.032507997	0.05490015	0.07813201	-0.009602362	-0.004433948	-0.0017702061	0.028572433	-0.007676482	0.0025411958	-0.060489852	0.009913124
0.018721169	-0.028107025	-0.003960024	0.023504948	-0.043388117	0.07055093	0.0059216903	-0.08225479	0.027172854	0.045543477	-0.061939076	-0.086041875	0.03809243	0.08598126	0.01163853	-0.08088804
0.06869231	-0.076973386	0.0869225	0.038258225	-0.0064222193	0.067837134	0.0047669383	0.007877279	0.051661294	0.03859164	-0.0018608717	-0.025046881	0.06987231	0.048366282	0.07767921	-0.02482722
0.07513473	-0.04821609	0.0052810353	-0.010341715	-0.08822531	0.04779326	-0.057282936	-0.04080028	0.06799203	0.09135115	-0.0077979895	-0.015838051	0.01835798	0.0003123382	0.063815884	-0.0018752784
0.032014437	-0.010831013	0.08210789	0.010203622	-0.022751093	0.0018805383	-0.00058656157	-0.0120514855	-0.0010210911	0.006684192	-0.009899113	-0.048828244	0.07902125	-0.005182777	0.07442027	-0.009734356
0.016664319	-0.00055576477	0.06488469	-0.0037163242	-0.024566358	0.0108031845	-0.06021057	-0.029949676	0.07441635	0.08187441	-0.07580952	0.00919001	0.0074486197	0.026633322	0.08691453	-0.05085011
-0.05545058	0.06111455	-0.019748325	-0.028525108	0.00730869	-0.032037355	0.033160787	0.022092994	-0.03569065	-0.050980065	0.0017934458	0.0074492316	-0.0071006278	-0.018092973	-0.027819928	0.045533914
0.0035523728	0.050536297	-0.020421581	-0.04548983	0.04588121	-0.02210865	0.003078799	-0.0013265426	-0.024413552	-0.07538681	0.015556423	-0.013895074	-0.07009274	-0.06312089	-0.06734671	0.07286824
-0.03127905	0.07994519	-0.07159124	-0.020164004	0.004478191	0.005367188	0.050867435	0.03269331	-0.08026276	-0.050326515	0.08183647	0.046946075	-0.032152046	-0.027496615	-0.059711426	0.027224932
-0.08506739	0.08190793	-0.06974311	0.009212185	0.010509557	-0.052255567	0.046158217	0.0023081559	-0.059880164	-0.053810276	0.034745086	-0.011845385	-0.011959722	-0.08176305	0.0062524425	-0.0016189713
-0.043954838	-0.006577162	-0.05559128	-0.072353184	0.041176755	-0.06189659	0.037516452	0.0010235629	-0.06729626	-0.05093723	0.019710578	-0.0014745282	-0.050719082	-0.047893964	-0.05980255	0.040470958
-0.0768877	0.0664264	-0.012780387	-0.070544764	0.009786275	-0.04717045	-0.00896811	0.06756839	-0.038521525	-0.07686456	0.024485175	0.031929076	-0.006047671	-0.010643816	0.009010521	0.06880052
-0.049545564	0.022302091	0.0025855815	-0.040361993	0.09162365	-0.014582545	0.04559876	0.052964464	-0.048813637	-0.0017354116	0.009142631	0.04472348	-0.040104944	-0.01844012	0.0016462005	-0.010590812
-0.060818784	0.029773977	-0.022016063	-0.011175518	0.0020866578	-0.00435637	0.036825243	-0.00040421775	-0.023050047	-0.034683906	-0.009164623	0.07981552	-0.031909935	-0.026865896	-0.052025665	0.0047804564
-0.014253449	0.049450878	-0.022750065	-0.04684111	0.046389945	-0.05410147	0.020212764	0.042211715	-0.05603573	-0.02138768	0.042154234	0.035957564	-0.035664406	-0.032319598	-0.017134538	0.013148508
-0.070045196	0.020006739	-0.053576108	-0.052959234	0.08997318	-0.0021361802	0.07752523	0.05441173	-0.08205891	-0.004387419	0.053497575	0.07950257	-0.081696935	-0.017096668	-0.031900875	0.041247368
-0.004168974	0.05180448	-0.05832978	-0.0042894282	0.061280414	-0.02503861	0.03284075	0.0647913	-0.07445152	-0.04015947	0.06079032	0.072803035	-0.07804974	-0.021992331	-0.05585526	0.009211859
-0.034858853	0.065068305	-0.0042472905	-0.05233293	0.011138479	-0.0063332585	0.046105172	0.07257366	-0.081180036	-0.011610131	0.008098455	0.048192035	-0.024115913	-0.018447878	-0.004105075	0.054652445
-0.021633487	0.07085634	-0.030227978	-0.027511027	0.05276441	-0.031616863	0.029203283	0.06728965	-0.06559414	0.0011165197	0.08585523	0.033370465	-0.023054212	-0.07558533	0.008895463	0.09013853
0.025376707	-0.0031863523	0.03327285	0.055977155	-0.06251599	0.08054112	-0.033310264	-0.009078251	-0.007074815	0.047164194	-0.033996847	0.008411472	-0.01316802	0.061540753	-0.006568017	-0.06469378
0.030051846	-0.0036495843	-0.003933633	0.048108615	-0.06755982	9.474892e-05	0.00761058	-0.08577224	0.035849392	0.06945069	-0.07811012	0.0020492126	0.049478155	0.026754336	0.06223649	-0.059512388
0.04598006	-0.040308926	0.08581676	0.081433006	-0.06769445	0.048775647	-0.015928462	-0.05899691	0.06272288	0.08855985	-0.046829373	-0.052693542	0.016943973	0.0708237	-0.009606814	-0.030202232
0.06565625	-0.08579576	0.024881264	0.086674206	-0.028647589	0.03226688	-0.027161375	-0.08756985	0.09326619	0.03196547	-0.043881007	-0.06472877	0.01784101	0.076928414	0.0043668486	-0.08116119
-0.08118297	0.026655525	-0.04924462	-0.027686194	0.085520394	-0.06955068	0.0022494653	-0.016178682	-0.078803234	-0.0296197	-0.01786726	0.041780017	-0.051100582	0.009615257	-0.04193974	0.030765574
-0.035459504	0.07217025	-0.029592192	-0.010059949	0.03126063	-0.057892658	0.021066919	0.026179707	-0.005272824	-0.07110148	0.015461898	0.03134403	-0.04964686	-0.07069116	-0.04701431	-0.013623371
-0.052090798	0.024075922	-0.013399885	-0.037248038	0.076272584	-0.045640804	0.06636468	0.026995027	-0.055092372	-0.053705543	0.04064289	0.04429529	-0.06971646	-0.017451154	-0.027108146	-0.0052216887
-0.028082581	0.032192327	-0.0025177838	-0.0056663947	0.015228529	-0.036947265	-0.010068455	0.02843506	-0.021240985	-0.056824546	0.013874109	0.009365354	-0.015311481	-0.07278966	-0.04695291	-0.008470699
0.017842157	-0.060241558	-0.0037221941	0.054978248	-0.03833802	-0.0029666612	-0.076674975	-0.07319643	0.022892935	0.07507258	0.0009948075	-0.012167853	0.058371045	-0.009173995	0.0024847307	-0.059743334
-0.016641177	0.01641471	-0.07523724	-0.0030762854	0.084332675	-0.047742996	0.07862551	0.052479245	-0.008720084	-0.059846386	0.043806486	0.07437564	-0.035644773	-0.0067305127	0.007875136	0.051277645
-0.082506776	0.07494274	0.011171265	-0.001215527	0.0022692056	-0.010529409	0.066612385	0.013716371	-0.0694116	-0.0646018	-0.004432777	0.019001916	0.011851915	-0.0377923	0.0007525853	0.07140797
0.00278998	-0.0011043403	0.025850264	0.05385471	-0.016729673	0.03215694	-0.0070154225	-0.012091684	0.07262647	0.07129107	-0.0029235533	-0.07243215	0.053668242	0.052053988	0.0552942	-0.05313283
0.03310136	0.007816464	0.07901998	0.0303527	-0.040372387	0.0625494	-0.058513846	-0.043506768	0.013372947	0.083160624	-0.029133089	-0.07021524	0.031315394	0.06753202	0.055594698	-0.017038181
0.054617804	-0.003980406	-0.00835219	-0.00048338203	-0.008334261	0.010291073	0.00247904	-0.01663908	0.07684593	0.038363572	-0.02494856	-0.079158284	0.0023809024	0.00899172	0.0049061766	-0.07752908
0.059656247	-0.007483357	0.04238862	0.023240896	-0.037427567	0.037598003	-0.08027696	-0.06486746	-0.0026113125	0.056935925	-0.08870933	0.0071571427	0.016150866	0.046383936	-0.010273277	-0.0008711274
0.03750228	-0.031254962	0.039977495	0.03486358	-0.092226095	0.00482867	-0.06607035	-0.053027768	0.078520015	0.020024985	-0.015778642	-0.053066686	0.021677226	0.030438803	0.0759959	-0.061868347
0.053353496	-0.0012504774	0.017975856	0.06856415	-0.08616942	0.036701784	-0.02058634	-0.051646642	0.07347174	0.061248865	-0.056708153	-0.012839909	0.051363412	-0.0022260465	0.0026842323	0.0008838425
0.034181815	-0.047188796	0.013750473	0.026544608	-0.073802985	0.025273615	-0.08787575	-0.043933995	0.020504074	0.07360685	-0.05327941	-0.05395239	0.0794167	0.019806236	0.07559923	-0.016885936
0.023376174	-0.042076398	-0.00030712623	0.045206964	-0.09311349	0.06112267	-0.084335335	-0.026345108	0.03462188	0.074000455	-0.062745504	-0.08172603	0.07918409	0.02949972	0.042641357	-0.041732825
0.066032104	-0.0410863	-0.011803119	0.050395057	-0.005619978	-0.006035322	-0.015755953	-0.027682723	0.0050282665	0.06484577	-0.04744533	-0.006098209	0.059805408	0.04181175	0.035232574	-0.03571172
-0.0044670682	0.08435054	-0.04252439	-0.02192787	0.06964499	-0.0388727	0.024257595	0.046743542	-0.0050757425	-0.090840116	0.032849137	0.059456166	-0.0366473	-0.032622345	-0.04740683	-0.0013674739
0.092313156	-0.030058792	0.029125398	0.015021983	-0.07645843	0.046119727	-0.010850642	0.00065764075	0.066641204	0.09752122	-0.02803832	-0.08109333	0.07718077	0.004519456	0.021603895	-0.03261069
0.0045929346	-0.051832393	0.026697593	0.047101356	-0.022454841	0.07894104	-0.023512524	0.007854788	0.0895796	0.047440797	-0.018748458	-0.009612553	0.0051175947	0.067712	0.082711704	-0.026210885
0.026335733	-0.016279407	0.014646971	0.08630628	-0.045734946	0.0076655964	-0.05098386	-0.067937806	0.04192394	0.0643339	-0.054547586	-0.0382738	0.065123424	0.045679044	0.035501376	-0.029140532
0.031954065	-0.042240333	0.041672636	0.012025151	-0.05736925	0.07157635	-0.056938477	-0.010246548	0.017399719	0.09302244	-0.039946053	-0.057363838	-0.0012595358	0.0033635492	0.08585159	-0.07423506
0.050949834	-0.026069576	0.04603794	0.00599861	-0.05735092	-0.00020990605	-0.055726945	0.009036006	0.0974985	0.03322402	-0.0025910763	-0.0030412714	0.08721041	0.027619194	0.001178211	0.0016468074
-0.012605148	0.0063063256	-0.07416755	-0.062875375	0.016084623	0.0027643694	0.02133382	-0.0026461391	-0.008528005	-0.0295819	0.07150307	0.006569747	0.0026208155	-0.013021762	-0.034745373	0.052490227
-0.06968076	0.003268678	-0.009696512	0.0017859365	-0.01757239	-0.036850147	0.04066778	0.068142734	-0.06988019	-0.05896619	0.07973519	0.036917195	-0.062213268	-0.04760495	0.01754066	0.07566586
0.026310913	-0.026696961	0.058935378	0.060435835	-0.05859886	0.0131476475	-0.0068176556	-0.02303249	0.014479741	0.05271904	-0.06719254	-0.05397721	0.014011451	0.08353502	0.08482323	-0.020277934
0.08873079	-0.038072065	-0.0010973448	0.05442629	-0.084788695	0.019830134	-0.009803325	-0.07084043	0.046440963	0.08369727	0.0065052416	0.0024966556	0.048435956	0.028452726	-0.0059338436	-0.030396482
0.08942861	-0.04761171	0.04789853	0.057859596	-0.025643336	0.045938555	-0.0291997	-0.013722089	0.087255195	0.025352424	-0.07077488	-0.03803007	0.013431247	0.024414469	0.0630567	-0.0069819978
0.05607397	-0.08759774	0.04123401	0.040548548	0.00023911975	0.09090178	-0.067730226	-0.008811676	0.09293352	0.0645662	-0.075039685	-0.040225487	0.075396225	0.0021567722	0.0043402473	-0.05903576
0.086781695	-0.023376245	0.018739747	0.034337707	-0.05106847	0.090180635	-0.009465962	-0.06251564	0.055868365	0.021886015	-0.04637503	-0.012083467	0.08825139	0.059540484	0.00816157	-0.008867072
0.044199433	0.0016446381	0.0055880607	-0.014530566	0.0013143014	-0.048733234	0.02728982	0.010962908	0.013501265	-0.03879799	-0.047683418	-0.018176498	0.006528644	-0.055622507	0.032209896	0.036543883
0.026753195	0.016634542	-0.04704866	-0.020608785	-0.031620163	-0.05734965	-0.0025147388	0.014450869	-0.04049086	0.019547608	0.01833871	0.03147494	0.03597752	-0.051404394	-0.011572496	-0.016362933
0.043838266	0.011204983	-0.029025745	0.010053528	-0.013476267	-0.05382433	0.022610037	0.016541718	-0.059221487	-0.044947818	0.03887354	0.008753256	0.01715059	-0.035717454	-0.04565259	-0.031752262
-0.034596737	0.03180981	-0.045329686	0.022576986	-0.022781793	-0.05855842	0.021068344	0.05191695	-0.056966476	-0.053545654	0.024676455	-0.025919031	-0.054408602	0.01862771	-0.047755875	-0.026206167
0.0010326406	0.06821772	-0.017681004	-0.07588064	0.019246107	-0.07380046	0.0070207557	0.009550475	-0.023432389	-0.03788272	0.0702614	0.082352914	-0.053685777	-0.054597374	-0.019640421	0.04201066
-0.0026607239	-0.006001606	-0.019838419	-0.005433231	0.058910847	-0.0026289918	0.036197424	0.06881993	-0.04521189	-0.0011075761	0.047788072	0.04644622	-0.016185898	-0.04847778	-0.059845746	0.08703472
-0.0013620331	0.06792368	0.0058925007	-0.07275014	-0.0017936579	-0.086458616	0.07137951	-0.0062713763	-0.011296605	-0.057151113	0.051956315	0.0456912	-0.05757432	-0.024026515	-0.082136676	0.043130204
-0.054259274	0.00743694	-0.07009289	-0.018671751	0.07687155	-0.06228375	0.032044023	0.02139301	-0.05287973	-0.014934006	0.025618622	0.008673056	-0.08077079	-0.02560933	-0.014794057	0.05158566
-0.049330078	0.003601703	-0.017966585	-0.036276307	0.0074015544	-0.08670735	0.015308939	0.051040728	-0.0061902557	-0.040330674	-0.014322529	0.067822576	0.0058523477	-0.03465743	0.0009808087	0.0015417188
-0.0018359921	0.072554395	-0.037453797	-0.059720915	0.016586596	0.0025151547	0.0345983	0.069362395	-0.056212794	-0.018419828	0.0044096475	-0.0131399175	0.006882238	-0.01387372	-0.057615206	0.015480292
-0.05374335	-0.0059858267	-0.0014286392	-0.01340932	0.008162344	-0.0654271	0.05064875	0.0009938258	-0.050688844	-0.047715057	0.033766948	0.014731124	-0.00073470746	-0.06678792	-0.056134887	0.02389232
-0.036271796	0.037532397	-0.013810655	-0.045431837	0.070136696	-0.015269946	-0.014130423	0.021956025	0.007338128	-0.011745957	0.0043889424	0.07062181	-0.06565089	-0.052258138	-0.07290893	0.01690919
0.017746206	-0.086510636	0.007505019	0.06243358	-0.048895657	0.09138311	0.0021173141	0.006927299	0.056767706	0.097534016	-0.033412013	-0.043674428	0.006670704	0.091662884	0.08635443	-0.013819302
0.019994633	-0.004915945	0.010751161	0.011650456	-0.0027432174	0.07734172	-0.0017033243	-0.008944508	0.05697916	0.034613226	0.0067014014	-0.030196918	-0.005993966	0.050605584	0.0686753	-0.04701028
0.0675556	-0.07187937	0.03416251	0.040709373	-0.027824625	0.062932104	-0.05888365	-0.04223686	0.057936627	0.05036027	-0.034648225	-0.003552072	0.0137572065	0.045881364	0.026163712	-0.09053128
0.06589109	-0.042147737	0.0358616	0.04055235	-0.014097031	0.015843969	-0.0828497	-0.034910206	0.069385886	0.04594837	-0.017767299	-0.016143536	0.028974392	0.04921813	0.06331875	-0.07698611
0.038498264	-0.01013615	0.017174851	0.07546568	-0.049486145	0.08833461	-0.057646338	-0.08494673	0.04723443	0.051511828	-0.04224213	0.0025425446	-0.0029246942	0.03943347	0.018288987	-0.00082215585
0.08260202	-0.052303072	0.046645254	0.035942566	1.7029961e-06	0.0032122335	-0.001667942	0.0071943696	0.0074468274	0.09322764	-0.004403166	-0.0646814	0.008482648	0.06634032	0.0631898	-0.052979287
0.0015469454	0.061467018	0.015713353	-0.00037215734	0.001662597	-0.026533457	-6.262926e-05	-0.020158323	-0.018740095	-0.044346683	0.03483658	0.061788395	-0.005579227	-0.027210599	-0.042040307	-0.036733545
-0.03728872	0.006732135	0.024292134	-0.02464249	0.020770395	-0.027792057	0.032612767	0.033378404	-0.010021697	-0.057138905	0.021851907	0.0014560531	0.015188449	-0.042551402	-0.052932784	0.043914095
-0.026789641	0.018367896	-0.018541308	-0.013951729	-0.013880801	0.02735042	0.06476912	0.053020317	-0.04164995	0.012960311	-0.0013539278	0.054241106	-0.005376131	0.032229982	-0.054706294	0.0045402963
0.005815073	0.05126769	-0.008786098	0.012393028	0.057543296	0.0060818824	0.08511365	0.08414996	-0.04779689	-0.038600173	0.04844112	0.0535108	-0.073630236	-0.017981563	-0.008146407	0.0057703354
0.008119673	0.01660629	0.011608069	-0.039570995	0.08672742	-0.061169807	-0.011541365	-0.004052157	-0.0812246	-0.038533803	0.056345414	0.039194845	-0.023324626	-0.01919349	-0.02971902	0.087582216
-0.07347144	0.03631794	-0.0144257955	-0.039040215	0.07677117	-0.03987899	0.019944891	0.007458328	-0.092883766	-0.0062444727	-0.00680333	0.016503036	-0.06014436	-0.04931897	-0.038355466	-0.005786673
0.038020838	-0.066212855	-0.0031373436	0.056769643	-0.06444245	0.0007417675	-0.06528149	-0.016344367	0.070665166	0.006919807	-0.055520996	-0.010415111	0.07007288	0.05259458	0.0029877212	-0.030361505
-0.025895333	0.07340703	-1.5584073e-05	-0.07986714	0.024926266	-0.06624691	0.044754148	-0.014390146	-0.031996913	-0.052363552	0.08166844	-0.003960281	-0.07071391	-0.08099361	-0.0073369336	0.029464832
0.0127081955	-0.019440003	0.029719431	0.026473315	-0.07079868	0.042708766	-0.06183434	0.0030269646	0.017998805	0.02238772	0.009987347	-0.024998099	0.027791873	0.07134147	0.028820653	-0.07532718
0.017959053	-0.046073522	0.061270725	0.0046142843	-0.086373016	0.028348561	-0.053906936	0.010646198	0.01835523	0.07183336	-0.06382033	-0.011106365	0.0007178467	0.05945949	0.026227359	-0.00813534
0.06436086	-0.044851616	0.03880132	0.056075223	-0.064321294	0.04963171	0.002784964	-0.06998798	0.049983647	0.021294834	0.0036413053	-0.02040921	0.049215335	0.088088885	0.088967726	-0.032387614
0.06699837	-0.019781768	0.06199405	0.03585539	-0.027781313	0.019821363	-0.018486014	-0.015171251	0.016672155	0.041124493	-0.00027585588	-0.030778108	0.03556064	0.008258308	-0.0050189584	-0.08869495
0.0301538	-0.029432934	0.05565275	0.0048372303	-0.022124302	0.050864834	-0.03403148	-0.0065689636	0.0065207467	0.01849919	-0.028700657	0.0039341	0.027991325	0.05605803	0.0008011701	-0.021471752
0.07521549	0.004476683	0.024350561	0.014405542	-0.08572843	-0.003810311	-0.07248475	-0.016647955	0.092880376	0.09128079	-0.089095965	-0.073421665	0.034885537	-0.0032661785	0.023779277	-0.021667644
-0.074495055	-0.010225415	-0.04638472	-0.033865705	0.07162477	-0.054869328	0.044038936	0.043353934	-0.08602074	-0.0894415	0.043707807	0.0538795	-0.04239884	-0.08520289	-0.08195222	0.06123383
0.0067877816	0.027039582	0.045380134	-0.042077553	-0.020908598	-0.016242243	0.058809385	-0.032406185	0.037667576	0.026319869	-0.045304038	0.014875932	0.008568702	0.026910909	-0.037912693	0.0311981
-0.013057677	0.03002599	-0.028021546	0.011167711	-0.0056045554	0.014056142	0.012615847	-0.014045451	-0.03389729	0.006062081	-0.015351911	-0.029858721	-0.021344857	0.013198924	0.022184597	-0.020624828
-0.0047263084	0.01115557	-0.029560266	-0.03087986	0.003666738	-0.077942885	0.04963824	0.07586045	-0.066718325	-0.0034082439	0.0020519344	-0.0135445185	-0.051352262	-0.0063476637	-0.03215131	0.063787125
0.033302017	-0.07727805	0.03067964	0.009252313	-0.050087743	0.011664977	-0.059220456	-0.050023153	0.020114968	0.07794253	-0.0046961056	-0.06005914	0.04670609	0.017484644	0.009042628	-0.02278652
0.06231805	-0.010953824	0.09047314	0.060710836	-0.012887908	0.057787843	-0.09053289	-0.061339602	0.06899316	0.055733524	-0.053058043	-0.06586022	-0.0032917347	0.07318815	0.07747006	-0.07722678
0.03213135	-0.033733208	-0.0060646357	0.0036200853	-0.0066920756	0.03974653	-0.06695016	-0.07443768	0.020769214	0.051534593	-0.058966115	-0.009109939	0.038458508	0.012414407	0.06166088	-0.016421862
0.008878981	0.0023396658	-0.02650804	-0.033511404	0.049368095	-0.034033623	0.0698166	0.0034942138	-0.08006663	-0.04563568	0.079506494	0.060119487	-0.034042746	-0.031412322	-0.03819826	0.028983038
0.0041044173	0.022196682	-0.08380209	-0.014099286	0.015722422	-0.074722126	0.04416513	0.050226096	-0.053647716	-0.07513485	0.0051354347	-0.010849911	-0.08011002	-0.049854986	-0.07226755	0.030880604
0.0023577018	0.0038721242	-0.033356726	-0.07352971	0.032593783	-0.0063836155	0.081721485	0.028083714	-0.04591939	-0.006049006	0.018423393	0.05576755	-0.073309354	-0.01688474	-0.071213394	-0.008762717
0.009335314	0.031087747	-0.055335175	-0.05744323	0.08099178	0.006169687	0.057511248	0.027885085	-0.02546635	-0.0038808368	-0.0060233492	0.011075231	-0.08278822	-0.02895409	0.012345915	0.08618437
-0.06284547	0.017216561	-0.062468726	-0.019820679	0.0900215	0.009844584	0.06466416	0.06353365	-0.0961147	-0.066926256	0.011200986	0.0689685	-0.02066671	-0.028212713	-0.05749926	0.06484331
-0.008911825	0.0462822	-0.015567703	-0.047053076	0.06551855	-0.058661554	0.01518675	0.061631013	-0.033380534	-0.071458995	-0.00555172	0.05699099	-0.033999737	-0.02023864	0.0123729305	0.07165705
-0.06734923	0.051183157	-0.02806792	-0.067955434	0.035428073	-0.06631098	0.07519757	0.07172308	-0.06222485	-0.09440937	0.038926974	0.072427794	-0.0441076	-0.02421147	-0.026329886	0.06783819
-0.07463266	-0.0030595686	0.0045207436	-0.0029196937	0.065196365	-0.075506985	0.059204627	0.04814888	-0.048709787	-0.05944077	0.042549245	0.034175545	-0.02101207	-0.0089917965	-0.035347268	0.0061504846
0.062449675	-0.03446047	0.076232076	0.069616355	-0.09014171	0.07311466	-0.07265194	-0.058528163	0.044057667	0.06734722	-0.08791689	-0.050447535	0.058688674	0.047678318	0.012554248	-0.09276563
0.042675346	-0.05730158	0.07433613	0.085816965	-0.002552212	0.0040901834	-0.059568316	-0.07391088	0.026514798	-0.0021305764	-0.06747915	-0.07400747	0.076342046	0.006064115	0.01460597	-0.026729794
0.0782466	-0.0006627326	0.015939219	0.074024215	-0.016607376	0.036194187	0.002579104	-0.027179858	0.07850422	0.058976468	-0.025425833	-0.061712172	0.08610609	0.005136015	0.068083726	-0.062076274
0.046777844	-0.07128862	-0.003976724	0.029913474	-0.056767408	0.048594996	-0.07773893	-0.012309741	0.019254303	0.08572383	-0.061477993	-0.06473289	0.04027327	0.026794331	0.022049725	-0.04872107
-0.06469987	0.06521942	-0.048349146	-0.049859986	0.077504486	-0.06678828	0.0092544565	0.046530463	-0.021126693	-0.003048561	0.07608283	0.022073356	-0.05827215	-0.0738215	-0.037521802	-0.0031580944
-0.028658234	0.004038056	-0.018917736	-0.028587999	0.060740396	-0.073511794	0.060756557	0.04908204	-0.09048782	-0.018353594	0.03744855	0.03227299	-0.062490094	-0.02625295	-0.0515819	0.06868288
-0.082220614	0.041481413	-0.019163044	-0.0708192	0.088954166	-0.07260333	0.055869035	0.04484285	-0.025675997	-0.016661478	0.045530662	0.06929317	0.010703975	-0.025304649	-0.0043423306	0.080571234
0.051043473	0.01067752	0.0050283815	0.024083005	-0.027762227	0.041333336	0.0039338963	-0.077847995	0.042756844	0.058777437	-0.043643467	-0.081599385	0.011117299	0.048285447	0.039026953	-0.06333442
0.08982352	0.008583862	0.06453029	-0.0018030553	-0.06819788	0.055251908	-0.044995252	-0.04333636	0.061769743	0.09444116	-0.08386469	-0.015644262	0.010122666	0.04286784	0.054009404	0.0055549634
0.0076487446	-0.08324957	0.041497767	0.026061116	-0.08293175	0.02847916	-0.03606836	-0.06840747	0.025400054	0.058594763	0.0090582175	-0.010140728	0.05394855	0.031228881	0.06504652	-0.021716988
0.06699708	-0.043988433	0.08695384	0.046720278	-0.055992495	0.016040208	-0.0085289115	-0.07781442	0.06328122	0.060317166	-0.084680736	-0.043764506	0.011482224	0.043545436	0.045519516	-0.08196657
-0.042306516	-0.003904396	-0.04225039	-0.010444741	0.0241894	-0.042058993	0.017735995	0.05996564	-0.08362873	-0.0639364	0.042075753	0.04952453	-0.053390667	-0.05691209	-0.029685007	0.032029167
-0.064222045	0.08051536	-0.030753542	-0.072975725	0.04913038	-0.08149694	-0.009435024	0.023653248	-0.06709909	-0.06799074	0.022035457	0.026813827	-0.01078557	-0.03943661	-0.0379218	0.043177832
-0.037782285	0.04050055	-0.03891052	-0.004787504	0.043437954	-0.056557532	0.04184651	-0.008968251	-0.09183486	-0.045586675	0.0005151762	0.041150745	-0.02719119	-0.07378034	-0.018634966	0.03038893
-0.062190626	0.019241173	-0.06837713	-0.009392112	0.003952486	-0.067142524	0.027409516	0.013952682	-0.027676089	-0.04942584	-0.0078098048	0.014491409	-0.06781841	-0.03344054	-0.00631956	0.033711404
-0.013841387	0.037659023	-0.013315597	-0.07165559	0.08821545	-0.08248123	0.015956763	-0.009888778	-0.06696942	-0.070541546	0.04212942	-0.014355322	-0.0682949	-0.06511871	-0.013092435	0.06241658
0.059287563	-0.036831103	0.033495188	0.052502297	-0.0006701427	0.0055759833	-0.04358654	-0.066970006	0.026098806	0.010121823	-0.087720364	0.00268685	0.04520269	0.07572654	-0.0035556688	-0.060347386
0.031502467	-0.08812331	0.0010335089	0.0653831	-0.056346603	0.08025316	0.0062940684	-0.018876856	0.09484102	0.009907751	-0.07144258	-0.08715288	0.07510985	0.010908251	0.03082374	-0.03840348
-0.06945601	-0.0056912084	-0.052870765	0.008371659	0.017775133	-0.02128032	0.029690443	0.036375776	-0.0145348115	-0.049799178	0.014505495	0.032561466	-0.014322707	-0.06656006	-0.081595734	0.02681066
-0.08648424	0.050599724	-0.041251767	-0.065608345	0.043446947	0.0014899058	-0.007723982	0.0014312114	-0.081008546	-0.0073615746	0.07028709	-0.010775382	-0.011143079	-0.048643783	-0.042529766	0.018366534
-0.07566505	0.083285876	-0.009387693	0.013506222	0.092955545	-0.06619208	0.01116488	0.017712664	-0.08262218	-0.0137907015	0.07270571	0.07900612	-0.054344743	0.005796491	-0.0105078835	-0.002506552
-0.06621383	0.024768727	-0.042313855	-0.014583858	0.052748132	-0.00434822	-0.011333755	0.05675688	-0.053236578	-0.014627135	0.07871092	0.026963588	-0.08320902	0.0036945415	-0.032407098	0.0018519568
0.06162118	-0.07796089	0.034518637	0.0042604753	-0.045965172	0.01816008	0.0055955863	-0.008992535	0.056984488	0.01428284	0.0048011085	-0.061321996	0.049220104	0.06268411	-0.010006616	-0.07288927
0.0033420655	-0.024701422	0.0353233	0.071052656	-0.060731955	-0.00481202	-0.059701025	-0.086861655	0.08018905	0.0012587246	-0.052722294	-0.0143581405	0.017644186	0.04269371	0.018841825	-0.034580924
0.043815203	-0.029632483	0.083354555	0.0044562747	-0.0665426	0.060863696	-0.024891235	-0.08377479	0.06582096	0.053313505	-0.062902324	-0.08321643	-0.006713573	0.056738876	0.06527516	-0.031550072
0.048408188	-0.084971845	0.048751064	0.0119702155	-0.074128695	0.021381183	-0.08803836	-0.016827174	0.0017124491	0.09192788	-0.052161332	-0.027632264	0.020282213	0.059851542	0.07627938	-0.039696537
0.08747416	-0.023893472	0.06890059	0.059646256	-0.058631647	0.0577772	-0.027515227	-0.022806568	0.07726639	0.045208838	-0.082023144	0.0043107723	0.00040174497	0.059127808	-0.01097579	-0.004522123
0.015739106	-0.05213472	0.08243614	-0.00057571626	-0.0012100479	0.08266106	-0.086445406	-0.03936552	0.07464057	0.019537274	-0.017772403	0.00077248184	-0.0058200355	0.060607843	0.010859911	-0.06491013
0.058631327	-0.07820984	0.008446102	0.07343839	-0.05187733	0.036314845	-0.0011387604	-0.050254244	0.0447776	0.03912969	-0.08739294	-0.018179536	0.007112687	0.0645715	0.08920377	-0.09053746
-0.007386277	0.031485442	-0.034485072	-0.019909812	0.02976314	-0.024673851	0.013637667	0.01601856	-0.07129286	-0.025622288	-0.009268952	0.013554457	-0.068575695	-0.053386904	-0.012908843	0.013941168
-0.019333886	0.06678144	-0.06448839	-0.049719922	0.015385682	-0.068717346	0.041103028	-0.008677149	-0.03225834	-0.040722314	0.0085956585	0.041668724	-0.04713702	-0.013304691	-0.052089516	0.004615566
-0.053339973	0.024493335	-0.08011363	-0.0009444575	0.03373517	-0.07656912	0.03534469	0.059222683	-0.053947877	-0.050151918	-0.0027480489	-0.016066493	-0.060349997	0.0016247992	-0.04229497	0.03737075
0.0012755812	0.025399014	-0.0812064	-0.011739956	-0.0054334877	-0.045892615	0.0079435455	0.031188235	-0.060316768	-0.016418135	0.021760125	0.05296754	0.015340026	-0.0293081	0.009884641	0.0056234985
0.0372011	-0.08491617	0.08649476	0.029289605	-0.09339931	0.060946245	-0.035061702	-0.08266622	0.006563742	0.00821266	-0.010885418	-0.08737114	0.080052204	0.06529207	0.017120315	-0.0045062755
0.037432	-0.022418546	0.054180726	0.045426555	-0.009704044	0.0064057577	-0.020482756	-0.038918696	0.037381776	0.05020792	-0.02482524	-0.0465609	0.05158257	0.045631293	-0.0063119433	-0.07368503
0.07731618	-0.049639404	0.070939526	0.05960912	-0.05219304	0.07765815	0.0021877547	-0.0015766125	0.05464643	0.015597286	-0.08639345	-0.023408154	0.0039139814	0.020838106	0.02161788	-0.03937525
0.07245192	-0.023142839	0.0574819	0.06549835	-0.07792149	-0.0020054558	-0.04556798	-0.060978945	0.056605134	0.07101869	-0.061526597	-0.061830707	-0.0057276953	0.06876493	0.04164423	0.006070758
0.027651452	-0.035201423	0.06355833	0.074823216	-0.026749529	0.04306724	-0.039309338	-0.019049605	0.00722136	0.0742081	-0.08151047	-0.019150319	0.05337991	-0.0068012816	0.013004133	-0.031357173
0.040956024	-0.054016583	0.08441216	-0.008820207	-0.010814128	-0.0046366253	-0.06915475	-0.031508956	0.0756825	0.0076704	-0.03986235	-0.062385976	0.05671701	0.005421182	0.038005736	-0.039167006
0.04949617	-0.026832692	0.003634218	0.07938861	-0.0887742	0.064060465	-0.08354371	-0.07702566	-0.0024312716	-0.0021957972	-0.08162099	-0.041957542	-0.009450423	0.078002006	-0.010280053	-0.03749476
0.03483575	-0.06690321	0.07021858	0.024825228	-0.05660391	0.07899719	-0.06689679	-0.019435782	0.0378987	0.009690857	-0.037963293	-0.011650625	-0.00058937113	0.042348143	0.044995535	-0.041805327
0.0252981	-0.07245585	0.016211849	0.05361411	-0.08665135	0.017398551	-0.04733137	0.0056828973	0.0015622388	0.020239962	-0.03474567	-0.06491829	0.011057225	0.0059130588	0.02460635	-0.036307003
-0.07067042	0.019073913	-0.052966665	-0.07880848	0.07953949	-0.0054951767	0.048777863	0.0014406844	-0.046087302	-0.0064332257	-0.004752207	0.059682798	-0.033732757	-0.00013534848	-0.02958487	-0.008281366
-0.048323605	0.05825272	0.0036730429	-0.08448656	0.031790923	-0.004181541	0.062230058	0.06998759	-0.08586645	-0.028195495	0.07139383	0.022200638	-0.033034727	-0.008747639	-0.02791898	0.077243775
-0.0020222648	0.028325621	-0.048648324	-0.042523175	0.073495165	-0.029071694	0.032323305	0.044854708	-0.05821728	-0.04230463	0.024735339	0.065084256	-0.020366557	-0.0038775895	-0.007647342	0.051367857
-0.039962612	0.08053868	-0.06993174	-0.07951629	0.035728514	-0.03494687	0.014884448	0.0012377944	-0.04072613	-0.06980563	0.07921268	0.05166315	-0.052551065	-0.015826048	-0.069687866	0.07562308
-0.005578088	-0.05560486	0.051137514	0.045214675	-0.031301852	0.025853911	-0.015341701	-0.015522819	0.062133845	0.07356363	-0.08422593	-0.05515128	0.03028269	0.04833062	0.003135732	-0.08361196
0.052556265	-0.04286902	0.08312806	-0.0052808174	-0.014777391	0.052344736	-0.018641647	-0.008503698	0.043747026	0.038130704	-0.022329682	-0.04925112	0.06589629	0.03350096	-0.0024797975	-0.06822009
-0.0056442833	-0.06614641	0.030478228	0.039377823	-0.07681124	0.058859453	0.008398646	-0.007305856	0.032772094	0.034969006	-0.017470645	-0.021308312	0.03820906	0.04621756	0.04219076	-0.06147755
0.05827046	0.004293762	0.065251864	0.02041941	-0.056219693	0.008493105	-0.08788445	-0.0030681626	0.0364642	0.07323524	-0.080574244	0.009645809	0.009449028	0.034168642	-0.006983854	-0.03575978
-0.0019417813	-0.03636238	0.008197872	0.06314636	-0.019602682	0.053749368	-0.068272464	-0.06561332	0.039719384	0.05508311	-0.034861136	-0.043981805	0.07401933	0.08434716	0.031290535	-0.08958699
-0.0070453235	0.057784095	0.008911917	-0.04297673	0.07545214	-0.012368024	0.0019559972	-0.0021990861	-0.0034982322	-0.0053755096	0.042063028	0.08109974	-0.062895976	-0.036743812	0.014279098	0.07270049
0.0049097887	0.037019737	0.010150163	-0.054082848	0.0035495055	-0.00629465	0.042785056	0.08233892	-0.084115274	-0.08060992	0.048961245	0.031714566	-0.0028056758	-0.06559092	0.0061527276	0.07353511
-0.042570777	0.00040757316	0.008074876	-0.0764813	0.05177402	-0.061944302	0.04609351	0.064266965	-0.0067769494	-0.05500316	-0.013433986	0.010756225	-0.056607787	-0.068414144	0.010197435	0.0246193
-0.00378625	0.05717299	-0.079522215	-0.075472884	0.007967501	-0.07167155	0.061796818	0.028553857	-0.04765423	-0.00723621	0.06566926	0.064150654	0.0182444	-0.082923636	-0.014586386	0.051453345
-0.06862886	0.030717824	-0.017358918	0.001897946	0.015949575	-0.06871993	0.027686378	0.071355835	-0.013534527	-0.008727277	0.019782702	0.024190303	-0.039702218	-0.06754962	-0.028179888	-0.009689229
-0.0059308023	0.04276604	-0.076777086	-0.0058044298	0.059467126	-0.068329655	0.05905653	0.0093680415	-0.09183417	-0.08591778	0.004398553	0.0531723	-0.07880605	-0.022384953	-0.07273318	0.081446506
0.054310262	-0.040230755	0.037864443	0.02479378	-0.086534314	0.08567258	-0.031797804	-0.053181063	0.071792595	0.0076671867	-0.07151849	-0.018000111	0.031764444	0.03569935	0.06861725	-0.05975325
-0.00012752929	-0.029607246	0.0012376441	0.014204026	-0.02081187	0.051791046	-0.060858455	-0.028736517	-0.00096419686	0.09422151	-0.06345727	-0.03596033	0.0061294595	-0.0060865097	-0.0073565235	-0.0019384545
0.08959678	-0.060499284	0.011616143	0.045954008	-0.044792455	0.08183142	-0.022790255	-0.084488295	0.00855488	0.013097335	-0.07023773	-0.05748553	0.0829174	0.067834005	0.044150572	-0.024354516
0.010491987	-0.031037778	0.0133789	0.009411006	-0.074620955	-0.0036904658	0.0032076316	-0.07368409	0.042391036	0.07747426	-0.008265699	-0.024228185	0.008805995	0.037253518	0.063157655	-0.030380929
0.043525428	-0.019513983	0.053321064	0.039207302	-0.05573648	0.08534051	-0.033107396	-0.083611056	0.009253321	0.0014261251	-0.079932734	-0.04145151	0.06521609	0.05160265	0.0035976067	-0.021976711
0.023541871	-0.061838962	0.027930284	0.08637982	-0.0064444635	0.07582911	-0.068247944	-0.0025906726	0.01502134	0.083139114	-0.058471307	-0.044829074	0.013577894	-0.003268198	0.007353962	-0.05961789
0.005008851	-0.025234371	0.02234022	0.04651519	-0.044952925	0.015469023	-0.01809208	0.0028573463	0.04989772	-0.0030537315	-0.06702997	-0.043336023	0.07844014	0.049385693	0.06020876	-0.072323576
0.058254633	-0.023804158	0.082646966	0.044766344	-0.018900303	0.036327	-0.081078336	-0.04402645	0.076517604	0.041801196	-0.040740702	-0.060279433	0.048389792	0.0027802824	-0.0076354784	-0.017143432
0.056237828	-0.06362864	0.00015402625	0.0049094255	-0.012593602	0.06133321	-0.089325964	0.0017457177	0.0034715463	0.014355073	-0.04737402	-0.07910686	0.021320468	0.037261225	0.014866223	-0.04068494
-0.034246083	0.009774162	-0.079457134	-0.07349758	0.046792325	-0.05637139	0.06560248	0.0046353424	-0.04325826	-0.08530155	0.026140451	0.06314155	0.0033696648	-0.06444885	-0.025804691	-0.001267145
-0.06979347	0.08003752	-0.08377349	-0.01734039	-0.0004242723	-0.053554952	0.03674098	0.08583976	-0.037956834	-0.05344869	0.042646337	0.0048893825	-0.07965865	-0.08191026	0.00061393436	0.03009836
0.09373585	-0.035346642	0.036347944	0.024664631	-0.009720069	0.029405255	-0.0011592347	-0.07455985	0.07251364	0.094915785	-0.07982735	-0.0054911976	0.04674361	0.05966216	0.03625926	-0.014739756
-0.077341564	0.038604125	-0.049896717	-0.01614639	0.017387465	0.004146506	0.032087207	0.082664385	-0.09192025	0.0044262777	0.04440517	0.05406965	-0.052657858	0.0006347257	-0.037473325	0.08218323
-0.0714201	0.031338375	-0.025518266	-0.06545642	0.05821181	0.010435679	0.015088051	0.0006236693	-0.03704362	-0.03361908	0.08450904	0.014093732	-0.013107596	-0.027970184	-0.006535773	0.062042996
0.018463586	-0.02712989	0.008087749	0.055568986	-0.012719904	0.03377038	-0.08454101	-0.07719699	0.07418327	0.066196926	-0.03385602	-0.060269974	0.063961536	0.034546513	0.025328305	-0.0135624325
0.08417607	-0.01868452	0.052468266	0.03921719	-0.026189597	-0.004127991	-0.054231692	-0.018429356	0.0004155015	0.08512049	-0.009697542	-0.009604306	0.079634935	0.027096312	0.0068096397	-0.08259088
0.07936795	-0.016355006	-0.005964078	0.03425793	-0.06107446	-0.0057671242	-0.023354985	-0.015320362	0.044817682	0.028090445	-0.07625192	0.0030302987	0.04125392	0.025037892	0.07388317	-0.021519313
0.0041886643	-0.0851286	0.024927692	0.004856414	-0.0019044227	0.08778331	-0.0072538094	-0.047407206	0.09124923	0.022939337	0.010275047	0.004901219	0.048638463	0.04392512	0.083167255	-0.0870001
0.08306227	0.0071479497	0.02303192	0.0521318	-0.007600795	-0.0018782772	-0.04642383	-0.07240902	0.01077811	0.08324044	-0.03748567	0.0076861843	0.053732574	0.012745571	0.08502236	-0.0068984446
0.016278137	-0.06303358	0.047220815	-0.00994876	-0.065708466	0.026702236	-0.061324235	-0.07386596	-0.0021488722	0.02097152	-0.020528276	-0.079490826	0.04416041	0.08093353	0.025866792	-0.034584306
0.07709292	-0.0510917	0.061397344	0.085433684	-0.0076633203	0.030825127	-0.060139865	-0.017084353	0.029222768	0.04617736	-0.03221322	-0.0697226	-0.010224094	0.04781571	0.018165642	-0.0057393117
0.068333544	-0.06979429	0.081245795	0.0072540822	-0.063050635	0.06795832	-0.031426016	0.002349373	0.03308981	0.08746207	-0.08119301	-0.020959688	0.06967306	0.07287157	0.079998404	-0.0735603
0.08573672	-0.06717088	0.08729661	0.06517031	-0.021878026	0.06562889	-0.079630494	-0.033996526	0.059133906	0.074721284	-0.0829586	0.0036524667	0.025689265	0.04197642	0.0065316926	-0.008996185
-0.07793691	-0.0066987793	-0.002290973	-0.014873462	0.003927249	-0.052606232	0.025591416	0.039863937	-0.016346851	-0.06934649	0.03644494	0.04582759	-0.028610168	-0.018110568	-0.00033080953	0.0801691
-0.049669266	-0.01081742	-0.06711408	0.009957455	0.012941926	-0.038088255	0.005894925	0.02584486	-0.015163585	-0.0036853878	0.08019671	0.042008955	0.0034675864	-0.029616028	-0.032344222	0.06975934
-0.018225882	7.501003e-06	-0.0070183286	-0.0046474724	0.0024069177	-0.014149214	0.05082992	-0.006006018	-0.06735234	-0.043601744	0.08459348	0.031137034	-0.024821034	-0.026273653	-0.008179424	0.080176085
-0.08694618	-0.0009724125	-0.070595115	0.001783365	0.054321453	-0.037330568	0.01641282	0.010652842	-0.07439846	-0.08352285	0.057164595	0.06769909	-0.028855596	0.00037423306	-0.043667827	0.036353886
0.047776632	-0.05493117	0.027759006	0.07008901	-0.053819798	-0.004585283	-0.029713128	-0.06347349	0.07192267	0.04719353	-0.064300284	-0.053445846	0.055346537	0.0042358018	0.006069325	-0.03015988
0.013517732	-0.04211179	0.037546862	0.04876916	-0.0830096	0.059834983	-0.019791987	-0.004556121	0.051494136	0.045419436	-0.009602357	-0.031295866	0.037962034	0.010679456	-0.004677914	-0.017702414
0.051734075	-0.08218441	0.017066497	0.07627407	-0.064266905	0.020010801	-0.019655006	-0.08708777	0.05831024	0.065990984	0.007849107	-0.07096957	0.07375741	0.09011038	0.008606667	-0.007917459
0.026356384	-0.060086343	0.04320608	0.07104666	-0.075735025	0.077095136	-0.08930154	-0.06282843	0.0033236356	0.0133118015	-0.08848909	-0.07105652	0.03546619	0.08893633	0.063005835	-0.05851007
0.064563714	-0.01804365	0.077174604	0.040584695	-0.0014554005	0.06781926	-0.066749156	-0.05295692	0.006650011	0.094672404	-0.05974245	-0.031376343	0.0566977	-9.188817e-05	0.031359214	-0.028065452
0.013547353	-0.022087818	0.036281474	0.07237525	0.002509953	0.03130851	-0.017238678	0.0015248128	0.05125593	0.09448812	-0.08659877	-0.0491719	0.046147387	0.089622945	0.079754375	-0.069899924
0.051957816	-0.037675116	0.06262807	0.014421042	-0.02016497	-0.0038941884	-0.013154269	-0.05266371	0.073738724	0.03732861	-0.0413945	0.0062719323	0.026933769	-0.004654412	0.0801511	-0.014521669
0.09192988	-0.06328616	0.036005024	0.03398716	-0.0077670882	0.031018496	-0.054959442	-0.07900023	0.036179826	0.06277889	-0.045480523	0.0012741896	0.06431304	0.08001242	0.07094654	-0.027119394
0.02493546	-0.06270983	0.04598605	0.010069695	-0.07362619	0.0895726	-0.07231225	-0.066435106	0.054715626	0.082395785	-0.07864904	-0.050322387	0.062417645	-0.0039725304	0.05575719	-0.0019939505
-0.07046213	0.04828154	0.010118803	0.0040363017	0.026431678	-0.07663314	0.053558096	-0.00456935	-0.028261922	0.003437427	0.08151752	0.010984278	-0.0016761918	-0.064120404	-0.04270224	0.016910685
0.052565888	-0.050559178	0.087093644	0.025279464	-0.012161412	0.062604666	-0.07946035	-0.06489635	0.029097408	0.034915894	-0.069751054	-0.055391382	0.011976347	0.09110543	0.043946434	-0.081138104
-0.021535004	0.043834623	-0.06382907	-0.048551768	0.025125401	-0.07173714	0.05098923	-0.0037964403	-0.035377532	-0.02381328	0.073370464	0.024977028	-0.085061885	-0.054115787	-0.027571721	0.0017582087
-0.07153725	0.08619359	-0.044655185	-0.0021431113	0.044891093	-0.0662041	-0.005472649	0.045050334	-0.06774129	-0.051640946	0.06892383	0.050643798	-0.00951099	-0.030339621	0.005928103	0.0009846231
-0.022100411	0.026746081	-0.06424669	-0.08468548	0.02197765	-0.047756024	-0.0014926188	0.039119754	-0.07538377	-0.023326317	0.00049733266	0.01954777	-0.032618865	-0.0087432265	-0.01972983	0.02898601
-0.076142274	0.041651186	-0.086731784	-0.017354835	0.014591032	-0.044760346	0.049913023	0.06640599	-0.014861845	-0.09329313	0.055502035	0.03914565	-0.03465791	0.0026628172	-0.041158505	0.07051645
0.00038299168	-0.074195355	0.08713659	0.080048926	-0.03920631	-0.002383275	-0.03346034	0.001544946	0.062155154	0.010295244	-0.048352677	-0.01557019	0.0072792377	0.053932875	0.0054126945	-0.05974562
0.016249046	-0.062109545	0.030964045	0.025204068	-0.047801435	0.033216253	-0.03508697	-0.04352428	0.033438828	0.070665665	-0.07312637	-0.07501721	0.07479156	0.07704306	0.06407247	-0.08792933
0.017050903	-0.066284426	0.074979514	0.07162758	-0.024221336	-0.009876953	-0.048994847	-0.07915567	0.07086392	0.06396901	-0.02582356	-0.015520175	-0.0053974916	0.07782324	0.026986783	-0.0404911
0.050386157	-0.0027151024	0.0022149428	0.050381664	0.014006919	0.052255515	-0.057485186	-0.03731653	0.021090126	0.06445077	-0.025956213	0.008728594	0.06342887	-0.016943317	0.0663806	-0.056502763
0.003395753	-0.060753647	0.07918055	-0.014454827	-0.06370096	0.042390313	0.01489535	-0.0059823	0.012867026	0.027648304	-0.06882575	-0.066598	0.0037583685	0.0356948	0.0009451585	-0.05359506
0.021737738	-0.028047217	0.054197505	0.06679103	-0.014386518	0.05242167	-0.049185198	0.0054893913	0.04308875	0.069223456	-0.03146666	-0.06186181	0.050165612	0.071689844	0.009738992	-0.01162625
-0.006924633	-0.012448732	-0.016127825	0.04383998	-0.011451519	0.046898354	-0.071267724	-0.068117455	0.06865494	0.05141671	-0.037435126	-0.0074888715	-0.0065940036	0.035241418	0.032425668	-0.01324148
-0.0036336612	-0.026421217	-0.0076034656	0.006758759	-0.06109299	0.03547085	0.0063543296	-0.077630386	0.0058496236	-0.012782809	-0.019832376	-0.014233856	0.03668579	-0.01590418	0.0638452	-0.061468516
0.07009034	-0.003155054	0.08757005	0.016519116	-0.09070539	0.035890326	-0.0026208763	-0.06882323	0.016349358	0.05791662	-0.058715858	-0.04857685	0.039589167	0.06167708	0.06553136	-0.060230616
-0.004075921	0.009834575	0.08483761	-0.008340535	-0.086904205	0.009456858	-0.058300592	-0.04917967	0.018667003	0.038047668	-0.015192295	-0.0026676194	-0.0050778007	0.034125887	0.049100794	-0.08843413
0.03687796	0.0004968314	-0.005740122	0.04372077	-0.037509155	0.028189952	-0.015241605	-0.084262736	0.030433191	0.018527325	-0.034496225	-0.037270017	0.063242875	0.072449684	0.04006541	-0.08678298
0.00064958277	0.012974811	0.011595372	-0.006188392	0.070213735	-0.052202526	0.027772004	0.026216744	-0.06855089	-0.07987849	0.060650326	0.0026435063	-0.04202817	-0.0030565362	-0.022184595	0.016703673
-0.06542429	0.04619647	-0.0659509	-0.06680879	0.049983658	-0.08339404	0.06398223	-0.011731589	-0.088453405	-0.04174972	0.0630878	-0.011785728	-0.0057023335	-0.031901337	-0.029922152	0.025109507
0.011203454	-0.00052554434	0.08927247	0.053589597	-0.014996482	0.049981076	-0.07358371	-0.03611826	0.0145876	0.05918264	-0.028486688	-0.019563481	0.048494413	0.06976375	0.021193603	-0.0651085
0.07662585	0.0046619903	0.001426815	-0.00056356785	-0.028046343	0.08453208	0.005484945	-0.06893561	0.030448051	0.036379557	-0.070537545	-0.019588716	-0.009372347	0.08498084	0.07318449	0.0034946115
0.0606554	-0.07269279	0.068339296	0.008651978	-0.030544214	0.063805856	0.001854142	-0.051605035	0.09477678	0.08887469	-0.031018384	-0.06321168	0.010717431	0.06974988	0.014372986	-0.085755534
-0.0027736877	-0.027644323	0.08490854	0.06574276	-0.013123111	0.04185373	-0.056409277	-0.07193164	0.014141244	0.018072313	0.0043704654	-0.036464576	0.0034258408	0.044726755	0.054358713	-0.009252516
-0.04470253	0.0168022	-0.07310356	-0.08032388	-0.0059865834	-0.047296453	0.039208267	0.042400856	-0.045272812	-0.05625663	0.011518629	0.07371252	-0.042117115	-0.009822963	0.01663288	0.04464474
0.006776327	0.06404925	-0.038606092	-0.050262608	0.05224121	-0.025124833	0.06569738	0.057547007	-0.059400514	-0.053241797	0.07293705	0.02418778	-0.035264716	-0.01643842	-0.048445065	0.06632459
-0.07647403	0.0143947955	-0.06277899	-0.0011566876	0.035313655	-0.03807524	0.077634245	0.033821892	-0.06446995	-0.040191248	-0.007654312	0.08186303	-0.06385409	0.0051593697	-0.038172435	0.08248848
-0.033532564	0.04265531	-0.027457258	-0.059491627	0.0123108355	-0.037546344	0.05974851	0.0049945605	-0.05749223	-0.0096195	0.03100027	0.029241895	-0.02530777	-0.07274468	0.016468441	0.06823044
0.07816819	-0.00025087924	0.06846514	-0.0029672417	-0.06895715	0.075344615	-0.08786957	-0.063050516	0.07439009	0.060031615	-0.06173612	-0.02022957	0.08279407	0.014280468	0.026109142	-0.06869957
0.054569736	-0.0674978	0.058246758	0.0022482923	-0.06435749	0.058137897	-0.0133266905	-0.042681545	0.0043055187	0.07706587	-0.03262772	-0.036230545	0.036270604	0.04854795	0.08169611	-0.055332143
0.06980823	-0.066302925	0.022631811	0.0516902	-0.053657405	0.038177527	-0.01351142	-0.08392295	0.079751775	0.07797612	-0.052075393	-0.05598761	0.026822003	0.060274247	0.08377297	-0.01942135
0.06712862	-0.07966319	0.074980214	0.057952426	-0.003897248	0.049977396	-0.030185947	-0.02128527	0.09463617	0.032081537	-0.0405758	-0.010415992	0.043536462	0.03983325	0.010336736	-0.02417549
0.04096708	-0.08705466	-0.00011590343	0.02902522	-0.05866366	0.03231956	0.008816127	-0.024304742	0.0033733933	0.029640365	-0.053999715	-0.034122817	0.07050516	0.01833941	-0.0037380771	-0.06265475
0.025951356	-0.0003519013	0.012404945	0.057883948	-0.03773844	0.06905546	-0.07729321	-0.032141715	0.03850254	0.012179802	-0.06564819	0.009595676	0.066297226	0.08627938	0.013820828	-0.060172573
0.07686405	-0.03205319	0.06107439	0.04612403	-0.07603267	0.015336646	-0.04842735	-0.031702764	0.093996465	0.094625674	-0.082749516	-0.039713703	-0.0034577125	0.05867754	-0.00034826965	-0.06678453
-0.0009594159	-0.066752814	0.03938563	0.077745184	-0.08267029	0.036846668	0.008168998	-0.03764196	0.07075198	0.009313718	-0.037309404	-0.06962926	0.05033734	0.032033466	0.078239314	-0.04798199
0.0017457355	0.06468397	-0.0005340547	-0.04084075	0.052856226	-0.00400236	0.05505147	-0.0049655004	-0.00843842	-0.0024352912	0.049720388	-0.00141419	-0.0509292	-0.05749511	-0.01887638	-0.0065586064
-0.08534733	0.010796238	-0.06861594	-0.012057737	0.05432323	-0.018611848	0.045436155	0.071207106	-0.06117735	-0.02002508	0.06587106	-0.014674231	-0.040426943	-0.009855814	-0.019722303	0.08617878
-0.0803999	-0.008077507	-0.012455842	-0.033836946	0.07331394	-0.008731847	-0.015141858	0.053200226	-0.051439345	-0.024418278	0.009768378	0.06957038	-0.022909824	-0.030414388	-0.06661955	0.047107622
-0.0846974	-0.01578855	0.013425357	-0.053844173	0.023299657	-0.035000127	0.04761984	0.03832883	-0.0051600817	-0.0849952	0.022075763	0.041829653	-0.031431384	-0.07468418	-0.023484	-0.0071142577
0.047468647	-0.0040279464	0.036577698	0.005251215	-0.008369768	0.08189328	0.009603558	-0.023760403	0.058943294	0.047762167	0.0067965793	0.006637411	0.06895014	0.036107652	0.058825426	0.0035796973
-0.002697917	-0.048589304	0.041800994	-0.008334306	-0.035305735	0.09114141	-0.04328407	-0.07933122	0.02836982	0.030634044	0.002155672	0.0007685309	0.01929149	0.0541435	0.0056432094	-0.090585455
0.089440204	-0.027376782	0.00088820705	0.013271033	-0.022685153	-0.0018430693	-0.012000218	-0.010884292	0.049978375	0.07494652	-0.011981238	-0.04745976	-0.006845584	0.06747791	0.08222735	-0.08628037
0.013130933	-0.07600251	0.030005977	0.04437485	-0.06473022	0.03535081	-0.039774474	-0.02255309	0.06332503	0.029321946	-0.08598088	0.0002570498	0.034813993	-0.0045883125	0.0148616545	-0.03713226
0.026420895	-0.07736396	0.08799123	0.060451023	-0.04861933	0.07507648	-0.058401052	-0.081306264	0.040598392	0.038766973	-0.001984312	-0.049832277	0.036843564	0.073332004	0.01779947	-0.08794823
0.059663996	-0.03975083	0.05033372	0.070391424	-0.020131087	0.04862489	-0.037956346	-0.034344535	0.039925802	0.055323258	-0.07014838	-0.04330664	-0.0050814883	0.07179156	0.041106522	-0.016735645
0.022417475	-0.007527232	0.08533517	0.059060194	-0.060006056	0.02027642	-0.018068748	-0.013013397	0.095990196	0.019445166	-0.07618885	-0.048488483	0.057915647	0.051703725	0.026867814	-0.010841189
-0.07244515	0.049941372	-0.08740466	-0.045031957	0.03268279	-0.078928016	0.08465263	0.039446324	-0.068918444	-0.04307993	0.0810641	0.06258472	-0.062109284	-0.01249503	-0.05769178	0.040120482
-0.014643732	0.046715867	-0.040634256	-0.039891273	-0.03275575	-0.001769668	0.08661434	0.057350647	-0.021488775	-0.08359876	-1.3548022e-05	-0.02000848	-0.07279963	-0.034611933	-0.050014395	0.02010671
-0.04757919	0.04054724	-0.0772402	-0.00914881	-0.026198866	-0.07293397	0.019893866	0.001052141	0.006182479	-0.010711949	-0.0071891635	0.032492213	-0.036993675	-0.04795331	-0.046062317	0.0031460735
-0.014690679	0.050766487	-0.06675074	0.011992814	0.06573449	-0.0027996374	0.031414412	0.058194887	-0.053436283	-0.00787666	0.008999609	0.045197986	0.012690281	-0.027851528	-0.05815888	0.063698456
-0.029303355	0.002457736	-0.033901002	0.008296229	0.039729442	-0.039519224	-0.0026273043	0.021202499	-0.010646518	-0.07787116	0.036260158	-0.016846078	-0.017539715	-0.028541777	-0.012881048	-0.014192535
-0.034658194	0.07407189	-0.033002414	-0.06341878	0.012339899	-0.073435366	-0.0041810567	0.07369388	0.012783253	-0.051180843	-0.007967504	0.009438575	-0.03830456	-0.04731142	0.00398736	0.036485024
-0.08725457	-0.008948265	-0.055429004	-0.027284304	-0.015099313	-0.0004230598	0.056810133	0.0701139	-0.016583586	-0.089187965	0.07673103	0.058547355	0.014557851	-0.042945214	-0.008474162	0.040450726
-0.060227692	0.057542708	-0.055902813	-0.07540543	-0.017998246	-0.08067579	-0.0056289514	0.06656142	-0.045418132	-0.023410281	0.010964138	0.041779824	-0.01798079	-0.040009283	-0.019063476	0.035992928
-0.0006209863	0.078266494	-0.02368379	-0.025223514	0.0002827967	-0.050513368	-0.003363826	0.06880699	-0.028223932	-0.049221873	0.03465662	0.013601908	-0.017403275	-0.044432893	-0.049316846	0.08973224
0.050608896	-0.077236295	0.042947374	0.010737291	-0.08075494	0.05232963	-0.044532385	-0.0674207	0.03388636	0.093468666	-0.010218598	-0.042255186	0.04110598	0.036605913	0.012872313	-0.07207544
0.006437691	-0.07002896	0.025424842	-0.003310146	0.0060475646	0.03217714	-0.05495719	-0.05001223	-0.004199428	0.017825864	-0.02092118	-0.08190751	0.0654152	0.027511513	0.022392215	-0.042275336
0.08053208	-0.027740074	0.02749585	0.058493383	-0.05029625	0.005040903	-0.03835171	-0.0551011	0.03272468	0.07994798	-0.02948945	-0.06890186	-0.0057666497	0.08937292	0.046497133	-0.037449572
0.07713925	-0.034623966	0.053977557	-0.0067723026	-0.04370573	-0.005260707	-0.05303951	-0.04233573	0.003510107	0.04589658	-0.014248464	-0.07398964	0.06525013	-0.0012981533	0.037628207	-0.06183133
0.0025629092	-0.03189117	0.037250824	-0.0058957133	-0.06166047	0.031883597	-0.06415091	-0.068079434	0.06605638	0.09048872	-0.07862619	-0.07995793	0.04569646	0.049385894	0.021206131	-0.08550591
0.021889778	-0.033651814	0.048628636	0.033005122	-0.06392663	0.06949552	-0.086353295	-0.07642359	0.08174002	0.082335785	-0.011953637	-0.013361852	0.07498925	0.055753615	-0.01164789	-0.0029752238
0.016809948	-0.06726382	0.031623468	0.033444744	-0.09223111	0.043740995	-0.025522653	-0.027968356	0.025861029	0.06335214	-0.018367797	-0.06463661	0.06047505	0.040184814	0.011944505	-0.060173023
-0.03471253	0.05570023	-0.057366792	0.00034561494	0.021730019	-0.057347063	0.074907765	0.030793134	-0.049104672	-0.03754464	0.08831881	0.082089365	-0.0047356826	-0.035350863	-0.016420903	-0.0021181041
-0.045132488	0.039526623	-0.022861456	-0.026636275	0.08398885	-0.08609918	0.058224823	-0.0042590527	-0.073342845	-0.07372105	0.012809435	0.035642605	-0.04222533	-0.059328426	-0.067404725	0.05144681
0.057682186	-0.0130546875	-0.002567097	0.06857198	-0.008209352	0.059112333	-0.06130301	-0.023164392	0.086159214	0.07236655	-0.049128387	-0.07537384	0.06450233	0.032480557	0.023340436	0.00024743282
0.049741406	-0.07542001	0.05027213	0.011467199	-0.017123556	0.025660424	0.008671529	-0.05533624	0.057200436	0.05710496	-0.063859105	-0.07615409	0.026947148	0.06972376	0.037508667	-0.07495681
0.060096785	-0.08128319	0.046062738	0.019872213	-0.010963945	0.04063649	-0.06928019	-0.018914146	0.04730158	0.046158165	-0.08258567	-0.015464451	0.056423962	0.07422482	0.05920291	-0.0017180339
0.012285628	-0.057481635	0.080198064	0.0228208	0.0005974091	0.080675304	-0.021855922	0.001675837	0.086482614	0.07903453	-0.06219263	-0.08541778	0.07107489	0.0011993924	0.025875537	-0.05236467
0.07827066	-0.014471573	0.022250582	0.029741444	-0.04251809	-0.0056660357	0.009125274	0.013050462	0.060028877	0.024768809	-0.057091825	-0.051892735	0.08022024	0.013858234	0.048989493	-0.031533454
0.0816853	-0.070856646	-0.01240321	0.02425769	-0.058444034	0.043328535	-0.04755523	-0.03429058	0.022704786	0.075023666	-0.024233919	-0.06513132	-0.0028180007	-0.0096113235	-0.011126823	-0.028072681
0.035724536	-0.039516266	0.03381808	0.03862106	-0.045412265	0.071441285	-0.028106848	0.0038128698	0.058422863	0.008280038	-0.02984682	-0.026846917	0.0748825	-0.00039884276	0.027343538	-0.01355078
0.012141991	-0.05967877	0.05875902	0.026645774	-0.08545716	0.08606363	-0.025239028	-0.041590527	0.010066617	0.007958891	0.0037185499	0.0047121975	0.022101143	0.06060845	0.0155900335	-0.03511249
0.02996673	-0.00029085606	0.032786824	0.068265885	-0.06513245	0.06860031	-0.030370545	-0.02395571	0.07750169	0.015206772	-0.08742988	-0.05174102	0.02400296	0.08160995	0.02023254	-0.07241455
0.018973012	-0.053155746	0.012763823	0.056100566	-0.020867663	-0.011235733	-0.01003084	-0.06398229	0.08731589	0.059587754	-0.06860557	-0.02087712	0.017554602	-0.0043952703	0.0019882594	-0.06514378
0.0899533	-0.08320779	0.017858533	0.07415791	-0.07293791	0.000121499965	0.010315944	-0.014430646	0.0437907	0.024222076	-0.061692454	-0.026695523	0.030321725	0.028830575	-0.0009807008	-0.044877294
0.045219522	-0.0858772	0.06474396	0.028181262	-0.07957954	0.060875393	-0.071370736	-0.012569066	0.046067826	0.05491838	-0.008140435	-0.07635439	0.053708136	-0.0016046431	0.035403006	-0.080148794
0.059104368	-0.07423888	0.0102034	0.03465226	-0.022314914	0.03494561	-0.01787774	-0.010144095	-0.003805264	0.07428421	-0.07242215	-0.020101294	0.08247965	0.088617764	0.01835342	-0.08680683
0.0501103	-0.06317658	0.040526614	0.03431958	-0.056353185	0.06367388	-0.060661018	-0.020347295	0.031561792	0.005079912	0.003329789	-0.023494314	0.068858385	0.055398434	0.039284457	-0.0012771469
0.012954859	-0.021735838	0.04221917	0.04897389	-0.053401638	0.023158442	-0.037348	-0.050966676	0.020911109	0.044315267	-0.060160197	-0.070670076	0.016382549	0.061573427	0.00886214	-0.05506563
0.03685187	0.010140423	0.010860887	-0.0035960372	-0.084435575	0.022126373	-0.030713119	-0.079385005	0.064175315	0.042108364	-0.0002902798	0.0012088058	0.054026365	0.024410224	0.051331785	-0.010171282
0.002817226	-0.056975216	0.05857616	0.007563091	-0.0579892	0.07656858	-0.0239012	-0.08206342	0.036778647	0.022693273	-0.054975394	-0.029740268	0.030832395	0.040144667	0.05345789	0.0036175463
-0.057770833	-0.0070098243	0.0040629185	-0.02855162	0.0015641582	-0.05370756	0.006054727	0.06986363	-0.050214384	-0.05363115	0.008343633	0.072883986	-0.0044741407	-0.0028399955	0.0021095576	0.06236124
-0.06897071	0.06325064	-0.027315555	-0.06284093	0.012200329	-0.030715523	0.07448333	0.07509048	-0.06162205	-0.05352515	0.066072725	0.007181489	-0.053937063	-0.028737253	-0.08434753	0.07775713
0.02850738	-0.06001429	0.035105027	0.032423504	-0.06273711	0.022552207	-0.06616908	0.0010002118	0.08000713	0.05765365	0.000859388	-0.050383903	0.029036315	0.009432839	0.050695613	-0.05583938
0.090681046	-0.07940663	0.04718847	0.08490597	-0.010595706	0.020064566	-0.009946284	0.0013730074	0.029078407	0.049762435	-0.04376005	-0.0002527983	0.08806813	0.089966685	-0.008129346	-0.049111538
0.084105045	-0.048944402	0.02472834	0.09014427	-0.08792519	0.08126204	-0.009652018	-0.07750624	0.076127395	0.063595	-0.079484954	-0.061571766	0.011139841	0.021409051	0.045737106	-0.06885987
0.021289755	-0.06293049	0.02355706	0.010107523	-0.005393219	0.006852358	-0.043708652	0.0028534054	0.022915535	0.05776098	-0.060885776	-0.0023244554	0.05392349	-0.0026327348	0.0026587308	-0.07965764
-0.014661778	0.058834255	0.01774615	-0.009508874	0.040397245	-0.05480793	9.790482e-05	0.02224243	-0.06346513	0.005505366	0.036269818	0.010343509	0.0031922897	-0.0573304	-0.020052077	-0.0038802414
-0.050975204	0.066231176	-0.009592285	0.0020075198	0.023996925	-0.031917933	0.0245179	0.07857308	-0.04491426	-0.020508284	-0.011037613	-0.009593087	0.015730392	-0.043056875	-0.031971343	0.014516212
-0.008320523	0.049789388	-0.047150716	-0.043297313	-0.0015876841	-0.0579637	-0.0031043747	-0.0028669792	-0.03944332	0.002545969	0.005205764	0.0438255	-0.07078182	-0.01182584	-0.01805585	0.068561435
-0.033833865	0.025192345	-0.05924596	-0.010582958	0.062215135	-0.012972439	0.025956316	0.059046134	0.0016818475	-0.059011336	0.04171792	0.055342928	0.012770209	-0.06317825	-0.013624735	0.03266828
0.021644231	0.00311153	0.0029322386	0.081388734	-0.056768555	-0.0037817513	-0.063349806	-0.0797689	0.0075354814	-0.00083239557	-0.06618428	-0.00935732	0.06514309	0.004385955	0.06656787	-0.016259542
-0.00020758576	0.024985304	0.006842462	0.0045862454	0.039343547	0.0014863842	-0.011669658	0.06694529	-0.08723208	-0.06283297	0.0032271123	0.012894836	-0.021521172	-0.06804241	-0.03895543	0.04047619
-0.028126294	0.061378393	0.013016439	-0.083365865	0.022008434	0.011944597	0.01743753	0.017119467	-0.008648985	0.008498336	0.06413369	0.047705326	0.009862318	-0.017658249	-0.021745713	0.0822183
-0.0029447142	0.06456844	-0.058390517	-0.015273382	0.03916869	-0.0067201853	0.07318627	0.05689786	-0.042376563	-0.01923284	-0.010969989	-0.011281402	-0.059616636	-0.07163367	-0.01596966	0.016752962
-0.0020429478	-0.081259474	0.04546135	0.024768803	-0.03136158	0.014449749	-0.07085769	-0.00040654765	0.04360158	0.06399051	-0.08513843	0.006420101	0.039557226	0.039976116	0.025358137	-0.056159373
0.0027363468	-0.012074948	0.027606193	0.03231856	-0.0072749457	0.027806677	-0.018665634	-0.06063875	0.070070796	0.06297515	-0.08616279	-0.08159829	0.06522945	0.004546902	0.03864125	-0.013666271
0.03733235	-0.082161404	0.006457568	0.03423882	-0.09396721	0.043330096	-0.073950216	-0.046206467	0.02968832	0.025094189	-0.008570304	-0.08086	0.070166074	0.033316564	0.06377143	-0.02803195
0.057168633	-0.043717816	-0.0028924206	0.04455963	-0.03206432	0.029368734	0.0017589711	-0.05620452	-0.00090373727	0.032668635	-0.07775315	-0.0129671525	0.045504846	-0.0022660147	0.07832895	-0.0046403944
-0.032083698	0.04757185	-0.049066126	-0.028899875	0.07337657	-0.06765406	0.05487802	0.05983916	-0.0643285	-0.0021990403	0.011810303	0.018582871	0.0101587605	-0.08136464	0.017037164	0.008087883
-0.0504947	-0.011100672	-0.03417047	-0.014035567	0.06262154	-0.012006323	0.003107659	0.077218376	-0.0048392327	-0.03262079	0.0012450449	-0.004739249	-0.011289535	-0.02526799	-0.0034382646	0.0040604384
-0.047263794	0.068787225	-0.00025203862	0.000112220725	0.08514156	-0.045503106	0.071875714	0.06630529	0.004380012	-0.0055413046	0.057112336	0.07137191	-0.06191614	-0.026676541	-0.000874478	0.07970928
-0.015608825	0.06641404	-0.070203185	-0.024970904	0.07097996	-0.046587132	0.018265799	0.013978472	-0.038971636	-0.022937661	0.044988543	0.031787183	-0.031043958	-0.033799186	-0.032472275	-0.005129001
-0.06560033	-0.0022833261	-0.030640176	-0.035320297	0.039486013	-0.084212996	0.029872308	0.0067252796	-0.058943793	-0.017055612	0.016832804	0.008401612	-0.076787084	-0.087776	-0.06811374	0.090407565
-0.041963372	0.03960106	-0.053679034	-0.01901503	-0.0050599477	-0.012225749	0.048508372	-0.0063301595	-0.08280886	-0.04720356	0.0037603173	0.0601942	-0.046358068	-0.08225124	-0.03245556	0.08056134
-0.081563026	0.04934151	-0.06602146	-0.06303724	0.019020006	-0.08910813	-0.008586284	0.085034505	-0.035146847	-0.0089016175	0.06424119	0.07683702	-0.041711275	-0.039850704	-0.06929361	0.056444608
-0.060269345	0.059238125	-0.024595844	-0.022347225	0.032685176	-0.035180468	0.031837687	0.00019584199	-0.043780364	-0.010818716	0.08455171	0.039666854	0.004104328	-0.011605493	0.0055318894	-0.0050561638
-0.049864907	0.038745854	-0.06876262	-0.034639187	0.038378023	-0.026143374	0.04926277	0.046526197	-0.019892363	-0.05422313	0.043025736	0.038614452	0.013946608	-0.015581423	-0.05393205	0.084045514
-0.022909086	0.0068142503	-0.032677	-0.06716996	0.067814305	-0.028718738	0.022732107	0.05049311	-0.01414414	-0.043978136	0.0729689	-0.0132895885	0.010277507	-0.037122343	-0.078196205	0.08803146
-0.045741793	-0.006767286	0.0022120962	0.009528373	0.009710701	-0.07662704	-0.01074302	0.036031198	-0.0018279483	-0.027422193	0.053336695	0.016732771	-0.042835202	-0.032638215	-0.05797071	-0.0028896336
-0.00189864	-0.08951552	0.038865857	-0.0011916608	-0.008657503	-0.0053447247	-0.069364615	-0.054527376	0.076028116	0.00798079	-0.0039729383	-0.008522094	0.024020107	0.07558745	0.05178235	-0.07698578
0.0369388	-0.06948349	0.089067616	0.075661995	0.0028288998	0.009128462	-0.06682749	-0.0375527	0.06500819	0.030170966	-0.061283108	-0.009280069	0.09014194	0.06602395	0.041191604	-0.0028051957
0.03037428	-0.046666645	0.055650767	0.02501123	-0.04823845	0.055175908	-0.07423429	-0.08886237	0.013848497	0.09485505	-0.08958507	-0.022311687	0.08560153	0.03413725	0.047993526	-0.086953126
0.07795846	-0.035221454	0.023387074	0.0061315354	-0.0163178	0.034525514	-0.019614652	-0.06426325	0.07607192	0.05325511	-0.053599197	-0.0023146677	0.0072058477	-0.0039855037	-0.0075809695	-0.08174033
0.08597876	-0.0044623544	0.045005243	0.056447867	-0.07767016	0.023365043	-0.053297237	-0.017035715	0.0295925	0.012072593	0.004320956	-0.00056404015	0.0783452	0.087740995	0.077121906	-0.0013885982
0.021368735	-0.07060808	0.0010525234	0.07493222	-0.0030702099	0.029836223	-0.090751134	-0.06549849	0.09144098	-0.008355189	-0.04100824	-0.036852002	-0.0076300623	0.019638488	0.03956247	-0.08747583
-0.019948315	0.0792997	-0.049034916	-0.03541982	0.012560459	-0.0141221825	0.013631195	0.08223743	-0.032636013	-0.07922609	0.04098024	0.025322318	-0.045272335	-0.08159143	-0.06788485	0.040816925
-0.011999963	0.020496279	-0.0366325	-0.06962305	0.025471214	-0.055983614	0.01806669	0.03244151	-0.015043057	-0.05912311	0.038919766	0.075212605	-0.051642507	0.013287591	-0.009838009	0.038461056
0.0021608875	0.05960785	-0.0099390475	-0.009848933	0.0026182265	-0.0359999	0.041369587	0.08060449	-0.07808754	-0.02174393	0.002783274	0.0615271	-0.058756046	-0.015773274	-0.07790446	0.055468064
-0.027827969	-0.004794846	0.008742682	-0.030364456	0.021312954	-0.049741887	0.035682518	0.059321176	-0.029510943	-0.044607103	0.03278536	0.042475235	-0.05618801	-0.059281122	0.008099388	0.05451
-0.056312744	0.081664704	-0.018729633	0.0051501626	0.032945603	-0.04729095	0.037560888	0.040068977	-0.07779343	0.00031874081	0.08252128	0.037568934	-0.01520617	-0.0043724934	-0.009754289	0.049816046
-0.06720909	0.012421009	0.011463904	-0.045944948	0.04597823	0.007865862	0.07104975	0.00022639881	-0.0044156434	-0.05704925	0.03895775	0.051765658	-0.029543612	0.0015375984	0.004966599	0.06245665
-0.004486325	0.072055034	-0.02917498	-0.0761234	0.088585	-0.009650644	0.05929486	0.011486143	-0.05005723	-0.0852678	0.016270878	-0.011340288	-0.0046073725	-0.03934374	-0.045275778	0.07342369
0.043799333	-0.08439418	0.07443213	0.0013845727	-0.0030958531	0.042357277	0.007135777	-0.040384	0.0035866564	0.017673552	-0.013584263	0.0018216454	0.06716139	0.052754354	0.029012568	-0.016476186
-0.002012401	-0.031536147	0.0041548614	0.082219765	-0.02350927	0.08014023	-0.051055513	-0.086644486	0.044106673	0.09355569	-0.019693308	-0.054306634	0.034571193	0.07001035	0.003539008	-0.08613922
0.08962546	0.0038655635	0.091182984	0.05464543	-0.089885905	0.0119314715	-0.014434946	-0.004714018	0.01682678	0.029055065	-0.058699187	-0.07378585	0.040521648	0.045570467	0.048191804	-0.04678359
0.08572796	-0.023139035	0.077764526	-0.006637665	0.0006811701	0.019159632	-0.056340978	-0.027524365	0.046074737	0.042886283	-0.056567546	-0.06098958	0.05653997	-0.0023754088	0.024837343	-0.061782222
0.009818644	-0.05448122	0.020466225	0.03290428	-0.060855016	0.025621349	-0.00920556	-0.06502658	0.07504711	0.046685066	-0.02500217	-0.060630873	0.02150343	0.022166647	0.032194674	-0.071795054
0.03356253	-0.016196659	0.07441531	0.017620366	-0.06931366	0.01984026	-0.08816112	-0.08189586	0.06916741	0.034988295	-0.046387907	-0.018489948	0.029261502	0.05447781	0.08082714	-0.003150774
0.0087898355	-0.043017395	0.036488473	0.062023517	-0.023239277	0.042768408	-0.067742236	0.006082698	0.04245406	0.06779829	-0.07876646	-0.012455407	0.08367332	0.04992829	0.084241964	-0.031744085
0.0383301	-0.07701378	0.048621148	0.041065518	-0.015960626	0.02675201	-0.07992148	-0.03372296	0.09421302	-0.00037200915	-0.0787118	-0.06396683	0.07876552	0.0018581704	0.01578226	-0.039564118
-0.005226349	-0.08251832	0.07542317	0.016293615	-0.045782574	0.051771685	-0.051233094	-0.0026311802	0.0538147	0.040233813	-0.025357444	-0.0075119073	0.018603813	0.016416235	0.047405418	-0.061182074
-0.00061038404	-0.087054364	-0.006569428	0.043777943	-0.054234453	0.050517477	0.0052416613	-0.061163656	0.023537083	0.07297741	-0.016550537	-0.013393148	0.06896511	0.025150437	0.054346617	-0.054145835
0.08756587	-0.015454326	0.05446414	0.036815573	-0.038927548	0.045766406	-0.08545094	-0.053393267	0.0432295	0.03399986	-0.010608761	-0.0047410047	0.04979655	0.017329087	-0.006904734	-0.059895527
0.06903593	-0.03453248	0.073005006	0.039017253	-0.017014038	0.04245684	-0.08901478	-0.05680131	0.08055044	0.085441455	-0.06307028	-0.06466835	0.05048792	0.05889406	0.06886173	-0.05915189
0.075794294	-0.008920097	0.023358155	0.024660485	-0.08497079	0.063637674	-0.019957129	-0.030480437	0.05046774	0.08696601	0.006645399	-0.04400494	0.06864229	0.09207392	0.004657291	-0.025152618
0.0068109822	0.07958419	-0.05143869	-0.035098016	0.09263591	-0.06457508	-0.012540985	0.06798059	-0.093202084	-0.083425626	0.016884964	0.05470205	-0.06413476	-0.07475086	0.013318192	0.061173864
-0.054088943	0.07816775	-0.029253602	-0.038142674	0.05796017	-0.05169335	0.059933905	-0.0006926068	-0.038877565	-0.041803863	-0.014400388	0.066625856	-0.05346793	-0.020380856	-0.0065258862	-0.0045826132
-0.015575224	0.045449313	-0.019239528	0.003224653	0.038216595	-0.056617	0.07716007	0.0069229994	-0.0879571	-0.019903058	0.08016233	0.06176135	0.016926093	0.012805543	-0.08033636	-0.0130011365
-0.06858148	0.07170563	-0.009646261	0.0034522132	0.038494583	-0.07714358	0.041705232	0.046886764	-0.042840887	-0.029345427	0.0374121	-0.009871506	-0.006795103	-0.08398261	0.0032314393	0.03006604
-0.035579544	0.009747767	-0.07402241	-0.04512654	0.07957006	-0.08004766	0.013075927	0.020393567	-0.042178094	-0.09019387	0.08123503	0.033218537	-0.03158893	-0.0038759804	0.016690513	0.08303741
-0.07501663	0.039111227	-0.013661428	-0.03632624	0.07107576	-0.08066365	0.049081966	-0.014724081	-0.08035138	-0.060280554	0.043672435	0.04569882	0.016910445	-0.016473686	-0.05099106	-0.006715773
0.03281166	-0.019749643	0.06539795	0.05646536	-0.05058855	0.08283958	-0.060343914	-0.042527966	0.09768551	0.08527102	-0.021640407	-0.08978757	0.023585124	0.05835371	0.06416102	-0.006485899
0.04220246	-0.086670436	0.0046486217	0.067935534	-0.03920546	0.0644983	0.0023611744	-0.06982661	0.012266906	0.04023488	-0.087642185	-0.021020303	0.00037871784	0.055718187	0.038824704	-0.047106974
-0.031844903	0.054686118	-0.08553711	-0.04685555	0.044760577	-0.06387807	0.036893398	0.013232299	-0.06457409	-0.015128114	0.01065088	0.058166195	-0.062252544	-0.055073366	-0.05553997	0.06252802
-0.07311584	-0.005753664	-0.06308004	-0.07378222	0.07958782	-0.030088874	0.02314366	0.01814898	-0.058903024	-0.02052579	0.012991735	0.02439591	-0.0036839035	-0.022694224	-0.031608503	0.07562852
-0.035451367	0.057333644	-0.025276516	-0.03185561	0.0053422265	-0.019034356	0.004257607	0.0661066	-0.07100695	-0.055313256	0.03777975	0.06114958	-0.025203979	-0.046271753	-0.0115282675	0.008164102
-0.00306221	0.0665322	-0.06500565	-0.038133767	0.073584214	-0.0068734125	0.019210724	0.075997084	-0.05117751	-0.036781758	0.017085277	0.051129583	-0.005111368	-0.008269063	-0.0224186	0.026346156
0.05045033	-0.070638776	0.0098181125	0.041304927	-0.09191241	0.0006114209	-0.059784736	-0.040290155	0.03868695	0.09550056	-0.045038864	-0.05928844	0.038144775	0.016210401	-0.00796983	-0.029561847
0.06438932	-0.0105486	0.0015621316	-0.00031810388	-0.07172406	-0.0022330119	-0.07271441	-0.04777518	0.0950725	0.021512128	0.00068206736	-0.08111142	0.0017957737	0.019983554	0.0849343	-0.023823751
0.07455183	-0.026021466	0.064535744	0.005469318	-0.078884214	0.0006837707	-0.08045947	-0.026101148	0.023382425	0.04529018	-0.08645481	-0.004534699	0.020563353	0.07130379	0.03067961	-0.0011147525
0.019335244	-0.015194275	0.04093189	0.05211069	-0.018898966	0.025850996	-0.045389943	-0.05847343	0.07319933	0.050717164	-0.06289436	-0.014572074	0.036234397	0.062262762	0.08577555	-0.06653042
0.0012651379	0.04977022	-0.021162916	-0.014075834	0.014846105	-0.028254712	0.03128981	-0.0011691342	-0.04057765	-0.032352272	0.0029147028	0.058877207	-0.020819485	-0.080046296	-0.057841517	-0.004295885
0.007629413	0.08317452	-0.07515754	0.009611955	0.08634193	-0.041864008	-0.011874046	0.034868736	-0.02144101	-0.06786734	0.0028999208	0.043932095	-0.0485557	-0.015217251	-0.07497598	0.080572456
-0.06318802	0.0030081116	-0.037879743	-0.02893893	0.0046797036	-0.008296797	-0.0064660828	0.05075512	-0.08628426	-0.0106517	0.00054538174	0.08041193	-0.060018405	-0.03270571	-0.083353214	0.08262698
0.011058967	-0.03166836	0.01840484	0.023215272	0.0016019135	-0.003703869	-0.059459917	-0.0027963147	0.057240356	0.059761785	-0.048400614	0.0043210853	-0.009703957	0.018333675	0.048146218	-0.07526361
-0.013976252	0.03399922	-0.026910692	-0.058922566	0.019361094	-0.029653499	0.083590016	0.07343708	-0.0064919232	-0.090089455	0.042996146	0.03486929	-0.0187479	-0.051401358	-0.026715288	0.0050092926
-0.05360052	0.01201348	-0.07452766	-0.08287736	0.08051998	-0.07717092	-0.0029189838	0.08608365	-0.04751254	-0.041629158	0.07125213	-0.012812515	-0.04303216	-0.06307324	-0.029313851	0.09115151
-0.06254471	0.051204994	-0.01500071	-0.075567715	0.035195794	-0.07651344	0.065922275	0.062171184	-0.07766253	-0.003989556	-0.009105828	0.019981662	0.0122083975	-0.0053171595	-0.030596256	0.07667126
-0.047561128	0.015798606	-0.034668434	-0.014140718	0.034734055	-0.035496276	0.06292503	0.07204525	-0.0843635	-0.021830773	0.07492396	0.06622661	-0.05620799	-0.042585984	0.013105664	0.022506844
-0.057774235	0.00855516	-0.05731928	-0.07174293	0.060741358	-0.03889831	0.076661624	0.0021143234	-0.010986457	-0.015289107	0.003603495	-0.009353476	-0.032827232	-0.088046536	-0.03607519	-0.0005727871
-0.047863893	0.027539276	0.007683888	0.0019718143	0.0917086	-0.074868284	0.0017715535	0.07668699	-0.07848056	-0.09643468	0.02326907	0.00079798844	-0.07640504	-0.08091059	-0.013983321	0.032087516
0.04036391	-0.0037754646	-0.0052263634	0.09067526	-0.050458964	0.06970052	-0.0581151	-0.044280093	0.06446214	0.048087623	-0.068857014	-0.07034254	0.0076811993	-0.003974026	0.07045418	-0.06853635
-0.0035799714	-0.050197918	0.03934708	0.055287465	-0.08936982	0.033931635	-0.06266021	-0.08292511	0.082020566	0.08923563	-0.07034165	-0.046380624	0.074716225	0.05033923	8.285047e-05	-0.07704785
0.040456634	-0.042489234	-0.00534251	0.031876873	-0.045779236	0.018569028	-0.089007124	-0.0010212081	0.06851424	0.0926083	-0.058879904	0.005198522	0.016437542	0.05046559	0.011418804	-0.034538925
-0.09080635	0.02460458	-0.07871913	-0.08260724	0.0055606933	-0.030769134	0.06729619	0.080982395	-0.08517803	-0.04340568	0.06793785	0.038280733	-0.06795512	-0.027139548	-0.025292112	-0.0013828573
-0.07245971	-0.0047087157	-0.051040746	-0.0722556	0.08022555	-0.0493255	0.0203999	0.08067932	-0.05382995	-0.03579808	0.004342348	0.04510001	-0.009758779	-0.021271048	-0.01970067	0.02915212
-0.07152403	0.033211034	0.002271135	-0.029269403	0.02861123	-0.07363851	0.018767012	-0.0011172568	-0.05513194	-0.03755481	-0.0056568393	-0.0016224992	-0.005234023	-0.07585147	-0.0013032467	0.08467466
-0.040097207	0.07086824	-0.027057068	0.009219459	0.044680707	-0.037047517	0.013939691	0.0137030585	-0.08413895	-0.07040333	0.020265484	0.03188447	0.013026314	-0.051463377	0.00069548894	0.05887503
-0.07506027	-0.0022394299	-0.02017314	-0.08699372	0.001449586	-0.06984855	0.0829889	-0.0023719666	-0.084323466	-0.048424486	0.06000734	0.07085043	0.00887483	-0.027341899	-0.0320698	0.019603914
0.000103871855	0.043354698	-0.0055782916	0.011566228	0.06790079	-0.021920191	0.022100845	0.08380905	-0.08516355	-0.08921744	-0.013716513	0.050868727	-0.05935378	-0.0060860394	0.011891409	0.07942306
-0.081810616	0.025475327	-0.006610862	0.0021144992	0.042536505	-0.014884971	0.020427467	0.022954257	-0.031231621	-0.022009572	0.026375253	0.03170757	-0.0121792	-0.07853194	-0.0709336	0.075301036
0.08759618	-0.04825021	0.012651991	0.08630456	-0.02770169	0.0792433	-0.021990817	-0.058663707	0.029319936	0.023651615	-0.031012656	-0.048072662	0.0707602	0.0071711093	0.0008505064	-0.025926972
0.028906915	-0.045269974	0.062834986	0.014789832	-0.009050508	0.033371225	-0.01995095	-0.012778065	0.018137198	0.041887652	-0.08855163	-0.04561159	0.0034708767	0.09013247	0.07884938	-0.013826352
0.04982078	-0.036035884	0.072569	0.08208276	-0.073221564	0.049953487	-0.08811793	-0.05830659	0.055492043	0.078346714	-0.0538327	-0.007974795	0.011204682	-0.0070495433	0.018878253	0.003733377
0.086856075	-0.023656303	0.035484187	-0.0067022834	-0.06209039	-0.001812621	-0.03418433	-0.0023804875	0.06961029	0.052976917	-0.054653484	-0.0693076	0.033242684	0.040509615	0.06272956	-0.022685625
-0.061758496	0.017490327	-0.023125585	-0.019670095	0.08492065	-0.030470854	0.041254085	0.025713237	-0.08703588	-0.013593689	0.017747361	0.027973203	-0.07143064	-0.013602268	-0.015998017	0.038783383
-0.06355248	0.0098642735	0.0034930245	-0.01557014	0.029205978	-0.08479718	-0.008019394	0.066322595	-0.024618963	-0.041053753	0.07274651	0.010972886	-0.07994449	-0.05640877	-0.005828182	0.0572365
-0.08656093	0.046416115	0.01311175	-0.04300834	0.033262163	-0.0015855269	0.024304818	0.072245315	-0.07937795	-0.07754499	0.010719098	-0.016515845	0.0078525515	-0.0416771	-0.022173038	0.04454521
0.08082419	-0.030184338	0.058093745	-0.011352735	-0.08917431	0.07771017	-0.08486883	-0.07907735	-0.0012029719	0.024022378	-0.013830251	-0.044846322	0.04981461	-0.008362195	0.076300554	-0.0072704195
0.079725504	-0.016296476	0.0024281512	0.0136804	-0.0925845	0.021390945	-0.07632539	-0.01691459	0.016226636	0.055468485	-0.032373	-0.062860556	0.022446321	0.017986765	0.018240979	-0.06796853
0.067237526	-0.07376268	0.03094079	0.06793862	-0.005781097	-0.0076690796	-0.07570998	-0.06060446	0.027494244	0.010813691	-0.02263416	-0.081905566	0.05052336	-0.006583879	0.06884998	-0.07950964
0.0031168605	-0.060152195	0.027682412	0.029868752	-0.08806902	0.017541608	0.0030281283	-0.009417535	0.096784376	0.072087854	-0.0651605	-0.011334082	0.06807082	0.044629574	0.07152218	-0.082408234
0.018904475	-0.032170072	0.07791645	0.014503418	-0.011289474	0.019547788	0.00037229457	-0.0018448124	0.10078355	0.034375735	-0.026491433	-0.044243474	0.0011579462	0.07224833	0.023049308	-0.02346428
0.058200765	0.008929456	0.07888474	0.0829376	0.00066658936	0.044122804	-0.037758164	-0.08732263	0.019806907	0.017383542	-0.07825895	-0.06542737	0.0021694584	0.008448708	0.086068146	-0.04128177
-0.035703417	0.049082458	-0.0676624	-0.0069425222	0.070929855	-0.022630801	0.04273792	0.028877312	-0.057110623	0.003972225	0.019849248	0.04931195	-0.037375536	-0.013156669	0.008627366	0.0211038
0.009182224	-0.061857615	0.047944132	0.02364245	-0.075414166	0.08304351	-0.08131031	-0.04922169	0.090857245	0.09449313	-0.030652717	-0.05569165	0.042271107	0.074080735	0.022216167	-0.011518976
0.051418	-0.027896708	-0.008732521	0.071973026	-0.050650936	-0.00043135506	-0.05278354	-0.010323979	0.048446458	0.027141182	-0.035873238	-0.046427432	-0.0037161007	0.021602144	0.010924487	-0.021714054
-0.0046199257	-0.00906522	0.08241084	0.030470593	-0.057253305	0.023713281	-0.0020001852	-0.033175103	0.006831984	0.07274214	-0.02687767	-8.586364e-05	0.04925732	0.015718604	0.023339488	-0.019655922
0.012865879	-0.012357467	0.05448467	0.03566285	-0.052664097	0.047723748	-0.02647456	-0.0038526193	0.06370495	0.074421495	-0.058452222	-0.0008969753	0.0275897	0.03790412	0.04642684	-0.035361882
-0.00027844752	-0.03942188	0.043785717	0.054378007	-0.0046308525	0.004267219	-0.03494764	-0.026552862	-0.0026611586	0.05740495	-0.018506698	-0.08073031	0.07242498	0.035442967	0.074501544	-0.0040596537
-0.019578626	-0.008190017	3.4570796e-05	-0.040808655	0.04456357	-0.08292097	0.067744955	0.015064155	-0.07528782	-0.08207424	0.076613925	0.054781694	-0.049257256	-0.07075565	-0.043614928	0.053624626
-0.08542925	0.043788735	-0.083376214	-0.006300991	0.09202618	-0.0692104	0.0399093	0.08031859	-0.0540362	-0.078594044	0.06082462	-0.008544931	-0.020101503	-0.06747922	-0.010981686	0.06386676
-0.056637462	0.04069987	-0.0133501785	-0.080691054	0.04300334	0.0036669408	0.080247335	0.06409651	-0.048452348	-0.03338626	-0.0106586935	0.002437509	-0.043784387	-0.047593966	-0.06660905	0.041102365
0.051028777	-0.047419414	0.0715613	0.028342433	-0.036824226	0.01608245	-0.07601248	-0.048674207	0.070756055	0.027304525	-0.037003182	-0.051052976	0.057312436	0.06304382	0.0402911	-0.09005757
0.0072847577	-0.040141266	0.023337075	0.08578473	-0.027684404	0.0003026995	-0.007937688	-0.04204577	0.030924095	0.06512501	-0.010335582	-0.015272681	0.077042386	-0.0055009685	0.01610776	-0.0797221
0.07951454	-0.03280107	0.066420704	0.07048899	-0.06332269	0.03336947	-0.013336478	0.006367453	0.06629055	0.02466971	-0.06903209	-0.055476703	0.022651482	-0.0019475408	-0.00063377357	-0.031992953
0.08330353	-0.008158687	0.027645005	0.05209316	-0.06944107	0.028137775	-0.035730373	-0.03251096	0.06663841	0.030602124	-0.08900619	-0.056961264	0.08111042	0.011911786	0.01957812	-0.07523022
0.014737879	0.0037565154	-0.0056545017	0.06292999	-0.026306536	0.026280103	-0.070824884	-0.07182765	0.0031103417	0.06910422	-0.08884275	-0.06968358	0.07712989	0.020778107	0.008960499	-0.034285292
-0.07389098	0.034602392	-0.057595517	-0.059929553	0.09336397	0.00610742	0.018936533	0.013666516	-0.091321155	-0.031445548	0.0071446206	0.040822506	-0.04336965	-0.031458665	-0.046547096	0.005265016
-0.002788474	0.018075375	0.010963932	-0.040191457	0.042471893	-0.05112689	0.027246997	0.0084916465	-0.01420565	-0.073689565	0.019240674	0.07170645	-0.045882262	0.00015598808	-0.042589933	0.04168576
0.045836024	-0.024004782	0.049483713	0.024652816	0.0062438883	0.06595574	-0.08073856	-0.01792455	0.0031322546	0.07200722	-0.0058776685	-0.015436961	0.025967574	0.03203762	0.044944108	0.0059648617
0.078234084	-0.024795877	0.020223271	0.0065040234	-0.060015105	0.0015869434	-0.07151825	-0.0094636595	0.04277922	0.08082158	-0.040741	-0.066727065	-0.011740881	0.015049328	0.053969905	-0.07466845
0.078203194	-0.027123353	0.08149879	0.07023732	-0.007661039	0.003963568	-0.048771247	-0.052037932	0.096887775	0.066697076	-0.044858146	-0.008847854	-0.005630048	-0.008682196	0.08576776	-0.08244909
0.085088804	0.005044274	0.07091835	0.009433833	-0.07542544	0.063762106	-0.07180275	-0.032965153	0.06077106	0.057000175	-0.03234169	-0.061968252	0.08917441	0.032954644	0.047076546	-0.029881775
0.05895662	0.0045479657	0.020335067	0.00460923	-0.08427509	0.059211694	-0.006901131	-0.0596202	0.016441412	0.089377284	-0.052369606	-0.071400225	0.06117366	0.036645226	0.07736442	0.0050799963
0.03235994	-0.028743612	-0.0071613197	0.07257213	-0.08909271	0.059951294	-0.0016095708	0.005593972	0.049166825	0.07481087	-0.0071426765	-0.04211907	0.0015607461	0.005207677	0.05744913	-0.05829358
0.053709984	-0.076036505	0.0015153846	0.010511635	-0.092958264	0.05981743	-0.07278175	-0.010230732	0.08160232	0.053192414	-0.0003207697	-0.05313865	0.087139525	0.071434565	0.076181486	-0.02598318
-0.05119181	0.077966966	-0.010557575	-0.06145834	0.0067237	-0.015901688	0.015773516	0.08372608	-0.028725855	-0.041144703	0.08351426	-0.004844014	-0.034671184	-0.05027278	-0.07542186	0.06645994
-0.024197666	0.02298319	-0.041672617	-0.047320705	0.0658577	-0.019236147	0.0047621164	0.0449734	-0.0399153	-0.043799877	0.02420256	-0.009599113	-0.01067266	-0.08590448	-0.048509177	0.01872841
-0.07551869	0.056960102	-0.020423518	-0.07972161	0.023720441	-0.08584943	0.010932982	0.059870567	-0.028772775	-0.036734737	0.073100425	0.08350732	-0.01614644	-0.08262932	-0.018347595	0.066764385
-0.0843193	0.0077257864	-0.008559409	-0.04779777	0.06473725	-0.086984254	0.08537702	0.071466275	-0.06360195	-0.082939744	0.06530695	0.0026085412	-0.028713461	-0.046561707	-0.05024114	-0.0060156547
-0.013484408	0.03526556	-0.07978504	0.0045035444	0.06789677	-0.039774425	0.021998934	0.067084275	-0.002963844	-0.04530631	0.063587576	0.041785408	-0.002540711	-0.018735532	-0.07394294	0.02794107
0.077486254	-0.014739381	0.06946049	0.03175129	-0.08208947	0.04540676	-0.008340875	0.0077037374	-0.0071916766	0.0906211	-0.07745052	0.012917107	0.0067996974	0.022025047	0.08464555	-0.003961224
0.0036122794	0.06416416	-0.0062862425	-0.041395567	-0.0034634199	0.001313903	0.010409856	0.06545651	-0.096806206	-0.07231814	0.026329799	0.039155584	-0.07170312	0.0015810941	-0.026119603	-0.00067919184
-0.08474969	0.0384223	-0.07991692	-0.027656542	0.046400882	-0.04601451	0.0069522066	0.068256155	-0.0061757043	-0.03557953	0.00485815	0.0627277	-0.044258725	-0.07378281	-0.033879966	0.04713064
-0.05982024	0.017756814	-0.061856847	-0.04530872	0.06807074	-0.016800284	0.07440987	0.018705357	-0.07598715	-0.069144316	0.05241938	0.013705876	0.015797617	-0.00656408	0.004721964	0.021122675
-0.078576535	-0.0024659317	-0.021284234	-0.026682641	0.048513614	0.0115314275	0.019860936	0.0068559623	-0.031048557	-0.046846755	0.029539928	0.05381848	-0.078659706	-0.023966225	-0.056485176	0.07296466
-0.061977163	0.014792825	0.00734408	-0.022660816	0.070280775	-0.030146204	0.0428263	0.060754597	-0.08142284	-0.018432627	0.030108089	0.00387728	-0.06038131	-0.028593784	-0.07276728	0.07876294
-0.06833921	0.04894249	-0.023410652	0.007179352	0.041363318	-0.08369184	0.013729317	0.008674573	-0.011249864	-0.061836846	0.081284665	0.055340324	-0.06273526	-0.049737696	-0.063918516	0.017123701
-0.028851217	0.043991964	0.005579149	0.0069528394	0.007326447	-0.026549183	0.07213355	0.06574265	0.0012745236	-0.02040521	-0.015793867	0.030518342	-0.056021824	-0.049870245	0.00096112624	0.066659644
-0.079412095	0.0019183104	0.00017387641	0.01103798	-0.027033564	0.012086064	0.07793629	0.043227762	0.012551992	-0.022296447	0.047053974	-0.022178749	0.015084196	0.012224892	-0.03373929	0.03863977
0.038403407	-0.07512992	0.05330722	0.009669133	-0.05151076	0.036775235	-0.027162552	-0.019634476	0.06302519	0.04014113	-0.056550372	-0.0319152	0.06354747	0.001979866	0.069443844	-0.043666217
0.08073457	-0.06069206	0.02289666	0.09012364	-0.014860896	0.011420618	-0.07534452	-0.07351821	0.010142225	0.0697489	-0.080480434	0.007939636	0.062162474	0.080910616	0.07591855	-0.035394814
0.044721525	-0.0830486	0.06368173	0.029589908	-0.04928108	0.08510686	-0.069338575	0.008986065	0.087290116	0.0834449	-0.06839367	-0.086318746	0.05608549	0.009534941	0.016279817	-0.055497624
0.031816598	-0.082902744	0.052828744	0.0016611614	-0.09307731	0.09092531	-0.08099672	-0.011097059	0.087249205	0.06248921	-0.06568716	-0.051427074	0.032551795	0.03328744	0.07985095	-0.015396857
0.026473997	-0.03253944	0.025865518	0.011007851	-4.3988155e-05	0.0502652	-0.08077995	-0.0838536	0.04098089	0.032967262	-0.08913533	-0.015698433	0.042695448	0.057825975	0.038262635	-0.047735203
-0.010189888	0.08471298	-0.037383527	-0.048192378	0.08275322	-0.02642924	0.04392336	0.0046845437	-0.02280133	-0.053316124	-0.00032950047	0.030238878	0.009105503	-0.048058394	-0.050294142	0.045112398
-0.06196134	0.026524354	-0.031560924	-0.045053948	0.041285582	0.003852169	0.023280377	-0.015220188	-0.03000951	-0.064101	0.067517154	0.06497527	-0.0152630815	0.0018613391	-0.034333933	0.04823326
-0.085252956	0.020807618	0.011496392	0.00231599	0.031092552	-0.017028995	0.046527773	0.04580374	-0.030757984	-0.005614712	0.05048529	-0.0035741148	-0.078321606	-0.025566015	0.0010964723	0.08069306
-0.03387032	0.023931613	-0.07820668	-0.08616316	0.0942989	0.0040071243	0.07611264	0.0557848	-0.087101005	-0.048289046	0.033070177	0.05296464	-0.028118888	-0.050468463	-0.06995871	0.072870865
-0.0060863975	0.075342625	-0.017370386	-0.033051554	0.09235644	-0.056394104	0.08588803	0.08589221	-0.0126549145	-0.03987811	0.08742316	0.049050044	0.011582341	-0.021953115	0.0009837082	0.03805892
-0.08196852	0.07026446	-0.07857298	-0.024483727	0.037888907	-0.07523718	0.078161284	0.031229421	-0.023710998	-0.03883604	0.06994033	0.042186763	-0.010255247	-0.012662899	-0.064240605	0.003598964
-0.008928791	0.060458172	-0.016852437	-0.038396586	0.021016885	-0.004847979	0.031004125	0.07153375	-0.003992695	-0.07483492	0.056388646	0.017588586	-0.040022146	-0.033433005	-0.028491361	0.039858162
0.0074473065	-0.060057674	0.04131415	0.02846846	-0.08346388	0.08877252	-0.015134119	-0.030290479	0.06475148	0.0834118	-0.038566064	-0.031223806	0.020594988	0.060926486	0.061981387	-0.0320052
0.06271546	-0.024232764	-0.00078727596	0.031794526	-0.04029838	0.007847877	-0.08155656	0.0025866332	0.09294418	0.017658168	-0.06255271	-0.041520044	0.03609032	0.05000079	0.06848802	-0.0010775697
-0.056482513	0.056611594	-0.0026289714	-0.02899565	0.03766599	-0.07133278	0.057495024	0.029403754	0.0068700234	-0.041971408	0.025632761	0.007266871	0.007810941	-0.022591883	-0.06056443	0.03255056
-0.050899755	0.069375515	-0.041224826	-0.042664412	0.07597999	-0.02422687	0.02572923	0.038068913	-0.02631221	-0.033987045	-0.005635564	0.04807237	-0.058005255	-0.06740208	-0.060819417	-0.012739367
0.0026756285	0.022452192	-0.033302903	-0.073749185	-0.016982209	-0.0068054544	-0.002261779	-0.015418922	-0.04346008	-0.0829004	0.00703592	0.07201173	-0.013378221	-0.007425224	-0.06412271	0.0047091143
-0.03620167	0.04258721	-0.028333915	-0.028162645	0.0031638127	-0.0060298396	0.038377468	0.06456836	-0.046908792	-0.048669096	-0.015037613	0.022364026	-0.07892649	-0.0762281	-0.0429945	-0.007289475
-0.070992574	-0.0093170805	-0.03644505	-0.06416331	0.037841838	-0.016662	0.072485276	0.07687522	-0.075890355	-0.022962647	0.05222967	0.07999995	0.010436599	-0.05738381	-0.07183312	0.005856868
-0.0683318	0.07384807	-0.08072396	-0.03284917	0.078332	0.00971662	0.049461357	0.05530238	-0.022415726	-0.00012347591	0.06486099	0.003497177	-0.041207492	-0.036559816	0.0106641855	0.07543277
-0.053660695	-0.010207685	-0.04115541	-0.038488645	0.04167733	-0.073776454	0.039346065	-0.010605542	-0.05444248	-0.01625719	0.02826928	0.041642357	0.013016973	-0.030552167	-0.075596645	0.011340738
-0.06592553	0.029339531	-0.025117464	-0.05637847	0.07177119	-0.0833326	-0.010349672	0.02033306	-0.09107372	-0.035138413	0.0726394	0.018680567	-0.053391136	-0.044987768	-0.08562872	0.055589985
-0.075957164	0.016096111	-0.06565155	-0.050098006	0.08753929	0.0072149453	0.07715355	0.015675358	-0.019028291	-0.015478082	-4.43527e-05	0.044142164	0.010868308	-0.016365234	-0.011241255	0.0064836154
0.0072519793	0.05113037	0.005850728	-0.058753394	0.0474919	-0.028566219	0.018341452	0.08045047	-0.043829612	-0.007360181	0.010313167	0.070059635	-0.06848376	-0.0745033	-0.013336205	0.03287088
0.01364323	-0.055279724	0.046835657	0.05435529	-0.014789743	-0.0044556814	-0.02410511	-0.057414003	0.069686756	0.027058844	-0.06105705	-0.074527495	0.079501875	0.026257038	0.0003804261	0.0017340246
0.042108275	0.0013344445	-0.011081112	-0.006319614	-0.0047280514	0.020065105	-0.0014871459	-0.00044687063	0.0578424	0.091192216	-0.03082334	-0.0799571	0.026411165	0.019435434	0.063860066	-0.042995017
0.08435628	-0.0050621126	0.0544097	0.08472292	-0.018066032	0.040177178	0.005679038	-0.03820981	0.033736035	0.031086156	-0.06049716	-0.02676236	0.06365176	0.006866014	0.050060865	-0.05189403
0.06275951	-0.055246368	0.029955223	0.0021933275	-0.06475478	0.006768426	-0.026535148	-0.058503464	0.044635694	0.011433055	-0.020684617	-0.0036331757	0.03983087	0.04992976	0.07824557	-0.016609034
-0.056763303	0.0010955251	-0.022888271	-0.060446683	0.026747307	-0.07084317	0.065837935	0.038057055	-0.07851696	-0.0886709	0.06367447	0.035725225	-0.071869016	-0.082541026	-0.06826007	0.074921064
-0.00983518	0.057454243	-0.04901464	-0.032152206	0.04200842	-0.037365157	-0.008875365	0.046360265	-0.0861058	-0.083395824	0.063842446	0.006384279	-0.06593221	-0.011656932	-0.035907324	0.03705153
0.008274992	0.03186677	-0.062335525	-0.021646608	0.0030481247	0.0031233209	0.088188276	0.070948616	-0.07134785	-0.010181917	-0.004586385	-0.00048056385	-0.017020954	-0.012738326	-0.04147292	0.020993482
-0.010158167	-0.0025175568	-0.072138116	-0.06968328	0.039878502	-0.00068157865	0.06567383	0.058975127	-0.0035379112	-0.011392185	0.046932746	0.048180625	-0.015023558	0.009263755	-0.08657603	0.017175293
-0.027441947	0.004712731	-0.08368749	0.010015187	0.0064378832	-0.0047737896	0.029078197	0.024507577	-0.019999051	-0.0878307	0.04127793	0.06778358	-0.028189112	-0.04138487	-0.023003133	0.0037142716
0.03874827	0.0011910191	-0.008490114	0.018531483	0.022489915	-0.026284417	0.028661504	0.032119483	0.03062102	-0.05074835	-0.00043896007	0.016203392	-0.038839694	-0.018906666	-0.008361201	-0.020878024
0.032682344	0.0028742687	-0.04540122	-0.042042464	-0.015189274	0.00023979432	0.013870049	0.048633922	-0.017617049	-0.008426112	0.021919444	0.029110411	0.019407596	0.02740611	-0.024349144	0.008047632
-0.060808368	0.023894262	-0.015399573	-0.054237142	0.079450175	-0.07554129	0.061184134	-0.006704318	-0.0033429577	-0.06618543	0.06280945	0.058377612	0.010459434	0.007296258	0.019818883	0.038170494
-0.001491575	0.035706915	-0.064282514	-0.0005789261	0.008220341	0.008823829	0.021060726	0.031085413	-0.06113183	-0.082922556	0.03374971	0.031144232	-0.044725314	0.009185897	-0.06700078	0.01706967
-0.013640556	0.022662388	-0.042386454	-0.024573084	0.020785892	-0.070786156	-0.013862567	-0.01682945	-0.044311114	-0.06252759	0.06447639	0.047249917	-0.06429549	-0.009413389	-0.018886233	0.008062607
-0.059418753	0.058236863	-0.002490036	0.00083713146	0.073638864	-0.07029072	-0.014207432	0.010434091	-0.09231829	-0.040797614	0.02884291	0.0582867	-0.00454855	0.014866281	-0.054413922	0.049645707
-0.0014039874	0.045109026	-0.07040793	-0.032336917	0.020560727	0.006700811	0.036481343	-0.0043865237	-0.08247767	-0.06568117	0.07662614	0.065869115	0.006096945	-0.0737633	0.0023363417	0.05044977
-0.054919098	0.075785145	-0.058732577	-0.065793596	-0.00052590575	-0.026137527	-0.004235758	0.03143742	-0.019947812	-0.0003749988	0.047173362	0.03217395	-0.023701482	-0.06707486	-0.041175224	0.043153144
0.054506164	-0.07515342	0.021780968	0.05588279	-0.06487691	0.051994342	-0.051652633	-0.071146674	0.026516715	0.056376833	-0.053741936	-0.047862273	0.021103002	0.02323135	0.014499467	-0.06216434
0.004370006	-0.07397822	0.06350322	0.080472924	-0.039369423	0.013429043	-0.03811062	-0.047500838	0.08047576	0.05410093	-0.007059854	0.00076585566	-0.004682306	0.063492104	7.3838644e-05	-0.059778254
0.05464932	0.0063265357	0.074842416	0.0722893	-0.06509107	0.041717853	-0.023990877	-0.062431194	0.074791536	0.013653282	-0.019871617	-0.0477977	0.082733825	0.021621961	0.028822199	-0.04916754
0.09134667	-0.025139345	-0.0053476263	0.06886562	-0.0454216	0.044927645	-0.05072767	-0.08231356	0.065428	0.032713216	-0.0483363	-0.016364668	0.0035267542	0.0010862921	0.015418339	-0.08893647
0.06670998	0.006252303	0.0175593	0.06578873	-0.034342017	0.0309936	-0.089711554	-0.057482418	0.08227226	0.079125114	0.008096093	0.0076679084	0.036984738	0.023372613	-0.0052365586	-0.045780122
0.054288074	-0.008808725	0.06427142	0.06307131	-0.078406185	0.041509967	0.0012784738	-0.08407648	0.05145723	0.05714869	-0.04452202	-0.07078251	-0.0062820725	0.017957546	0.024674488	-0.0113182245
-0.0450773	0.06995474	-0.002562915	0.0015859811	0.034559917	-0.05387743	0.04466528	0.047768254	-0.060146783	-0.06311476	0.06633264	0.0027934022	0.0057141418	0.0020701475	0.010068181	0.06860723
0.0011769586	0.044721328	-0.032520823	-0.0016573189	-0.0026221995	-0.042805683	-0.0023551676	-0.010438029	-0.092276864	-0.07463046	-0.01248423	0.023474803	0.004348592	-0.05003839	-0.07317721	0.08300176
-0.010971946	0.0056994534	-0.043096323	-0.058463424	0.044677444	-0.07596291	0.07582905	-0.0047194967	-0.06767249	-0.012897062	0.039606806	0.01781065	-0.05959516	-0.0001593731	-0.028806016	0.012669089
-0.007636013	0.009298262	-0.015848264	-0.031415608	0.06567975	-0.0035965354	-0.0019328801	0.06133328	-0.013390325	-0.068849534	0.051905055	0.08011235	-0.056143183	-0.0038647777	-0.03584736	0.033726506
0.04267306	-0.040153302	0.026443547	0.008934672	-0.07558092	0.040590916	-0.055721473	0.0071433466	0.057527564	0.053214554	-0.016557867	-0.003289978	0.07904911	0.055100854	0.021219041	-0.011327568
0.0020579451	-0.046806667	0.023366056	-0.0115517685	-0.08233583	0.029578397	-0.04501456	-0.06264748	0.08243663	0.01897927	-0.004732995	-0.017611494	0.005512398	-0.009692908	-0.007849551	-0.017317869
0.0258005	-0.01909177	0.030737843	0.0776893	-0.01618727	0.03550057	-0.08576595	-0.03947865	0.034702796	0.046303038	-0.024359195	-0.0001785869	-0.003250274	0.06600193	-0.003706382	0.0075257528
-0.004320795	-0.017053775	0.07457739	0.047922563	-0.03201666	0.057042778	-0.0003205625	-0.07330419	0.031457398	0.058582366	-0.06927359	-0.07470534	0.047509596	0.047160055	0.032293268	-0.003738004
0.061216053	-0.003439373	0.061915334	0.05214156	-0.005599997	-0.0016446371	-0.05341096	-0.016158817	0.058049258	0.08741746	-0.0541542	-0.04787633	0.010279348	0.032720573	0.01291811	-0.030362997
-0.06561713	0.016480103	-0.03822838	-0.016070751	0.06256433	-0.06354825	0.018112127	0.04893051	-0.03614022	-0.07265613	0.06343156	-0.011233202	0.01233048	-0.018538821	-0.07021127	0.060579587
-0.024492994	-0.0015400365	0.012349024	-0.06445933	0.016057929	-0.037365254	0.08642164	0.026576197	-0.04321646	-0.06969736	0.0026370685	0.071713835	-0.08027387	-0.03129807	0.011946005	0.014807502
0.08543489	-0.051374108	0.071671166	0.05237422	-0.07825611	0.068263054	0.008123701	0.0007873805	0.09684523	0.03401616	0.0031094728	-0.06456265	0.012989721	0.028605014	0.07384747	-0.0898963
0.080847144	-0.016454078	0.009121205	0.015362251	-0.031710174	0.027769575	-0.008365214	0.004523304	0.06707686	0.074615136	-0.071494475	-0.026678748	0.0064063356	0.073738426	0.013689133	-0.05632545
0.0028613692	-0.0436344	0.07522598	0.0760271	-0.07866357	0.072997525	-0.04534315	-0.031538658	0.013172913	0.09464427	-0.052834686	-0.083893895	-0.0055769905	0.02679758	0.076000154	0.004493567
0.047365308	-0.058472335	0.07198449	0.074971326	-0.015080154	-0.0034884897	-0.003802361	0.0052037565	0.08152499	0.04831123	-0.08656241	-0.009585788	-0.0045263334	0.050370913	0.05821383	-0.07747136
0.0016459968	-0.07966932	0.043347318	0.065102816	-0.050860338	0.079954535	-0.0767299	-0.014024182	0.056279562	0.09365264	-0.052595098	-0.0644595	0.06185243	0.0032396158	-0.0009922546	-0.010616914
0.010840789	-0.0028771644	0.07720831	0.05956752	-0.085029595	0.088256806	-0.062141236	-0.07584677	0.07862062	0.08177977	-0.08419023	-0.03522141	0.07306775	0.034699343	0.04457514	-0.07190847
-0.01505713	0.07913476	-0.06863107	-0.06647638	0.019970313	-0.0038871109	0.030525433	0.009143097	-0.062030267	-0.0860299	0.07312214	0.012928089	-0.05773512	-0.08008371	-0.07429015	0.0073663974
0.0055897874	-0.06397548	0.051495776	0.024680348	-0.047560472	0.023775827	0.005677134	-0.045584325	0.040687744	0.08307932	-0.08586921	-0.08510231	0.03769455	0.0004442168	0.08927318	-0.017503977
-0.012710172	-0.011628418	0.007659404	-0.05514303	0.043515876	-0.06730527	0.008732009	0.013856649	-0.027674817	-0.077315725	0.011286035	0.0024999457	-0.06170659	-0.038500085	-0.038566634	0.015404215
-0.011947761	-0.005167029	-0.007967504	-0.016299518	0.03581105	-0.062799826	0.054764125	0.078935005	0.00052675616	-0.039146416	0.014459184	0.029406592	-0.00801343	-0.015951341	-0.08212857	0.04882269
-0.06444119	0.08038261	-0.040557217	0.0012366589	0.01411045	-0.04114516	-0.009363974	0.066260315	-0.028524876	-0.03297371	0.061852977	0.07889868	-0.036978535	-0.073175564	-0.008465661	0.06682714
-0.03398316	0.016510766	-0.02447509	-0.032627296	0.072106086	-0.06325027	0.037229527	0.057107966	-0.016915994	-0.03711385	0.02191923	0.0054580416	-0.055124316	-0.063839026	0.011526883	-0.008772699
-0.0069719097	0.04423283	-0.07079292	0.0107324105	0.05725781	-0.057221938	0.0038434735	0.020640843	-0.052035183	-0.044467222	0.07280491	0.02560478	-0.046207614	-0.035408214	-0.049751043	0.054218207
-0.037261903	0.023906244	-0.0175048	0.002471902	0.02061573	-0.08708375	0.080796465	0.062037062	-0.009138851	-0.048471462	0.029545663	0.030735232	-0.06449745	-0.06394856	-0.07223366	0.056624625
0.040465314	-0.028299684	0.06842195	0.052841943	-0.03738561	0.040482845	-0.06406106	-0.08024357	0.020475447	0.055305094	-0.06314749	-0.013129766	0.027640162	0.025893671	0.015417585	-0.037717592
0.0009238112	-0.024990853	0.029502712	0.000866131	-0.08807617	0.07071976	-0.05742437	-0.042681485	0.028551552	0.038431954	-0.017934907	-0.06338337	0.068878874	-0.0055338214	0.04981135	0.0035843852
-0.047611237	0.07503336	-0.008453889	-0.060916994	0.08802041	-0.0066399025	0.0021700987	0.061741658	-0.00112421	-0.04066729	0.063439615	0.060951754	-0.07797	-0.040667422	-0.025997454	-0.0031290038
0.023831919	-0.0037821333	0.07861488	-0.0008565231	-0.09243582	0.037691493	-0.011180935	-0.051507767	0.06611132	0.0026390338	-0.01814149	-0.018090546	0.0044970755	0.07946138	0.008312341	-0.03460695
0.045177273	-0.07973917	0.07335646	0.053020675	-0.06372202	0.071380004	-0.07907107	-0.016134515	0.09089784	0.029635701	-0.09064522	-0.056457773	0.06703639	0.08757129	0.023038242	-0.050697647
-0.036001276	0.060774863	-0.047958586	-0.025544992	0.07793443	-0.0025180625	0.022673473	0.009749657	-0.09661611	-0.0032233184	0.08178255	0.058785312	-0.02733512	-0.036975753	-0.07049738	0.04163911
0.019456327	-0.079969	0.08411122	0.012388792	-0.035346102	0.022213781	-0.02037431	-0.041284114	0.025797842	0.00321137	0.0010642768	-0.05738997	0.03404064	0.038550068	-0.0102520725	-0.06080062
0.08139946	-0.07481981	0.08193787	0.005552025	-0.085876815	0.001458159	-0.04230504	-0.024209598	0.00015851072	0.03380119	-0.013054026	-0.010631494	0.0034365745	0.037777063	0.05939517	-0.027976975
-0.03406767	0.055111494	-0.06775845	-0.059529766	0.046253018	-0.049990058	-0.008430316	0.054345615	-0.0654913	-0.026817398	0.07348879	0.06925204	-0.05348244	-0.069778316	0.0031746957	0.057080396
0.007254723	0.029002205	0.0007166169	-0.059675083	0.04014229	-0.048176367	0.012029554	-0.007527739	-0.009207719	-0.07929688	0.021085382	0.0025727323	-0.051797815	-0.06565277	-0.07255235	0.03749516
-0.07984631	0.021862125	-0.052247856	0.011411353	-0.012571487	-0.00045996346	0.02204161	-0.01666323	0.0020747948	0.008203782	0.07475013	0.05346157	0.0010565472	-0.07091114	0.019516159	0.019927517
-0.040766597	-0.00348182	-0.0629467	0.015030233	0.071085975	-0.08884899	0.03747036	0.038438812	-0.030576099	-0.02682093	-0.014502026	0.077971384	-0.01633673	-0.003963039	-0.03161723	0.0014677966
-0.010942954	0.07990609	-0.059219304	0.013375028	-0.0066396245	-0.053810515	0.01166818	-0.00063008984	-0.028858945	-0.01253593	0.04515043	0.044510897	-0.008832806	-0.023053972	0.0071668313	0.0055423244
-0.085620016	0.042638674	-0.047523435	-0.04812687	0.04846627	-0.042755853	0.030447593	0.058197033	-0.06762321	-0.034371756	0.04014758	0.008405218	0.00010387176	0.012432092	-0.022109414	0.074466325
0.00682256	0.008089214	-0.03564889	0.011660627	-0.011954996	-0.059270218	0.03657095	0.04056124	-0.047240008	-0.0072231977	0.010098259	0.00088158285	-0.055852164	-0.055253882	-0.045089655	0.051427808
0.08602801	-0.039256997	0.067495346	0.007907786	-0.06621672	0.010055652	-0.087437235	-0.06784885	0.088192955	0.06565428	-0.0085505955	-0.014340758	0.038561188	0.076250784	0.049832366	-0.031144965
-0.007578712	-0.0061377096	0.0035975291	-0.0027634318	-0.05953909	0.07329544	-0.05867976	-0.06023721	0.0055006524	0.015395727	-0.04530666	-0.019105973	0.03324252	0.020241873	0.027200637	-0.061245963
0.02134083	-0.06598689	0.049985625	0.063890725	-0.01525346	0.05352963	-0.033641152	-0.024334047	0.056548532	0.026783643	-0.017533394	-0.0006113863	0.007831044	0.021148115	0.07411573	0.00746619
0.017024426	-0.025723161	0.077868104	0.051833875	-0.060326256	0.088574275	-0.034934625	-0.06826635	0.017898355	0.05333444	-0.014454092	0.0026779203	0.048216254	0.0061876117	0.050088707	-0.047878236
0.046082173	-0.025040004	0.012395717	0.054528724	-0.052338608	0.0009557062	0.004492581	-0.028548008	0.0036344978	0.06072452	-0.06937126	-0.04166472	-0.00052032334	0.06505994	0.070270896	-0.076758064
0.045311566	-0.034529965	0.006065313	0.035825156	0.008232106	0.025367826	-0.07009795	-0.019724803	0.07977936	0.07652721	-0.031530827	-0.0066485787	0.031583697	0.012547453	0.073945865	-0.00073551195
0.02201438	-0.002498299	0.050396174	0.039547935	-0.046259396	-0.0035574844	-0.029102882	-0.064658016	0.058297805	0.05947631	-0.089822106	-0.043409962	-0.010215987	0.06709837	0.013520874	-0.080781266
-0.005419315	0.0032493693	0.029899841	-0.003470353	-0.08630991	0.059008434	-0.059324186	-0.064030744	0.08000437	0.06959205	-0.03395526	-0.056577217	0.06370333	0.056739505	-0.0044515957	-0.07055998
0.0030041724	0.0055994126	0.0433558	0.060563657	-0.07598163	0.025554096	-0.059096072	-0.049388077	0.097010024	0.054441214	-0.004322365	-0.05833781	0.008232208	0.034186948	0.02682456	-0.08285764
0.08649892	-0.079555765	0.019961495	0.011628533	-0.09494655	0.01713251	-0.06112911	-0.0337269	0.066277705	0.0043128193	-0.007990807	0.0026185312	0.02697719	0.03053224	0.056044698	-0.06373028
0.07165079	-0.037664052	0.037401095	0.060924843	0.0063599814	-0.0025458615	-0.068412274	-0.054047395	0.08020774	0.008071962	-0.046692673	-0.028400136	0.00429732	-0.0045391414	0.021875367	-0.05477594
0.036443427	-0.029410342	0.064809866	0.009042019	-0.046309985	0.017751848	-0.0279757	-0.033274636	0.026583005	0.010018691	-0.046952646	-0.046060238	0.013489131	0.0634684	0.01037573	-0.009583659
0.091422915	-0.033392992	0.0016752013	0.05134956	0.007221563	0.06506371	-0.088804014	-0.0009007143	0.01934321	0.055675287	-0.015180079	-0.063066706	0.07633247	0.080312975	0.027339153	-0.047415912
-0.0017816805	-0.0037592005	0.08322817	0.0803988	-0.058448907	0.022746028	-0.0026612456	-0.036691744	0.044997174	0.042025797	-0.07818213	-0.036256813	0.025161786	0.03335941	0.076752305	-0.06526343
-0.022486106	0.0636566	0.0011937462	-0.08255313	0.057585746	-0.026554657	0.03286546	0.041390736	-0.037083063	-0.0637	0.027210394	0.05123891	-0.0024548927	-0.0015830206	-0.04972411	0.04158307
-0.033535298	0.042278368	-0.018779177	-0.046390396	0.054778118	-0.02821299	0.014071225	-0.011268797	-0.012266227	-0.014770573	0.044890407	0.054601617	-0.040170755	-0.08325532	-0.07867342	0.002948539
-0.0061422666	0.05403314	-0.04518694	-0.048505373	0.067774855	-0.0024769322	0.058772154	0.026820948	-0.08593519	0.0022489114	0.025060667	0.032077678	-0.075062744	-0.03291417	-0.01846454	0.000904757
-0.040170286	0.06579513	-0.07026442	-0.018746149	0.058814965	-0.013280649	0.048333887	-0.0006082703	-0.07441376	-0.04608438	0.0048452914	-0.012533526	0.010805992	-0.011867433	-0.011389418	0.053846896
-0.044190586	0.039058186	-0.045243405	0.0014024586	0.08249361	-0.03010863	0.058446113	0.058045603	-0.095756605	-0.067791365	0.07598286	0.06070359	-0.06608859	-0.005422475	-0.08427816	0.011776971
-0.08823044	0.037065905	-0.0126766665	-0.078478985	0.051632907	-0.045645807	0.053893056	0.03094749	-0.031988613	0.0018816356	0.044865686	0.014759477	0.014781356	-0.06216185	-0.06413256	0.036161687
-0.03907062	0.08285996	-0.045601152	-0.077440806	0.08108873	-0.04506076	0.010956809	0.009719522	-0.08379313	-0.070983075	0.021115307	0.066408664	-0.045067135	-0.010259275	-0.03328506	0.061298165
-0.05526136	-0.0077024153	-0.07281905	-0.06153565	0.019157642	-0.017601136	0.06424676	0.009515187	-0.007603441	-0.027031833	-0.008619457	0.042911988	0.0119779175	0.0075170067	-0.06836777	0.032884806
-0.07584805	0.040062882	-0.011805954	0.008694001	-0.00016390852	-0.056072984	0.003525428	-0.0024954088	-0.04019074	-0.08381908	0.012803274	-0.0116973575	-0.002560186	-0.06666093	-0.074967474	0.0028703206
0.0064054504	0.022152616	-0.050166532	-0.055246875	0.056383852	-0.016477901	0.077553354	0.043813642	-0.005239072	-0.059065226	0.05620332	0.057837773	-0.056180947	-0.05440043	0.014933665	0.028030068
-0.08734233	0.026159866	-0.0048590433	-0.0851839	0.012455275	-0.075203516	0.06503124	0.045202177	-0.047127318	-0.058986712	0.009055443	-0.005725334	0.01170342	-0.07296783	-0.048396133	0.014524271
-0.05472208	-0.0038071845	-0.03269866	-0.032473948	0.05213312	-0.026338538	0.019985436	0.017954303	-0.024076521	0.0038442912	0.016127804	0.054575287	-0.033490196	-0.04493194	-0.057766497	0.03733671
-0.0046049366	0.07796906	-0.048044894	-0.086209744	0.006626359	-0.0877925	0.052844103	0.003833854	-0.08176471	-0.080899656	0.04709177	0.07087289	-0.00031831095	-0.008478611	-0.061148763	0.08315341
-0.05904303	0.0034616352	-0.016451491	-0.054198876	0.08606904	-0.02028146	0.02906569	0.050024677	-0.0358423	-0.05017067	0.061485708	0.024757631	-0.029429143	-0.083563656	-0.065419085	0.010409803
0.065029874	0.003130642	-0.0025267971	0.013404679	0.007782853	0.058680724	-1.8166367e-05	0.0054566725	0.03447469	0.019428765	-0.03762999	-0.034317493	0.06996475	0.040279254	0.085487984	-0.038579233
-0.003821563	-0.08957032	0.06442011	0.029300725	-0.013214613	0.08851451	-0.08422544	-0.05306343	0.020247942	0.053254757	-0.033503518	-0.001957471	0.0751061	0.06112165	0.0013026828	-0.0133957025
0.024052551	-0.0326837	0.05054624	0.06299442	-0.061012402	0.025569396	-0.031208633	-0.06864646	0.029590126	0.0770499	-0.07543526	-0.063635476	0.028586045	0.071619175	0.044976115	-0.04237419
0.0006463632	-0.0628672	0.07964173	0.04861267	-0.055204332	0.011735159	-0.049736634	-0.021366699	0.02935839	0.09048644	-0.018960541	-0.054089304	0.001780935	0.042366505	-0.008571292	-0.011501408
0.06398901	-0.012883634	0.020389935	0.027110254	-0.020299722	0.083415285	-0.06062915	-0.02423128	0.049074743	0.018103404	-0.024354031	-0.016240355	0.033143006	0.031258453	0.07136993	-0.06568244
0.0037217457	-0.040582184	0.03390312	0.0027183476	-0.018428281	0.03772846	-0.018742707	-0.045441784	0.052102182	0.04842629	-0.066017516	-0.071618974	-0.0051151295	0.05217533	0.037523527	-0.017986037
-0.06262001	0.035117786	-0.00048073527	-0.068610385	0.08739386	-0.07595649	0.017062765	-0.015334843	-0.062361628	-0.036261205	0.075663984	-0.006635334	-0.07404797	0.009913182	-0.061032232	0.06807458
-0.0047679646	0.016273146	-0.02655004	-0.03144049	0.035621356	-0.03128732	-0.015172714	0.058007687	-0.07115902	-0.03984372	0.02111391	-0.013880181	-0.05513491	0.006419417	-0.04492889	-0.0059655798
-0.0021601436	-0.0036042973	-0.027461201	-0.047883093	0.08079979	-0.02705842	0.021777622	-0.015424633	-0.08619174	-0.05763201	-0.015254068	0.07164043	0.012661741	-0.027497653	-0.0724268	-0.0031405212
-0.05670321	0.045802407	-0.033575498	-0.033315975	0.07264094	-0.054736502	0.07758685	-0.01237623	-0.014763353	-0.06429596	-0.014934065	0.010274062	-0.04070245	0.016548136	-0.050434317	0.019108323
0.053041846	0.011379084	0.02391984	0.07377716	-0.02437002	-0.004016395	-0.01496757	-0.011116929	0.05337079	-0.00026577734	-0.057052817	-0.013452458	0.0039850874	0.049284082	0.01627236	-0.00074046024
-0.007815234	-0.012042504	-0.00844322	0.02367534	-0.07855894	0.079923	-0.03704	0.00968168	0.00026992592	0.076286554	-0.034710336	-0.07274447	0.022566054	0.07110515	0.056607716	0.0039878734
0.03890896	-0.073987976	0.05207308	-0.0061049922	-0.07126573	0.07751354	-0.05824188	-0.0383211	0.035570785	0.017792186	0.0069226855	-0.014390037	-0.0006747997	0.041943356	0.02854896	-0.05186242
-0.0121981995	0.08002922	-0.03375525	-0.018582826	0.047964446	-0.08637815	0.0072857104	0.069309294	-0.023368873	-0.082193024	0.059267916	0.00255235	-0.07224955	-0.068209976	-0.040116724	0.084652886
-0.02293951	0.05266884	-0.026304873	-0.08086628	0.017453302	-0.04629433	0.0073153097	0.06357191	-0.031055998	-0.08947319	-0.012862765	0.03359823	0.00043786562	-0.028039971	-0.033619072	0.0511086
-0.04488194	0.07009844	0.004578008	0.0021793805	0.04249408	-0.074812196	0.02299546	0.023754288	-0.037349604	-0.07300502	0.029667074	0.023361359	0.003223423	-0.0162054	-0.03629656	0.027740696
0.0076831365	0.05346966	-0.016911179	-0.06448786	0.07613985	-0.050766584	0.023152996	0.02447337	-0.060924813	-0.019437535	0.067169435	0.02493143	-0.060454894	-0.015186045	-0.026259923	0.0605368
0.0058817635	-0.06505914	0.06541523	0.014903936	-0.012829234	0.0048976527	-0.07271609	-0.001608366	0.09643424	0.016678568	-0.043648098	-0.070835136	0.06224862	0.051974885	-0.007063803	-0.00086657703
0.007829356	-0.02664476	0.06242504	0.07091847	-0.08763058	0.0749635	-0.030032625	-0.023361852	0.010832909	0.009468411	-0.008399111	-0.0075805215	0.034772128	0.0766919	0.07753439	-0.041603997
0.029772367	-0.059519973	0.077549145	0.051346246	-0.06351698	0.020619856	-0.04132534	-0.076968856	0.06521484	0.06419758	-0.07879677	-0.034867622	0.015766466	0.01418287	0.0053884005	-0.033100538
0.08264001	-0.041858513	0.01710722	0.077186964	-0.0745959	0.08401087	-0.07901784	-0.022337712	0.018782023	0.09371104	0.0019217386	-0.08522516	0.024194652	0.03823559	0.085208975	-0.061147746
0.08007118	-0.023531599	-0.004340241	0.013605008	-0.018510677	0.005331182	-0.013336153	-0.04730157	0.024873907	0.042303927	-0.07564093	-0.08310087	-0.006709989	0.013896219	0.074245	-0.025163122
-0.049455613	-0.012375421	-0.042232875	-0.07022055	0.08065126	-0.06824615	-0.0054328362	0.08516008	-0.08601595	-0.041164313	0.072680436	0.075887516	-0.0046067615	-0.08211414	0.007346458	0.039960098
-0.010080382	0.06099914	-0.031344593	-0.054927915	0.007611892	-0.025858574	0.043243736	0.08084181	-0.04306511	-0.073111944	0.0014217317	0.016527735	-0.041598942	0.0021572532	-0.0189307	0.045650836
-0.0012191227	-0.010008833	-0.06103903	-0.019060472	0.032399002	-0.043880418	0.081429586	0.084795125	-0.08176022	-0.054290492	-0.012383768	0.058363084	0.004946014	-0.0043673734	-0.05155676	-0.009137817
-0.017571244	0.07496799	-0.08542054	-0.008411269	0.04157984	-0.043442905	0.08319426	0.05514077	-0.0129313925	-0.027655635	0.08607408	0.04146173	-0.02495726	0.0005701315	-0.057703905	0.058871854
-0.04178642	0.047590956	-0.06145891	-0.002573389	0.064324796	0.0026231138	-0.0027493234	-0.011082185	-0.027012382	-0.07707688	-0.016786816	0.009855342	0.0059013152	0.013892447	-0.07289895	0.035897557
-0.00022821115	0.026903994	-0.032686077	0.011483893	0.043983303	-0.031568125	0.027631238	0.0115274545	-0.0052032373	-0.08991396	-0.015165688	0.04620399	-0.012492594	-0.06720908	-0.078943394	0.07369132
0.07725341	-0.083948314	0.086284146	0.047158103	-0.075730674	0.0074617225	0.006059137	-0.08205665	0.0253049	0.084732965	-0.073473305	-0.04664566	0.036193352	0.05509611	0.04356724	-0.033018056
0.03199202	-0.074688606	0.05738038	0.04978103	-0.06997176	0.030808333	-0.05988442	-0.06032564	0.004011959	0.080200784	0.0012003116	-0.046629995	0.02947009	0.019657439	0.06682475	-0.03049997
0.077370174	-0.016040102	0.057389766	-9.931188e-05	-0.06283673	0.0061165043	-0.0477996	-0.016536659	0.082539044	0.035564832	-0.07937665	0.0019685153	0.052449875	0.036313727	0.036068607	-0.0064386413
-0.04323194	0.067306854	-0.039274227	-0.05872979	-0.0009887267	-0.084210046	0.04583215	0.017640589	-0.0556747	-0.036390666	0.022182174	0.07475723	-0.021776995	-0.05575208	-0.00357318	0.06435742
-0.030337894	-0.009083245	-0.04322382	0.018502375	-0.038178124	-0.038328286	0.07459947	0.0011686672	0.023637803	0.013608911	0.053382292	0.072730474	0.016295467	-0.035640396	-0.054703306	0.014876989
-0.018801013	-0.0024199001	-0.06831594	0.0059830328	0.059468903	-0.06761776	0.07502502	0.038171068	-0.037018668	-0.0055894214	0.055693977	-0.0045593525	-0.043296028	-0.026119204	-0.0034881802	0.06951218
-0.03130489	0.005662308	0.012489066	-0.07107753	0.060160905	-0.05024463	-0.009366046	0.059222817	-0.019817479	-0.055857975	0.06109986	0.036569353	-0.048949696	-0.06690398	-0.05234276	0.004565848
0.06366696	-0.0333217	0.058944415	0.058512732	-0.03092222	0.05089703	-0.082857326	-0.0021883354	0.06755388	0.055385225	-0.03964371	-0.012745658	0.0624403	0.035270665	0.07184798	0.0018796523
0.0009818978	-0.00243004	0.033037927	0.072148144	-0.078515366	0.047210936	-0.07937495	-0.06314874	0.07070442	0.0914329	-0.08043618	-0.07670288	0.08820784	0.06721755	-0.004287629	-0.0586297
0.09033837	-0.060696684	0.05922923	0.07409996	-0.01021376	0.060736936	-0.018817104	-0.06986006	0.09950347	0.07262292	-0.04426858	-0.010565952	0.060116947	0.0534308	0.04210057	-0.047390357
0.036390327	-0.009976746	0.0036323457	0.033126913	-0.07705002	0.009453625	-0.08189345	-0.002994407	0.06353914	0.03447443	-0.076892704	-0.0005255261	0.032503493	0.08053891	0.08009139	-0.004152022
0.049579844	0.0029462832	0.055338833	0.06466296	-0.00958343	0.09072592	0.008082058	-0.0077024223	0.043663718	0.066277236	-0.08234479	-0.07538151	0.06190527	0.035874743	0.064334534	-0.064452454
-0.010406652	0.0699609	-0.021123856	0.004546611	0.030576775	-0.051746804	0.06795483	0.013850517	-0.07389804	-0.055888057	0.084392555	0.016857682	-0.08472142	0.011691187	-0.063912146	0.05429344
-0.07107724	0.06286123	0.002610729	0.012233105	0.025688058	0.0063002277	0.048285466	0.006348167	-0.08398736	-0.008682862	0.016861994	0.080278285	-0.07554982	-0.034119505	-0.06618958	0.03929684
0.009476072	-0.06827707	0.051312167	0.015941907	-0.027312338	0.06766346	-0.0364067	-0.025780857	0.05775619	0.06638809	-0.020232452	-0.009733039	0.08642029	0.014893463	0.059861444	-0.0013135306
-0.080056734	0.027088681	-0.07894855	-0.040108684	0.031485014	-0.037944138	0.06552304	-0.013173887	-0.016027471	-0.04743357	0.038919274	0.07979464	-0.07536486	-0.02479314	-0.06312158	0.070824005
-0.062090408	0.02806369	-0.033091776	-0.06605289	-0.0025842113	-0.041553825	0.083196424	-0.0071715433	0.0018721905	-0.009768209	-0.007972651	0.0710187	0.0008275934	-0.08323799	0.0040021846	-0.0073872707
-0.0018331152	0.010521781	-0.021324407	-0.016095636	0.0003112746	-0.05644375	0.04923095	0.025479091	-0.046468884	-0.045139715	0.03744761	0.046059832	-0.048495024	-0.07089264	-0.007107988	0.05283894
-0.012655784	0.06773337	-0.06471816	-0.016898705	0.075051285	-0.06629878	0.053653933	0.014079835	-0.04167098	-0.040407564	0.049947064	-0.0029057849	-0.015625564	-0.07072688	-0.05973705	0.07823665
-0.031328797	0.02014333	-0.018467018	-0.01162335	0.08245152	-0.070545524	-0.008586308	-0.00627126	-0.009241637	-0.05653674	0.024111876	0.02724664	-0.034528904	-0.07202264	-0.017601682	0.0073997863
-0.0017526703	-0.0032904795	0.025127763	0.014173525	-0.014507923	0.057385318	-0.0671956	-0.049863033	0.06747797	0.09254974	-0.0293166	-0.08904358	0.010681691	0.012566625	0.08929521	-0.046014857
0.0824956	-0.07203304	0.043884102	0.0079356395	-0.028621867	0.0028941825	-0.0029763025	-0.058530454	0.046106346	0.030591754	-0.006758746	-0.077312045	0.00061015337	0.002971892	0.031738654	-0.03321838
0.05377751	-0.025975488	0.041903522	0.052947894	-0.09575365	0.023372605	-0.077993065	-0.08718595	0.0027966618	0.07097985	-0.028909137	-0.05699956	0.0034745317	0.023836125	-0.0012266126	-0.039351977
0.06098114	-0.0711495	0.06391972	0.08420562	-0.08536999	0.030170768	0.0017206261	-0.05753766	0.0024561381	0.056544006	-0.017845912	-0.029718732	0.037383597	0.07612911	-0.008785988	-0.012063141
0.011719839	-0.035010144	0.06803968	0.014031414	-0.0318293	0.010818197	-0.06586846	-0.059592508	0.095621474	0.0006721748	-0.08342119	-0.024510587	0.0845376	0.02724138	0.048175182	-0.059557453
0.051109426	-0.083397575	0.04729359	0.020374063	-0.059309762	0.06548452	-0.07884974	-0.05800879	0.052724972	0.05700259	-0.07023287	-0.016662989	0.049969997	0.0008371166	0.01465206	-0.0021393134
0.024964359	-0.042352565	0.010414533	0.014532341	-0.04137393	0.045176383	-0.058844358	-0.081483975	0.041402906	0.03825757	-0.0333701	-0.082140006	0.081363104	0.0021769628	0.069221035	-0.014962314
0.037791856	-0.08589528	0.04314165	0.008721448	-0.040559232	0.06468995	-0.061349228	-0.07542985	0.06056338	0.03507528	-0.033126406	0.004871454	0.043222975	0.058899444	0.052616406	-0.061545268
0.022462504	-0.018418068	-0.0011670887	0.027803766	-0.04372816	0.004888971	-0.05320704	0.008791494	0.032436937	0.055925284	-0.027659986	-0.047870945	0.041883193	0.0029869804	-0.0013914388	-0.025506832
0.064021945	-0.06132118	-0.00619652	0.05080136	-0.059006955	0.08162727	-0.060394112	-0.019175597	0.0772849	0.048899766	-0.054146495	-0.0373548	0.07482552	0.026727369	0.07432869	-0.08164883
0.049661383	-0.08363834	0.051266614	0.0422717	-0.053036626	0.03288291	-0.04507008	-0.09032304	0.00015900629	0.009328926	-0.06608073	-0.07772598	0.03874577	0.04046292	0.046959016	-0.0350122
0.030436575	-0.08834686	0.089600466	0.020798251	-0.08886842	0.050241448	-0.09121063	-0.0092286235	0.03831975	0.04684861	-0.0024525959	-0.036624942	0.088936284	0.08460005	0.07347541	-0.06828067
0.0640228	-0.06669571	0.06813992	0.028450327	-0.0039096763	0.09172004	-0.053268295	-0.018150257	0.097043544	0.053645033	-0.09136319	-0.05445685	-0.0020236606	0.081903666	0.051233366	-0.0010701113
0.0163113	-0.057981804	0.050777216	0.03900307	-0.08919972	0.092887454	-0.04034186	-0.015025196	0.0012738816	0.029332396	-0.08536462	-0.033389658	0.0009034596	0.0031817413	0.06928034	-0.07047245
0.031468555	-0.055385854	0.062617585	0.052718785	-0.050257422	0.0533621	-0.02569011	-0.05031541	0.025129715	0.08878649	-0.079185374	0.0066222874	0.054873183	0.035769783	0.062191434	-0.0488567
-0.0012655203	-0.00554583	0.016052151	0.028395604	-0.029582184	0.04164356	-0.025384344	-0.08907916	0.008289142	0.022490354	-0.06667344	-0.08724628	-0.007131379	0.08406772	0.0067708134	-0.0330063
0.058677107	0.00042522632	0.041376524	-0.008476501	-0.06929197	0.023565274	-0.03487511	-0.07400851	0.02196233	0.091136575	-0.066120155	-0.009635141	0.0005702253	0.043887388	0.0016159192	-0.08727412
0.065429606	-0.030498594	0.020931482	0.011986349	-0.088227995	0.092768274	-0.0013850486	-0.06760153	0.06970977	0.052188653	-0.08604442	-0.0028430626	0.028071636	0.09061538	0.0581945	-0.038891688
0.04110904	-0.030711118	-0.0074177748	0.07082403	-0.051934097	-2.0419935e-05	-0.043406017	-0.073794335	0.037979577	0.0042683394	-0.021812065	-0.08069167	0.0005118125	-0.004446671	0.066678464	-0.034618426
0.0021258607	-0.08459811	0.051647894	0.014588384	-0.00908746	0.00586273	-0.06533035	-0.072037876	0.09360622	0.011715984	-0.040868778	-0.024199516	0.023900952	0.088431865	-0.002016195	-0.06907457
0.034132767	-0.08840231	0.031101003	0.049312714	-0.025692556	0.08431201	-0.0450099	-0.0029028875	0.022882074	0.042009108	-0.012355748	-0.016461426	0.058292713	0.073364295	0.08708383	-0.07008923
0.080274016	0.00068507117	0.0047695735	0.072778605	-0.023358706	0.08989529	0.0029640316	-0.063920036	0.0335389	0.08915219	-0.03350744	0.0011712366	0.064733185	0.018100196	-0.0037414033	-0.055957593
-0.0801833	0.026477149	-0.06905105	-0.023524249	0.024338188	-0.07172747	0.042383783	0.03785731	-0.044207588	-0.056899857	0.03861461	0.013577434	0.0065964446	-0.01815107	-0.064068	0.06698077
-0.014394801	-0.012719728	-0.05817693	-0.065975815	0.031622764	-0.04502367	0.041147254	0.0021290383	-0.08885168	-0.0042534173	0.06972825	0.03719958	-0.07273391	-0.07489908	-0.01069221	0.007535217
0.009150609	-0.011174212	0.07101865	0.049081117	-0.0793162	0.06393895	-0.039661806	-0.013938539	0.038695544	0.036921404	-0.011717258	0.008197198	0.05963139	0.054037035	-0.00807224	-0.05462757
0.0018460818	-0.007618874	-0.00023942784	0.021285748	-0.03288494	-0.0023768784	-0.054527156	0.010265713	0.0690512	0.07317771	-0.037265733	-0.03445708	0.01236946	0.053885598	0.007912852	-0.017594272
0.009129147	-0.06804996	-0.006315636	0.044634815	-0.06410465	0.023437386	-0.06201248	-0.055930085	0.02074854	0.018512381	-0.028760217	-0.019678112	0.06848243	0.035958283	-0.01401761	-0.053893317
0.03069094	0.005016558	0.044673394	0.029415842	-0.03455672	0.0020286196	0.015757479	-0.02274488	0.047618516	0.07948449	0.016572101	-0.041514404	0.06256467	0.015879845	0.013546939	-0.043385472
-0.00437586	-0.030292923	0.01701961	0.07009619	-0.06937423	0.032531977	0.014876134	-0.029936597	0.058437746	0.013581449	0.01638451	-0.067013554	0.0030343076	0.0022879501	-0.007452065	-0.047599673
0.020387966	-0.040367518	0.002921153	-0.0032715732	-0.037434194	0.039157063	-0.051971816	-0.0681851	-0.006381793	0.032556653	-0.038678337	0.016785154	-0.00085809256	0.041468684	-0.007742958	-0.01360165
-0.056236736	-0.010967268	-0.051258363	-0.07664517	0.078425966	-0.07820454	0.046866793	-0.0034082644	0.007176602	-0.0022885315	-0.01407897	0.009280312	-0.0667869	-0.040335853	-0.04975575	0.074355274
-0.06616054	-0.008020138	-0.049610913	-0.0014635527	0.004515277	-0.084990025	0.008728118	0.034417734	-0.069243684	-0.08522866	0.033120617	0.057830285	-0.03941201	-0.05273902	-0.009844742	0.01870008
-0.06491823	0.061265126	-0.037387595	-0.01854533	0.089841396	-0.03425864	0.029311968	0.06466657	-0.08527951	-0.066751204	0.054113753	-0.001827019	-0.044273544	0.0063174525	-0.019885987	0.06627986
-0.08447569	0.007369531	-0.081727	-0.042017322	0.044138063	-0.05927079	0.022605574	0.020336386	-0.010873631	-0.056325745	0.015352753	-0.0005224145	-0.022197092	-0.022488656	-0.05440005	-0.0038274145
-0.061010115	0.022202058	-0.028396428	-0.08417658	0.071133405	-0.03310239	0.008033864	0.0574612	0.00712412	-0.06763676	-0.0029173072	0.0067121256	-0.032428972	-0.022026852	-0.00086312566	-0.0083960295
-0.0028075469	-0.057072654	0.0771936	0.049770176	-0.005709407	0.08930799	-0.037009925	-0.081008635	0.029167058	0.017630091	-0.07299466	-0.02799232	-0.005529303	-0.0008506562	0.08045286	-0.014418014
0.0060937204	-0.03374369	-0.00082722947	0.049439702	-0.01818825	0.07248433	-0.04546532	-0.029645622	0.0978327	0.00040601924	-0.016135743	-0.021623364	0.04731101	-0.005775013	0.06469791	-0.058936268
0.07715145	-0.037996516	-0.009144386	0.010150901	0.016916225	0.03801782	-0.03724371	-0.08543287	-0.0001001894	0.019126818	-0.06390048	0.0020157972	0.06754293	0.017752312	0.078756355	-0.028004147
0.055744555	0.00027862994	0.075019315	0.031119596	-0.07248143	0.05499988	-0.040429555	-0.05082961	0.03439506	0.004561574	-0.08214108	-0.06385795	0.04302769	0.08058441	-0.005105021	-0.02955942
-0.056707233	0.0018510905	-0.03157994	-0.03135451	0.0010103092	-0.053467724	0.010093325	0.06653094	-0.09850188	-0.0104912175	0.08289674	0.0500221	-0.058610447	-0.0059732096	-0.06683153	0.083482854
-0.025198728	0.016807647	0.018526277	-0.05951566	0.013868322	-0.0030995084	0.04586233	0.019261165	0.0020921533	-0.022337351	0.069210365	0.056213975	-0.033805728	0.016586337	-0.010340465	0.028437912
-0.014725708	0.015648566	0.01761653	0.012137091	0.07539196	-0.07869726	0.06299158	0.031862088	-0.039256856	0.00039846153	0.04173558	0.026913647	-0.076573685	0.004865381	-0.0343801	0.036781915
-0.027615111	-0.0029534486	0.017394243	-0.03915747	-0.012205974	-0.016451374	-0.012238622	-0.0113884285	-0.089577086	-0.06794167	0.007067825	0.07169079	-0.037435606	-0.040516023	-0.0046989135	0.0645764
0.0035710942	-0.044421293	-0.0074100667	0.07573286	-0.09371793	0.056355048	-0.03412397	-0.019357473	0.009346703	0.07838643	-0.08730751	-0.08258019	0.04179869	0.005470325	0.05991881	-0.012779817
0.021267846	-0.022647042	0.008765219	0.053893335	-0.05314827	0.0055103507	0.0046620034	0.005870603	0.052625638	0.033292424	-0.010333691	-0.03891427	-0.0027676586	0.04047709	0.04248618	-0.03754903
0.050501265	-0.0010502624	0.04556742	0.04713507	-0.021483682	-0.0012592303	-0.016916119	-0.010132939	0.024949042	0.034633525	-0.039904736	0.0017766847	0.025418654	0.06383516	0.05968484	-0.05082836
0.06273516	-0.07203317	0.039657276	0.0141653335	-0.01048907	0.06397021	-0.02109679	-0.07511202	0.03345244	0.04584231	-0.07033083	-0.0536161	0.06318534	-0.0023812947	0.049979936	-0.00021717761
0.06149867	0.006553215	0.033682454	0.0575333	-0.08964072	0.0071542896	-0.06758111	-0.010347396	0.07467915	0.017328741	-0.0004748572	0.0017699731	0.022088468	0.034693934	0.07994268	-0.060900286
0.031565275	-0.039473683	0.06191751	0.049082767	-0.061144732	0.04897868	-0.050370593	-0.025176674	0.06806935	0.034348972	-0.06834247	-0.004080718	0.08798045	0.0299127	0.009466356	-0.079276346
-0.026206832	0.0065576984	-0.003747112	-0.06401183	0.0044790297	0.0037459682	0.06638562	0.036945064	-0.03862735	0.011052166	0.045007564	0.070592076	-0.028120616	-0.048410505	-0.015412362	0.048239283
-0.074007235	0.004329528	-0.039827563	0.0064154854	0.030051688	-0.06401317	0.026967594	-0.001617887	-0.04339413	-0.052646197	-0.009064037	0.025230354	0.0038223872	-0.054654524	-0.0672486	0.050591618
0.022288086	-0.05976243	0.060707018	-0.0058166194	-0.06018783	0.022627318	-0.06285197	0.0053531965	0.007601943	0.06762513	-0.028866516	0.005925387	0.05673654	0.01956169	0.0052552745	-0.0739718
0.013721682	-0.080914535	0.05046676	-0.005621055	-0.0875587	0.06507238	-0.014574904	-0.010278542	0.008145823	0.07549694	-0.0029580763	-0.027348915	0.0074842907	0.0242674	0.07131372	-0.022289686
0.011104087	-0.06936147	0.0736029	0.043354005	-0.056164693	0.049997576	-0.022299469	0.0056981836	0.03370679	0.07209843	-0.009318176	-0.038078453	0.018219776	0.02108685	0.022869999	-0.042043176
-0.05158275	0.033691775	-0.036789346	-0.03460515	0.05073949	-0.018962445	0.026358038	-0.002572942	-0.07454328	-0.08383306	0.024181442	-0.0059663774	0.022288933	-0.012275706	-0.036980417	0.034173075
-0.019857578	0.078386605	0.012847957	-0.0120773995	-0.008299334	-0.025462259	0.073157236	0.0063904347	-0.028625494	-0.0482242	0.042933233	0.0792425	-0.07781179	-0.025491545	0.008966526	0.068480134
-0.077338986	0.013254615	-0.019629588	-0.081195705	0.009801988	-0.0073863333	0.05370215	0.012947634	-0.055812486	-0.052181885	0.0022419055	-0.016329162	-0.0266673	0.006143232	-0.069490835	0.069719575
-0.067311935	0.07468264	0.004359155	-0.06646173	0.061637845	-0.055243548	0.015718669	0.0058035012	-0.038668342	-0.034272347	0.076264955	0.013493466	-0.0799325	-0.02803051	-0.042933557	0.016010145
0.04233827	-0.06314612	0.017254082	0.076289415	-0.057849456	0.021155488	-0.07501377	-0.07932284	0.054246657	0.0083726905	-0.003690157	-0.031088956	0.08455242	0.04261373	0.0015845317	-0.07030911
0.002171346	-0.013654855	0.04914828	0.04272546	-0.043453854	0.06971355	-0.07487768	-0.07212319	0.0539957	0.014751701	-0.0023809574	-0.056604326	0.02144832	0.03169376	0.03676025	-0.008506839
-0.04299053	0.022180405	-0.043386888	-0.06691092	0.040495124	-0.079731524	0.06580048	0.060222823	-0.063335925	-0.08340145	0.05171947	0.011465034	-0.07570105	-0.009439564	-0.020619825	0.08538555
0.052992813	-0.03140351	0.059472516	0.056674395	-0.08911508	0.05144396	-0.020806557	-0.01971832	0.04515952	0.07269891	-0.0288411	-0.057769693	0.016995946	0.030050753	0.026135387	0.00089396455
-0.03402931	0.07099208	0.0013430886	-0.023562443	0.011750053	-0.0161442	0.02131137	0.027995378	-0.051906675	-0.03159014	0.012303301	0.07432633	0.01601354	-0.057218008	-0.05135212	0.048798952
-0.02977004	0.024704972	-0.072624415	-0.005310005	0.0189126	-0.08640372	0.08269027	0.02176692	-0.04339015	-0.07049828	0.021565638	0.06072026	-0.070967495	-0.033211265	-0.045109205	0.06302612
-0.04027093	0.07519061	-0.02778292	0.01123769	0.015476021	-0.062096864	0.07041268	0.072775036	0.0038724653	-0.007526053	0.051248122	0.039393857	0.0018384687	-0.007886276	-0.02738472	0.06515876
-0.08315685	-0.010186826	-0.079755455	-0.066087	0.075675085	-0.06075514	0.013947767	0.017770674	-0.05344973	-0.028419606	-0.006201679	0.023720024	0.017909775	-0.038698684	-0.029204225	0.014260002
0.019428734	-0.04876347	-0.0017807719	7.263238e-05	-0.060265116	0.04294621	-0.053238705	-0.07047566	0.035050288	0.07025643	0.0005635996	-0.0788844	0.061475825	0.021762494	0.06875516	-0.05280601
0.040008407	-0.06615829	0.05949987	-0.009871213	-0.07714537	0.021109318	-0.059816506	-0.04339802	0.09330017	0.071745016	-0.050366726	-0.037411463	-0.009912054	0.05469175	0.08785883	-0.0548278
0.06765048	-0.0296698	0.056622174	0.04375182	-0.03346234	0.059442867	-0.087420866	-0.07478442	0.0062553547	0.06366528	-0.087470375	-0.08692003	-0.008135459	-0.008585482	0.022069322	-0.0007675702
0.03326007	-0.062329065	0.059342213	-0.0021917592	-0.0015676194	0.031484757	-0.016312484	-0.04130787	0.00670251	0.08735862	-0.057396237	-0.040148094	0.07182817	0.06847935	0.022642482	-0.010719813
0.06774496	-0.0886446	0.03762092	0.08083241	-0.044969555	0.018639749	-0.07764629	-0.0006286082	0.0810244	0.07422935	0.008348295	-0.047734953	0.076970205	0.04676788	0.0607399	-0.085900925
-0.0007214537	-0.06300493	0.041467447	0.014175865	-0.022531664	-0.0058467393	-0.03436301	-0.0016724266	0.0580304	0.017353538	-0.007649549	-0.020687383	-0.011565771	0.08065505	0.06755848	-0.03417932
0.00035883574	-0.062422905	0.009196043	0.06420888	-0.08807223	0.06300178	-0.048066773	-0.021813434	0.09160853	0.065445505	0.0002537793	-0.059827387	0.039884966	-0.0046441886	0.0078904005	-0.037113965
0.04577267	-0.071523	0.08615148	0.048489787	-0.0042861947	0.057696324	0.0030032534	-0.050863508	0.014809356	0.035701808	-0.05063245	-0.07689002	0.042955894	0.025208637	0.008493087	-0.052969784
-0.06696499	0.03560424	-0.07050728	0.013651677	0.0027695638	-0.06342434	0.033910416	0.017074814	-0.022274327	-0.037128713	0.029992335	0.04680541	0.013341677	-0.034767166	-0.046844274	0.085800216
-0.016188376	0.012676725	-0.005887835	-0.079410166	0.004903957	0.002214427	0.040494714	-0.0066542486	-0.04225904	-0.002541066	0.02477254	0.06384002	-0.047969826	-0.012909413	0.0046985466	0.0037783987
-0.029498164	0.046371635	-0.078417696	-0.020311799	0.02794783	-0.006072798	0.026178338	0.06970929	-0.048464336	-0.003417102	0.06298344	0.039067723	-0.07279918	-0.0636711	-0.005203433	0.053584423
-0.052033044	0.053122453	-0.08005228	-0.009745694	0.08739796	-0.072182685	0.0064532286	0.05725001	-0.07168852	-0.015365078	0.05314192	0.017819455	-0.046447735	0.0068511465	-0.010932611	0.02361869
-0.050941654	0.07023109	0.012456822	-0.022528926	0.07881761	-0.052917473	0.07077096	0.020154878	-0.027366525	-0.08780429	0.015578251	0.024870502	-0.04859872	-0.07261738	-0.03655415	0.030494837
0.03814572	-0.04076048	0.06971167	0.019841634	-0.07200189	0.012542764	-0.03559565	-0.069333255	0.034080103	0.0018508681	-0.016405907	-0.013602982	0.054551408	0.036642704	0.024405593	-0.042153794
0.03520176	-0.042574417	0.036010526	0.051700424	-0.02024894	0.04079187	-0.06782589	-0.033427242	0.07208279	0.07831629	-0.038807068	-0.047381315	0.03684134	0.05452902	0.019200798	-0.0059350394
0.01013738	-0.08660712	-0.00125939	0.044014744	-0.054511055	0.038888715	0.00814486	-0.08230042	0.05897339	0.009834569	0.00092353433	-0.050132968	0.0155365355	0.042499665	0.037751753	-0.0325917
0.06810881	-0.010532892	0.08584035	0.08599342	-0.03361122	0.06139906	-0.04149245	-0.084907904	0.015619877	0.085200734	-0.014880138	-0.024443412	0.07758574	0.06398782	0.0070970724	-0.07942206
-0.080559224	0.03298415	-0.013775394	-0.0713169	0.07276808	-0.0018049544	0.03988628	0.009747393	-0.057167925	-0.012554233	0.038212646	0.029320473	-0.010697872	-0.082413636	0.00076041603	0.0061835065
-0.08668555	0.014269328	-0.06867	0.004649553	0.03601737	-0.0415567	0.06990793	0.08312584	-0.04663354	-0.058424417	0.048938856	-0.009208165	-0.012088022	-0.032133758	0.0057190605	0.07118772
-0.055275068	0.08396101	-0.062473785	-0.015248329	0.048278548	-9.986448e-05	0.058089424	0.042139083	-0.084484555	-0.055749856	0.07303613	0.04394567	0.012983192	-0.0075286953	-0.04920751	0.019324828
-0.043001954	0.04747967	-0.07429926	-0.023137052	0.0558223	-0.027354022	0.08020139	0.03345876	-0.08987683	-0.082625076	0.078168176	0.02027141	-0.012796121	-0.026587544	-0.02710678	0.08897258
0.0030602321	0.04128625	-0.07938461	-0.007958978	0.041484732	-0.052905567	0.07897875	0.056526914	-0.03993135	-0.029074907	0.06643907	0.057416897	-0.05658624	-0.07833687	0.0045726933	0.007175632
-0.049358487	0.031174233	0.0047404184	0.007830603	0.07065846	-0.03188441	0.07659146	0.054151434	-0.05864777	-0.08322594	0.022195809	0.028044961	-0.07905578	-0.011205493	-0.02003125	-0.005109014
-0.084009096	0.012530914	-0.08015947	-0.032292105	0.09334408	-0.06815558	-0.003381123	0.04993285	-0.057053618	-0.008800143	0.07242551	-0.005624715	-0.07353625	0.00023141672	-0.05674865	0.036508836
0.092275545	-0.063288055	0.07526439	0.017167153	-0.057230264	0.017252775	-0.0047038514	-0.024337288	0.08154838	-0.0014690375	-0.016665254	-0.07255328	0.031473704	0.08084651	0.032745946	-0.033621393
0.05763203	-0.056044117	0.019787442	0.015334337	-0.03987659	0.016731242	-0.08882074	-0.019418076	0.039574802	0.030042809	-0.026691686	-0.05471686	0.08575793	-0.0022190697	-0.007446706	-0.07718244
-0.040472712	0.030066362	-0.06166329	-0.019225787	0.047420725	0.007598199	0.07518598	0.07420506	-0.08904608	-0.024474291	0.013227959	0.07563559	-0.032198142	-0.051241793	-0.019860255	-0.0076806056
-0.04564696	0.05504166	0.002721853	-0.015087453	0.035843194	-0.051813755	0.032938864	0.010433995	-0.047601342	-0.018734047	0.06906334	0.0824988	-0.0588491	-0.045234017	0.00068956777	0.00019449944
-0.053938005	0.05583454	-0.04479317	-0.03250885	0.06404663	-0.036931172	0.034355197	-0.0093194265	-0.04719369	-0.09249551	0.07806452	0.011397978	-0.08260614	-0.013234483	-0.022555241	-0.0068687703
-0.01751783	0.009858012	-0.005473392	0.0049118944	0.056843862	-0.02111404	0.008393467	0.038960434	-0.05232937	-0.019566346	0.022983717	0.061337106	-0.03460463	-0.06450229	-0.0079310555	0.010154459
-0.027023125	0.02449272	-0.077145055	-0.049840596	0.04994529	-0.050839067	0.06340702	-0.0029517647	-0.00830663	-0.0032972712	0.07078395	0.043053832	-0.009963127	-0.0024000942	0.009754623	-0.005797199
-0.04805198	0.058758557	-0.044993397	-0.031055054	-0.02304262	-0.033409517	0.040564783	-0.015605585	-0.0020138393	-0.04988748	0.045438282	0.0008805643	0.021189377	-0.03196713	-0.017708201	0.017801259
0.0063511776	0.0039196215	-0.030718366	-0.061034676	0.018392922	-0.02580049	0.07510022	-0.0040430874	-0.040397555	-0.027990064	0.084039494	0.0060130754	-0.020658052	-0.050298814	-0.035622668	0.014300412
0.0049426258	0.027830327	-0.0010370358	-0.0026306699	0.06745902	0.004006875	0.0003033327	0.06507182	-0.02377032	-0.06451769	0.07892016	0.024973419	-0.07408427	0.0034652674	0.009758572	0.08049092
-0.07831297	0.021081915	0.007794124	-0.051781632	0.047136027	-0.054317303	0.026872957	0.012442357	-0.054711364	0.0070062317	0.0066238875	0.019315522	-0.022764385	-0.049254455	-2.4949259e-05	0.053487673
-0.06888789	0.07850769	-0.037140414	-0.076244675	0.011378623	-0.042896714	0.020616332	0.017694058	-0.037191913	-0.08009186	0.08355231	0.031124605	0.007746177	-0.047189742	0.016092183	0.01245893
0.011925689	0.0015014054	-0.015741283	-0.059567355	0.045350306	-0.037575882	0.05773909	0.028031785	-0.05828172	-0.05452387	0.016507396	-0.015451012	-0.05685213	-0.08284024	0.016163873	-0.006037621
0.040970564	0.010155394	0.024919514	0.036332153	-0.08812027	-0.0028199279	-0.02824354	0.0017470252	0.041109566	0.06555875	-0.065808915	-0.04549102	0.007999229	0.047139797	0.07104946	-0.06907146
0.005073016	0.040410098	-0.0016765799	-0.038737744	0.043552633	-0.072339825	-0.010168478	0.0067980494	-0.018041005	-0.017074421	0.05448632	0.020036114	-0.08449573	-0.03292965	-0.08271595	0.06960839
-0.06038665	0.03909301	-0.04846914	-0.039156318	0.047097165	-0.020384543	0.032223266	0.0007878849	-0.007736771	-0.058638263	5.604634e-05	0.06689675	-0.048887923	0.00840179	-0.005023742	0.025384681
-0.06778961	0.046399787	0.00049141544	-0.049584076	0.054996755	-0.038645167	0.0026312873	0.064151295	-0.037346218	-0.08101013	0.0722818	0.06690922	-0.001330555	-0.040659405	-0.022274775	0.07811156
0.017878078	-0.0017631744	0.056689966	-0.0036951075	-0.09498709	0.062202178	-0.003816532	-0.04080199	0.020912012	0.08162941	-0.015705273	-0.0022909497	0.029944161	0.07344491	-0.006923221	-0.054414935
0.038417008	-0.026284374	0.059573505	0.059630785	0.004955252	0.087513335	-0.034974348	-0.07002355	0.06811823	0.04528926	-0.055220887	-0.043262534	0.034743663	-0.0114004435	0.056430202	-0.05545726
0.040055715	-0.052620575	0.0043697	0.050210964	-0.029131178	0.0673739	-0.026645517	-0.06709597	0.034221075	0.016150609	-0.008365297	-0.048754327	0.036825396	0.022236452	0.0360678	-0.014277314
0.018056503	-0.016116135	-0.012741721	0.054101024	-0.024510847	0.055057157	-0.009318885	-0.029377319	0.09301143	0.0040137097	-0.048521005	-0.013752769	0.05387218	0.04389531	0.06513629	-0.086585924
0.07533341	-0.086172946	0.029496891	0.054676868	-0.045802083	0.0056828912	-0.025128061	-0.031311736	0.049989793	0.03515739	-0.048912458	-0.065287866	0.07643711	0.053769253	0.009098305	-0.036249314
0.07336401	-0.05976068	-0.010365489	-0.010730671	-0.00965902	0.011813082	-0.07228024	-0.07368475	0.05103891	0.0813243	-0.05662041	-0.057139188	0.0090964865	-0.001791594	-0.0047843065	-0.039019067
0.04628068	-0.0013753414	0.06299287	0.054571066	-0.06953297	0.020660283	-0.017685039	-0.062367152	0.02535021	0.087624446	-0.07692868	-0.050663248	0.036821473	0.004294134	-0.0075593377	-0.05655898
0.024870537	-0.056396257	-0.002099145	0.00541453	-0.08164013	0.047779992	-0.002812054	-0.06296469	0.03233429	0.059328943	-0.0073305285	-0.0121281035	0.04885269	0.002869011	0.05521433	-0.06396449
0.032504372	-0.076979406	0.019501548	0.031066284	-0.044968024	0.017071644	-0.075917535	-0.037456464	0.030809334	0.053508524	-0.03835647	-0.033787422	0.009112311	0.024321062	0.08579401	-0.06503418
0.047739573	-0.026304621	0.018179672	-0.0029386757	-0.055893637	-0.0024828392	-0.052243408	-0.0040447167	0.05374097	0.02934787	-0.034733392	0.010271507	0.03088821	0.078718714	0.046760254	-0.041983567
0.055732757	-0.06951659	0.0069533302	0.07363213	-0.09090636	0.05909848	-0.06578935	-0.032743502	0.048247207	0.0077542774	-0.0058238143	-0.03617445	0.06675666	0.03110641	0.042424053	-0.017869614
0.04407431	-0.011414032	0.075022444	0.037502132	-0.066889	0.016207615	-0.007974107	-0.055435076	0.012637737	0.081848755	-0.011266223	0.0022461112	-0.010082986	0.07965996	0.05638913	-0.065936826
0.012475728	-0.06419227	0.0032375227	0.0056704693	-0.058388256	0.07246321	-0.069993205	-0.04693095	0.025803266	0.09298921	0.01266125	-0.02031528	0.076148264	0.015418924	0.08533381	-0.008730233
0.06560038	-0.06352296	0.07642543	0.018800946	-0.078695424	0.07230752	-0.022900967	-0.0057824054	-0.0014347611	0.015089304	-0.084817626	-0.035317164	0.030622086	0.056464996	0.026416212	-0.028544083
-0.048744593	0.043614823	-0.01556642	0.0012194597	0.0032744627	-0.03605057	0.045517884	0.08073828	-0.04685789	-0.075376265	0.079755634	0.03883943	-0.0019700585	-0.03727929	0.010185991	0.030238956
0.037680335	-0.009873324	0.029108712	0.023425037	-0.002021897	0.06485659	-0.07316071	-0.06542509	0.09270489	0.08329613	-0.068729155	-0.05993125	0.07078606	0.06356388	0.060661476	-0.024116112
0.06639195	-0.06118154	0.024752373	-0.01119366	0.0060664043	0.028426936	-0.01803943	-0.010622244	0.093257986	0.077320784	-0.010603176	-0.074963674	0.011866109	0.046402045	0.0631719	-0.012962344
-0.08759461	0.044200037	0.011962738	-0.042469878	0.05969722	-0.010690351	0.043005504	0.040115763	-0.08380925	-0.023717066	0.06313541	0.06420343	-0.06266635	-0.023795957	-0.0786246	0.014975015
-0.02711483	-0.011516467	0.011677902	0.0029106278	0.014703663	-0.07274371	0.08713149	0.027463643	-0.033683058	-0.0788317	0.06691675	-0.0003940084	-0.07145149	-0.06949469	-0.00501044	0.0132829705
-0.046370767	0.036346942	0.0041528232	-0.05471943	0.057390116	-0.04360842	0.043576382	0.022195695	-0.098273024	-0.023108978	0.006697492	0.00965758	-0.041068714	-0.03855783	-0.07056071	0.07722025
-0.0031746007	0.07157744	-0.076297246	-0.06756014	0.08791999	-0.043534495	0.08135296	0.04682138	-0.086681545	-0.07764983	0.07244517	-0.00897563	-0.03467518	-0.03533598	-0.013851401	0.059843663
-0.071137145	0.032211974	-0.0127854515	-0.059273686	0.042153265	-0.02115145	0.05482259	0.011167538	-0.047392204	-0.0864873	0.06333885	0.070515186	-0.057439733	-0.07356598	-0.0032796955	0.03826025
-0.05603366	-0.009154111	-0.06780165	-0.047985297	0.060500316	-0.06101901	0.04410979	-0.01096569	-0.10175991	-0.08569511	-0.009682287	0.045210317	-0.08040439	-0.04211343	-0.07181362	0.072477855
0.0115237795	-0.07629123	0.068309315	0.02000259	-0.052949566	0.011446204	-0.047216292	0.0038103864	0.08098859	-0.0065957867	-0.053113412	-0.030730745	0.049998265	0.030723535	0.08307142	-0.07149179
0.060529124	-0.07502075	0.0028042959	0.048872355	-0.07804841	0.0018891741	-0.030378427	-0.08357151	0.07443372	0.09116119	-0.029411735	-0.04883414	0.050722796	0.042161796	0.021605594	-0.022446807
-0.008153703	-0.0075319824	0.016513126	0.015419813	-0.021251129	0.028082397	-0.04968502	-0.04085472	0.04783217	0.06294228	-0.02403273	-0.05515105	0.003817327	0.038302068	0.07721741	-0.056965034
0.08606601	-0.016785137	0.07288933	0.04397831	-0.060434077	-0.00970139	0.0105070425	-0.06250565	0.023897074	0.032721315	-0.056068305	-0.023106562	-0.012093016	0.017991835	0.026558423	-0.067607574
-0.07749494	0.057443105	-0.07493551	-0.0645694	0.042416725	-0.043087564	0.07624048	0.0479017	-0.022781877	-0.04444553	-0.016884021	0.03598517	-0.025496833	-0.07608754	-0.06337892	0.080579445
-0.014363252	0.05612193	-0.06996738	-0.03622343	0.06347281	-0.08469332	0.075384535	0.016395107	-0.06396231	-0.063640125	0.05110905	0.04813423	-0.07614569	-0.063725024	0.018326607	0.020896778
-0.022009451	0.03262377	0.0114463605	0.009033393	0.0014631725	-0.046889722	0.006764558	0.035514597	-0.040784225	-0.048915055	0.028428707	0.08613159	-0.045950852	-0.061827086	-0.022705069	0.024683893
-0.056047104	0.035607398	-0.028282275	-0.04413479	0.07563369	-0.028604552	0.03130339	-0.0114354305	-0.07549187	-0.014342624	0.072453335	0.0088714985	-0.03176609	-0.07799177	-0.03832319	0.047981154
-0.08496209	0.02652113	-0.0827898	-0.012573131	0.0077313976	-0.024546646	0.01390905	-0.0013675517	-0.08469685	-0.054895516	0.024816904	0.045202207	0.0055202325	-0.058449127	-0.06025589	0.024709223
0.07266453	-0.022299446	0.03942879	0.0036904968	-0.07095054	0.0454997	-0.026181104	-0.05369519	-0.00091463164	0.048768654	0.011124327	0.0067386813	0.018051954	0.05641532	0.049651194	-0.0009544501
0.035542775	-0.05057244	0.007500048	-0.0067516505	-0.07504807	0.037401956	-0.039642245	-0.057240676	0.012058762	0.04393812	0.0022513128	-0.049841043	0.071337335	0.073009335	0.02228915	-0.04079162
0.04231963	0.005046598	0.07025831	0.061212435	-0.009867506	0.07280606	0.01245366	-0.08294131	0.032492258	0.06682489	0.0038182295	-0.08116058	0.07711473	0.021354577	-0.013076619	0.010399996
-0.04478289	-0.0043964176	-0.068107985	-0.07234805	0.027349714	-0.043668218	0.06418833	0.05371572	-0.061290357	-0.01690863	0.056360204	0.07149377	-0.05314986	-0.04781868	0.0043195467	0.021854358
-0.034240317	0.023632994	-0.0093962215	-0.028065518	0.07800077	-0.01243356	0.010845056	0.00018037407	0.00826262	-0.08813545	0.06202909	0.08025917	-0.05928951	-0.021725025	-0.002918933	0.058690805
-0.04600425	0.010839895	-0.012494701	-0.05093512	0.046896055	-0.007250063	0.004763067	0.019172773	-0.009745417	-0.06532775	0.07783504	0.03233166	-0.054396044	-0.016888019	-0.032898508	0.046994153
0.0035375785	-0.035976656	0.03914048	0.056337927	-0.034950614	0.07399902	-0.0046542967	-0.064099215	0.081076644	0.008348094	-0.061790247	-0.023960931	0.020935055	0.07662164	0.064852186	-0.058971934
-0.0027688923	-0.00023393045	0.08093936	0.033176616	-0.064501315	0.0461791	-0.007837735	-0.024505835	0.026291978	0.053124376	-0.018575313	-0.08484136	0.022899374	0.029302765	-0.0043240124	-0.05292458
-0.004353617	-0.07110937	0.06699682	0.08135648	-0.0882876	0.07923602	0.0018470119	-0.023423694	0.07565092	0.09605772	0.0009929116	0.0047231894	-0.004425355	0.030767009	0.026233748	-0.050329387
0.047299188	-0.0113947	0.08030383	0.08539387	-0.03986247	-0.005461595	-0.012126822	-0.018987864	0.033553287	0.039413344	-0.0090721175	-0.029915735	-0.003114858	0.04038872	0.027455842	-0.07813467
-0.0019821194	-0.017991312	0.07190955	0.011142917	-0.07599611	0.0024634989	-0.055997524	-0.05381088	0.07252794	0.003914742	-0.032807462	-0.047144998	0.059034243	0.06536145	0.04970342	-0.009279207
-0.0003220369	0.0022049209	-0.038087487	-0.043202374	-0.003927753	-0.00072632584	0.021995189	0.017931636	-0.0037665607	-0.056891963	0.013224241	0.049138684	0.010156895	-0.031806245	0.010324073	0.0021932812
-0.05200105	0.073840305	-0.06169369	0.004484697	-0.004781963	-0.012630974	0.012392987	0.07866267	-0.019955683	-0.013954146	0.06820127	0.06328065	-0.076586805	-0.03299297	-0.018999912	0.07737713
-0.045257885	0.018818831	-0.013545789	-0.057891387	0.07324638	-0.031284463	0.047691114	-0.006389318	-0.04477541	-0.03860529	0.049398273	0.01004113	-0.01690322	-0.05633284	-0.078367226	0.05224821
-0.041652102	0.066333726	-0.0037053425	-0.023071976	0.07535984	-0.04299623	0.04020226	0.0012391591	-0.011455986	-0.020140085	0.07677917	-0.00038829254	0.01053719	0.0048964275	0.01601057	0.013427838
-0.022333572	0.051602297	-0.053370662	-0.061074477	0.07760414	-0.06347929	-0.014097818	9.8060875e-05	-0.046536513	-0.052846786	0.08213415	0.013118303	-0.025140043	-0.007494935	0.017577352	-0.009236917
-0.07747593	0.002147779	-0.00550028	-0.026853582	-0.00518809	-0.028505227	0.018527824	-0.020502236	-0.021680055	0.0010813507	0.016837792	-0.018812092	0.0063318885	-0.05014804	-0.058214743	0.026077889
-0.0911986	0.06683079	0.0007542154	-0.025855707	0.018747207	-0.08211739	-0.0010474024	0.0776228	-0.012092152	-0.0215332	0.052903015	0.069429435	-0.057443026	-0.026124673	-0.0013895385	0.0047927983
-0.05579125	0.010317896	-0.037869252	-0.032889787	0.02574299	-0.033206776	0.0005796319	0.04076969	-0.042992674	-0.0012967825	0.0070946305	-0.010657436	-0.07108793	-0.055299893	-0.06632128	0.08197259
-0.07183481	0.062573366	-0.06487645	0.01140922	0.025542472	-0.019970011	0.07206388	0.013971767	-0.01800831	-0.0030661966	-0.00802543	0.027721291	-0.029817645	-0.042222388	-0.070846684	0.07300015
0.014682916	-0.08274677	0.061639603	0.0802121	-0.07119906	0.033721592	-0.08639386	0.01153611	0.060727846	0.08804658	-0.027766282	0.0021366403	-0.005211619	-0.0034359456	0.07399495	-0.08292968
0.032980777	-0.00060521293	-0.0006747226	0.03122043	-0.09240036	0.08008236	0.0016747419	-0.045590226	0.057369832	0.05622457	-0.060950182	-0.043764047	0.05247968	0.018423297	0.077251576	-0.07896268
-0.08450617	-0.0105955545	-0.06688063	-0.05185855	0.066530816	-0.00893976	0.07180108	0.025056858	-0.08690146	-0.06116814	0.05749819	0.013607276	-0.07203752	-0.008248369	-0.06043453	0.01573925
-0.044553097	0.00018331921	-0.077272266	-0.02465545	0.043097336	-0.0061650975	0.028267086	0.021561086	-0.0793466	-0.070519194	0.04565241	0.034395874	-0.012364495	-0.00044975037	-0.061132673	0.075992525
-0.033227492	0.07924043	-0.041452233	0.0011268148	0.07135305	-0.03708849	0.026907058	0.005567009	-0.0025058165	-0.040999405	0.065069996	-0.0025455288	-0.03410697	0.01019539	-0.035068616	0.076842055
-0.083267726	0.004886105	-0.0053871614	-0.07309692	0.028994074	-0.071152166	0.05311005	0.015260844	-0.09077199	-0.089547224	0.05054854	0.072797544	-0.06348022	-0.06637093	-0.045402065	0.06790611
0.031063199	-0.04190417	0.066107996	0.039265312	-0.08660133	0.0247365	-0.015691128	-0.06776954	0.010274034	0.057679307	-0.060734622	-0.027154177	0.010214043	0.08727922	0.03027796	-0.020194525
0.0710501	-0.021651912	0.0047196653	0.039209582	-0.07892579	0.017043334	-0.030079568	-0.038479313	0.0064854166	0.06458138	-0.061621636	-0.06735324	0.07544788	0.016871111	-0.0063813124	-0.04670261
0.052253455	-0.0004223901	0.050848138	0.016497647	-0.03084685	0.07160706	-0.051172484	0.005024271	0.038795743	0.036777556	-0.068158515	-0.04824713	0.06049583	0.03507676	0.06189817	-0.03951111
0.03834285	-0.0065849894	0.023000794	0.012031764	-0.05908727	0.029020324	-0.041941147	0.008083505	0.05129842	0.031293172	-5.561032e-05	-0.06782531	-0.012042921	0.08887071	0.035611697	0.0040261378
-0.0015843684	0.004614741	0.0016954369	0.082291506	-0.028370993	0.0762444	-0.041464694	-0.004836925	0.08115576	0.07738952	-0.03099548	-0.07049094	0.003772561	0.054866437	0.0008848155	-0.03974954
0.058138296	-0.047364216	0.05182122	-0.008407283	-0.09294584	0.07185484	-0.07975526	-0.009051053	0.07265366	-0.003772296	-0.05049741	-0.0851699	0.030543532	0.02076062	-0.008263443	-0.04564378
0.077130474	-0.04963256	0.0024396456	0.0089322105	-0.06407799	0.012407759	-0.03111423	-0.037701413	0.046005	0.08745888	-0.01671088	-0.035124935	0.043506578	0.02032403	-0.006311978	-0.06887439
0.017506108	-0.012754873	0.057635102	0.08996059	-0.095211886	0.07607872	-0.037383992	-0.07461492	0.06110909	0.00047208378	-0.0797866	-0.0029974158	0.048792847	-0.0009171896	-0.00520798	-0.017184883
0.050956447	0.002247672	0.044290576	0.083327755	-0.010958084	0.003184819	-0.078118935	-0.017039172	0.06870992	0.004399517	-0.004549501	-0.08580948	0.05057653	0.044806637	0.008683997	-0.073215425
0.087560885	0.0037995372	0.032062043	0.037801735	-0.043149196	0.05470007	-0.079122156	-0.083838165	0.041728474	0.0513218	-0.0724707	-0.05075281	0.035269883	0.001655777	0.019031702	-0.0038790395
0.024121212	-0.014709022	0.007351778	-0.0073335883	-0.06590211	0.038025506	-0.001332485	-0.07246581	0.07792439	0.054673597	-0.08375029	-0.06757446	0.053042896	0.030107679	0.0608629	-0.03244064
0.037967436	-0.041842185	0.086266115	0.0856092	0.0014659062	-0.0012765889	-0.058169257	0.007738339	0.08295529	0.049062025	-0.05927206	-0.08439848	0.050417293	0.051119916	0.06612875	-0.031663835
0.059848763	-0.034408752	0.06306268	0.07998489	-0.065787956	0.027479015	-0.0034068038	-0.026641283	0.03632217	0.06555308	-0.04844294	0.0074234214	0.015528386	0.07053084	-0.0013061408	-0.05560056
0.015219001	-0.00065768714	0.08473688	0.05561347	-0.07955127	0.058390718	-0.036141653	-0.070505045	0.027104603	0.08489344	-0.055673324	-0.06021816	0.060293328	0.08015952	0.032444723	-0.046770822
0.028136449	-0.06279779	-0.0029524926	0.004506143	-0.08585443	0.019246632	-0.08400778	-0.08437176	0.017772552	0.003403038	0.00020055517	0.008225073	0.07828412	0.08469074	0.06936392	-0.041573692
-0.08600158	-0.009652031	-0.056844	-0.035247404	0.08426065	-0.064188294	-0.0037469158	-0.0015813026	-0.034980122	-0.005226226	0.042995103	-0.0084690275	-0.06825632	-0.0032417283	-0.0755286	0.029682012
-0.051752694	0.076985314	-0.0405627	0.006705435	0.028373899	-0.012462973	0.047298364	0.0429068	-0.06570465	-0.060274746	0.0487231	0.021962143	-0.04058049	-0.081798054	0.011469659	0.04305451
-0.046487592	0.0075354576	-0.030928647	-0.029651517	0.025386542	-0.014486552	-0.0040312614	0.06296197	-0.0057125026	-0.008118934	0.013429948	0.06528826	-0.011699077	-0.027160684	-0.06641945	0.0017496655
-0.08466105	0.075327456	-0.024126012	-0.027885402	0.06138758	-0.043798417	0.002021689	0.03455102	-0.088645585	0.0018756068	-0.0038046013	0.029081304	-0.075188175	0.009163994	-0.07455871	0.06254401
-0.08411515	0.073629476	0.004840256	-0.016083825	0.021248091	-0.056514017	0.032217123	-0.012618576	-0.043771308	-0.05525666	0.045311447	0.08146023	-0.029698756	-0.017521402	-0.022307385	0.021423407
-0.03889666	0.009954451	0.009552918	-0.0059019495	0.08440925	-0.037023783	0.07619864	0.06416259	-0.061590344	-0.04675644	0.06666796	0.053846393	0.0059836805	-0.016403992	-0.027411386	0.045155182
-0.008147418	0.030798951	-0.015154122	-0.081327975	0.07135946	-0.027519308	-0.008014117	0.044463906	-0.019677617	-0.0329774	0.047775205	0.012620789	-0.07828008	-0.023176972	-0.080674775	0.039635543
-0.04589817	0.0441785	-0.042992186	-0.031507455	0.07006105	-0.009999074	0.053544667	0.050753046	-0.07594182	-0.03323179	-0.0055944435	-0.000683745	-0.06843211	-0.059411254	-0.0106885005	-0.0029544302
-0.021964993	0.0686822	-0.022536349	-0.050982896	0.028717706	-0.062480528	0.055250872	-0.004166667	-0.008299115	-0.07447533	0.0053677605	0.0016461514	-0.023686763	-0.0108879935	-0.06933826	0.032485403
-0.069971465	0.030130368	0.0022986762	0.010217581	0.052241597	-0.013197442	0.040432934	0.012502752	-0.051423993	-0.041901242	0.055344373	0.05765352	-0.0787328	-0.01176573	0.010121145	0.04892298
-0.027726272	0.026492164	-0.07852162	-0.04465479	0.0800531	-0.013634064	-0.00910359	0.041942675	-0.011581844	-0.04979212	0.042212706	0.008231176	-0.052024715	-0.0023925991	-0.0042404924	0.02980929
0.03586457	-0.045294397	0.07723417	0.069563635	-0.04771072	-0.009861761	-0.074860476	-0.06362041	0.011730515	0.04318579	-0.033926502	-0.042171597	0.03283308	0.036656268	0.010547407	-0.0822001
0.0014217496	-0.03392562	0.042218443	-0.01137422	-0.06321508	0.045897823	-0.043510668	-0.04231582	0.01420832	0.054251947	-0.03826963	-0.06086908	0.072818145	0.02842209	0.08579469	-0.002494825
0.07904118	-0.0711185	0.01702587	0.06401738	-0.047128174	0.07838261	0.00041216292	-0.06500933	0.067225814	0.034983728	-0.0049513895	0.001966382	0.025629982	0.020912599	0.073773414	-0.07310264
-0.067787595	-0.0022981993	0.011051901	-0.07306583	0.009272002	-0.043125708	0.031926047	0.0046152365	-0.04717832	-0.08401547	0.0224522	0.085119225	-0.06961673	0.00048741724	-0.025312278	0.058470704
-0.0043819943	0.05486319	-0.060929228	-0.06414112	0.0644567	-0.0015524256	0.046633735	0.0584463	-0.062002953	-0.039054133	0.038024668	0.0682069	-0.03406807	-0.044862688	-0.043895215	0.053872712
-0.09044399	0.029274736	-0.044429455	-0.06206504	0.022049442	-0.031323593	0.061547395	0.040645603	-0.009510451	-0.008212644	0.042305853	0.011481411	-0.08130428	-0.06680044	-0.033572577	-0.008273236
-0.017314669	0.055116687	-0.03401105	-0.045140583	0.028850973	-0.079885356	0.019313794	0.019654997	-0.041885816	-0.043616716	0.058470756	0.038868446	0.002900706	-0.069367476	-0.08259644	0.058507312
-0.07293316	0.015237063	-0.075340964	-0.010540697	0.011051927	-0.079838924	0.053497612	0.041972633	-0.0074143335	-0.02513401	0.038069263	0.047466014	-0.061657317	-0.07897064	-0.026004719	0.031007292
-0.07090109	0.011729358	-0.044958763	0.008550264	0.027399303	-0.00847868	0.0837507	0.036119975	-0.08938978	-0.041665312	0.036409315	0.0037562232	-0.0660586	-0.005805757	-0.08670729	0.07002239
-0.040919304	0.07977541	0.0072772023	0.008070603	0.0874527	-0.03959952	0.01576715	0.060752828	-0.092809126	0.0013717633	0.010346032	0.04580512	0.002935498	-0.003494429	-0.057326928	0.011045115
-0.016669344	0.048499014	-0.037528913	-0.030166872	0.025341813	0.0053438535	0.0057031424	-0.0013349664	-0.102555454	-0.074121356	0.009777834	0.08003904	-0.055694163	-0.039193574	-0.021471316	0.012113878
-0.009279631	4.6420333e-05	0.0117221	-0.07021948	0.086701296	-0.088618286	0.017037613	0.016245916	-0.09523535	-0.060176034	0.04420555	0.051047295	-0.07294561	-0.023531964	-0.004247083	0.005345396
0.05089936	-0.003121771	0.045735095	0.00298988	-0.085881166	0.0001536114	-0.056940164	-0.061712116	0.01092574	0.05020839	-0.07451959	-0.08370035	0.024700627	0.061275564	0.058409955	0.0025348966
0.03558029	-0.03624783	0.029890608	0.062176943	-0.0027912334	0.021292044	-0.05089683	-0.0049574845	0.013305766	0.08478031	-0.071592174	-0.08155724	0.032276135	0.08104494	0.009031602	-0.018956969
-0.06263097	0.03960384	-0.025928589	-0.005853633	0.027706867	-0.06397172	0.048469514	0.07601891	-0.060580403	-0.072365515	0.0726826	0.035077304	0.0033927676	-0.062106617	-0.07213847	0.08328732
0.0012827156	0.049079828	-0.026634691	-0.043648716	0.027406434	-0.08226057	0.060878403	0.052331917	-0.029722353	-0.06848366	0.05667949	0.023524946	-0.033723272	-0.007194283	-0.0061209775	0.054670177
-0.048678543	0.017752592	0.006732438	0.012383056	0.06841948	-0.011984954	0.03976241	0.057488114	-0.08450522	-0.06493368	-0.0033712466	-0.002718041	-0.030160762	0.0043009836	-0.06335761	0.016324148
-0.061533343	0.001488297	-0.0040951157	-0.03818515	0.027624933	-0.032239936	0.08299072	0.026864981	-0.05758858	-0.07536837	0.005363931	0.06856302	-0.06775193	-0.016756307	-0.01952126	0.08244222
0.015101049	-0.018584486	0.019997535	-0.06815375	0.06954359	-0.02714462	-0.007844934	0.014253505	0.0076562855	-0.06356837	-0.00648277	0.07490204	0.022340843	0.009334471	0.017208932	0.028602289
-0.033276178	0.024916235	0.020158082	-0.035112627	0.06704743	-0.070416205	0.060929373	0.041853264	0.002440223	-0.042286247	-0.0023002222	-0.0018381788	-0.06360395	-0.014143127	-0.035846855	0.0076290276
0.014428144	0.0042975023	0.048007432	0.032458793	-0.013367998	0.026049942	-0.021202944	0.0037440266	0.0656931	0.052664857	0.0052078925	-0.048132718	0.041445464	0.069476865	0.077421434	-0.008444059
0.015482335	-0.023241796	0.040817186	0.006279312	-0.050924927	0.028112298	-0.08136912	-0.087625034	-0.0021552239	0.03294541	-0.032834847	-0.02423385	0.041286264	0.051180776	0.044749305	-0.06278498
0.05151024	-0.066760115	0.02967083	0.022320922	-0.016708339	0.06713359	-0.05333179	-0.035101	-0.00445433	0.082044125	-0.05445183	-0.06015861	0.0628762	0.0059359088	-0.005981804	-0.083488666
-0.0031584022	-0.07305912	-0.0067885676	0.0063998518	-0.07977783	0.05709372	-0.049906004	-0.043625247	0.019595146	0.012415256	-0.030572364	-0.02100861	0.072946064	0.07284125	0.08743948	-0.02705653
0.07281902	-0.021643922	0.021073153	0.01756782	-0.008549965	0.0055261296	0.0030254277	-0.02181164	0.08432341	0.078109466	0.006829761	-0.06081476	0.06524252	0.0029591718	0.07549958	-0.06459164
-0.059856866	0.0043838653	-0.049347803	0.007989752	0.07923344	-0.032307867	0.050239917	0.0275292	-0.07412147	-0.038990334	0.06881216	0.040037706	0.00655061	-0.042978548	-0.07814817	0.060143385
-0.057390247	0.04784398	0.0040018633	-0.035139903	0.08919514	-0.0672103	0.026098907	0.041470814	-0.047509912	-0.064555205	0.04164555	0.027907364	-0.029491365	-0.007987951	-0.053346552	0.040496133
-0.06967232	-0.0019324514	-0.07843807	-0.018052846	0.09283168	-0.036563955	0.046806913	0.024863264	-0.07843542	-0.08180308	0.04066307	0.0016851652	0.0011972407	-0.06835203	-0.011019309	0.031063905
-0.043519314	0.03847534	-0.047424965	-0.063106164	0.06256158	-0.028822307	0.056737952	0.06326635	-0.008574915	-0.04888693	0.052603424	0.022408653	-0.0414712	0.0039819637	-0.007309933	0.0103168795
-0.048489247	0.03578401	-0.004876999	-0.046959028	0.07210249	-0.07934481	0.05439588	0.0747255	-0.04893331	0.0012767978	0.08453591	-0.011183706	-0.078348264	-0.06686848	0.0058022784	0.08076657
0.084084205	-0.030717855	0.086882725	0.017926194	-0.064256355	0.059777416	-0.05272682	-0.044995815	0.019570464	0.018269794	-0.06787594	-0.06995036	0.0059520747	0.0054496303	-0.0030741112	-0.083476804
0.02338328	0.05486194	-0.040189397	-0.030051898	-0.027813422	0.035459984	0.004829315	0.040345427	-0.06461876	-0.050659243	0.04083153	0.023553124	-0.042884953	0.015867613	-0.019702466	-0.021406213
0.0019406062	0.04268539	0.0036637161	0.0022393388	-0.02363913	0.029618872	-0.016399752	0.047872376	-0.06305237	-0.023801694	0.025501207	0.0040906286	-0.061407484	-0.03964752	-0.05312679	0.05225368
0.0056562275	-0.031224307	0.044028483	-0.007172569	-0.029489364	0.08479587	-0.086840406	-0.013353622	0.063411646	0.043292537	-0.044036716	-0.08140245	0.03644053	-0.004790333	0.06555569	-0.058705203
0.07213018	-0.057886373	0.0466704	0.07058807	-0.056408554	0.0763594	-0.0165593	-0.024161601	0.08463696	0.043128394	0.0041467734	-0.074143834	0.039576355	0.028458532	-0.0043975143	-0.040339667
0.046745315	-0.07872606	0.03833047	0.057928395	-0.00080975064	0.022285692	-0.02672515	-0.06618395	0.050318915	0.0026812283	-0.08184711	0.007906212	0.017072305	0.0054870467	-0.009196202	-0.01619511
0.07545282	-0.0017331801	0.06923694	-0.0012463966	-0.07194878	0.012156538	-0.06490011	-0.009850295	0.030195542	0.08500636	-0.018447325	-0.081167586	0.019152336	0.048737455	-0.00031610334	-0.010873687
0.023822326	-0.081718646	0.04062469	0.065106735	-0.034968365	0.080202304	-0.008753347	-0.07802878	-0.0059394175	0.038010232	-0.030734558	-0.0010751546	0.0475345	0.06443528	-0.0035011168	-0.068711594
-0.0048063505	0.010650354	-0.009600972	0.0028471572	0.05463399	-0.009926023	0.007819422	0.016946234	-0.034558944	-0.01259517	0.029792132	0.07934479	-0.039670736	-0.0016311114	-6.844235e-05	0.0111726355
-0.07105161	-0.00021607554	0.003948843	-0.08225288	0.047212895	-0.01931705	0.07741368	0.00315492	-0.06446542	-0.022053733	-0.0039777746	0.053630628	-0.04510733	-0.020531308	-0.04613609	0.04789127
0.03608586	-0.046225782	0.055884972	0.0035479055	-0.060726225	0.029615376	-0.02482142	-0.06878024	0.071378216	0.01986783	-0.0036973404	-0.08000647	0.06975382	0.0028993974	0.06601683	-0.0075308
0.038237557	-0.019702425	0.047584236	0.0057305633	-0.05831688	0.017821891	-0.05062514	-0.046481796	0.08763897	0.052784532	-0.032839205	-0.0024571677	0.0020374928	0.076944426	0.07883155	-0.08533877
0.051060937	-0.04518153	0.022392321	0.0016594398	-0.040514383	0.006250397	-0.0034492142	-0.051421866	0.06789597	0.043879207	-0.075977445	-0.032884814	0.0056860987	0.06785988	0.00013495461	-0.03909402
-0.049633432	-0.010348168	-0.079446726	-0.043915424	0.025174193	-0.073811166	0.08408396	0.012002517	-0.030608943	-0.050286464	0.033011325	0.079292536	-0.07575919	0.010616744	-0.024906911	0.019931998
-0.017655045	0.02026232	-0.06980152	-0.050637543	0.06533166	-0.07114889	0.0034470204	-0.0016782557	-0.029126134	-0.06346465	0.012556388	0.0026811028	-0.08006397	0.0032666551	-0.087312445	-0.0029295804
0.07840249	-0.069756836	-0.009130716	0.08146146	-0.028549805	0.038484428	-0.04193456	-0.044757526	-0.004936805	0.09184449	-0.08872835	-0.03077917	-0.011242206	0.09070698	-0.005392748	-0.06131214
0.07027859	-0.02710551	0.028654214	0.053912945	-0.06180475	0.008629058	-0.06393315	-0.050495762	0.05558882	0.030266741	0.0010304443	0.006605358	0.086290546	0.015547823	0.04795339	-0.027001178
-0.029667648	0.00538548	0.002997993	-0.06353373	0.063729666	-0.07340023	0.00088580797	0.014652253	-0.013311152	0.0065364903	0.028718688	0.0134736	-0.054109395	-0.029164229	-0.022191271	0.04404268
-0.013188543	0.0044157286	-0.0054018795	-0.003281911	0.052629422	0.010910518	0.01185807	-0.0015000834	-0.026843537	-0.029997572	0.022844395	0.064988755	0.012786683	-0.019556059	-0.00039131253	0.05717905
-0.047659412	0.07297816	-0.057785347	-0.078224994	0.06511947	0.011018536	0.005590612	0.07659649	-0.021356633	-0.079438776	0.04199901	0.042909473	-0.058195386	-0.025061524	-0.026443621	0.036070473
-0.08091614	0.01485917	-0.061983705	0.009306388	0.023846122	-0.03704193	-0.003914659	0.050915606	-0.08309768	-0.014290198	0.034832135	0.07155322	-0.0031885328	-0.042752884	-0.0027208705	0.075952835
-0.07076376	0.023033358	0.011457341	-0.058722973	0.064676456	0.0066804443	-0.00472698	0.008291379	-0.09189445	0.0071435175	0.061954666	0.060217552	-0.05626704	-0.026173493	-0.022714332	0.061855324
0.0762199	-0.07514114	0.08400964	0.06915247	-0.021212691	0.03349722	-0.049504515	-0.08834502	0.0038728493	0.02997139	-0.0054390905	-0.03942125	0.0128965005	0.04964836	0.054521322	-0.058074012
-0.0011189459	-0.02171039	0.020463243	0.026612716	-0.07850136	0.070275865	-0.06977174	-0.075221136	0.046821058	0.04664226	-0.015604808	-0.019766383	0.0057804	-0.006724454	0.08083805	-0.01230244
0.029434133	-0.08036887	0.059548892	0.025992287	-0.018109543	-0.0039024225	-0.0046842205	-0.07849625	0.00090769504	0.010395474	-3.5724195e-05	-0.07204198	0.07330182	0.014288949	0.0047587417	-0.009647115
-0.009064993	0.00907608	-0.0017241733	0.0074085575	0.045341827	-0.05846472	0.07276392	5.149228e-06	-0.046412963	-0.08729477	0.06881457	0.08059733	-0.057514656	-0.068002686	0.005066223	0.08880414
-0.06402405	0.0042648576	-0.07956002	-0.04151165	0.08913438	-0.044914536	0.031070422	0.054657463	-0.07664882	-0.08620309	0.012733088	0.013582948	-0.016642937	0.006495368	-0.036878042	0.028350506
-0.0057224273	0.0058211363	-0.02479203	-0.0857697	0.014683281	-0.012632577	0.026796183	0.05127251	-0.053163193	-0.09510787	0.033819646	-0.012907466	-0.07075358	-0.05047207	-0.056726344	0.027235417
-0.04532314	0.07686718	0.0016675593	-0.006563497	0.058757965	0.00050131814	0.052699424	0.011500564	-0.09788168	-0.0568955	0.03239459	0.034942497	-0.07239808	-0.026995951	-0.08025349	0.027463727
0.0692498	-0.009658991	0.07128751	0.008980852	0.0019414399	0.08044169	-0.012321672	-0.077584624	0.03372027	0.013064375	-0.018221034	0.002248007	0.038503993	-0.0012772024	0.025970828	-0.036243506
0.052141514	-0.013669969	0.076001994	0.046884064	-0.0015449302	0.04468528	-0.058961745	-0.047445357	0.06844301	0.041110888	-0.050089736	-0.036919456	0.004416715	0.05138793	-0.008843909	-0.05706945
0.089650735	-0.04629891	0.086124174	-0.006531209	-0.08911058	0.046385877	0.003829325	-0.011449188	0.013934261	0.043484453	-0.08557692	-0.028090209	0.052167863	0.07978876	0.06602098	-0.08389209
0.026089521	-0.015501784	-0.009377757	0.070039295	-0.08206159	0.009659015	-0.010418173	-0.07803774	0.0518087	0.034627385	-0.081006095	-0.072493695	0.029725764	0.07742535	0.05015313	-0.038094442
-0.0014149535	-0.011711882	0.025112247	0.00994473	-0.09060568	0.042737335	-0.009839672	-0.06477464	0.09094653	0.095760636	-0.041517626	-0.03191449	0.05553628	0.066314355	0.06577043	-0.087352864
0.065450974	-0.0077836635	0.029164491	0.039292086	-0.016903732	0.0052902554	-0.009093322	0.0003294549	0.06772251	0.014211586	0.00960773	-0.011083498	0.038274515	0.030746363	0.018490596	-0.004499666
0.090270564	0.004184624	0.07129108	0.019014232	-0.033117566	-0.006771902	0.0034619514	-0.067686275	0.008258238	0.012220728	-0.026409298	-0.009320689	0.003303062	0.030975055	0.070499964	-0.089140214
-0.059593584	0.031148713	-0.06054846	-0.0009019956	0.05682816	-0.08429507	-0.008887654	-0.0019819695	-0.013422007	-0.02608013	0.022533892	0.06686391	0.0045214053	-0.026585469	-0.06877289	0.012560387
-0.0131670935	0.078902096	-0.074083574	-0.017421052	0.046545368	-0.029177938	0.06651867	0.045411117	-0.0058857147	0.0008631987	0.017424963	0.07832231	0.00800767	-0.041511014	-0.033553217	0.030600395
-0.077149294	0.058410957	-0.0031701457	-0.075209714	0.040756274	-0.08248387	0.047115605	0.039489962	-0.0071714446	-0.08961739	-0.00541804	0.021309903	-0.033365525	-0.007060469	-0.0634173	-0.003020062
-0.0043875244	-0.006865116	-0.049946215	-0.06391952	0.023996498	-0.08290259	0.078278154	0.009646372	-0.039400388	-0.08671291	0.010364173	0.06851809	-0.050419703	0.002359152	-0.047621273	0.046335317
-0.049728885	0.020925352	-0.021158159	-0.004901413	-0.0028672197	-0.0027819788	0.024006493	0.008541634	-0.096584596	-0.037062258	0.016285993	0.036741015	0.007910221	-0.066495866	-0.020073328	-0.004112361
0.008195026	-0.0068971803	-0.0033663718	-0.03590208	0.07650784	0.003746276	0.08144691	0.021945765	-0.041397203	-0.037157804	0.0708496	0.00073472207	0.012092225	-0.020729566	-0.075929545	0.040609144
-0.054656778	0.07013752	0.015688226	-0.005450534	0.0380539	-0.07727484	-0.0021382351	0.07860009	-0.06263576	-0.051221587	0.009215311	-0.0073734713	-0.01919909	-0.066470355	-0.07625448	0.0830527
-0.044498913	-0.013629353	0.009078284	-0.031735014	0.057996064	0.009004664	-0.012277839	0.05639995	-0.08590775	0.0028370593	0.003281372	0.05987665	-0.0149599835	-0.03925338	-0.042790014	0.034927316
0.047623403	-0.08143104	0.085129626	-0.0077672703	-0.012729212	0.030332781	-0.07277783	-0.08101885	0.09269375	0.059399582	-0.0726987	-0.010224345	0.04504218	0.053551346	0.05732995	-0.017178217
0.0073813223	0.011426547	0.019031579	0.08418916	0.0061235363	0.080952756	-0.079255514	-0.021067468	0.01789145	0.06985813	-0.059673574	-0.08045132	0.08670733	0.02472836	0.06322847	-0.03940131
-0.037696637	3.0220588e-05	-0.04235457	-0.0347556	0.042084664	-0.008146575	0.059133366	0.031505574	-0.09295672	0.0017186841	-0.001334068	0.056363735	-0.07091699	0.007863996	-0.018371535	-0.0019455901
-0.02439257	0.008504263	-0.0648094	-0.07278958	0.013192669	-0.07255625	-0.0033747416	0.02094427	-0.06417917	-0.032166194	0.07198054	0.049297146	0.012732713	-0.055762537	-0.0498277	0.023711707
0.066314116	-0.012005244	-0.0056285523	-0.0022830768	-0.046276007	0.071978524	-0.04987745	-0.0017492888	0.012930956	0.0859618	-0.078275874	-0.052251898	0.08684264	0.05902397	0.005050963	-0.03581714
0.090984635	-0.041492306	0.033111334	0.047850892	-0.05907422	0.07752772	-0.047455613	-0.0050343922	0.02755651	0.071494125	-0.047203597	-0.07362009	0.054469734	0.037522845	0.05298986	-0.038468197
0.05743854	-0.020735074	0.07061182	0.06705592	-0.026237214	0.01995532	-0.0054367664	-0.06267362	0.0096361535	0.016467314	-0.08253073	0.0026340343	0.023069356	0.044974558	-0.0020939212	-0.04701382
0.069433175	-0.01319231	0.054103296	0.035107788	-0.014998962	0.021634473	-0.008633498	-0.06315213	0.10133916	0.08684984	-0.02518791	-0.06330893	0.08592134	0.015878461	0.07389178	-0.008950434
-0.07353001	0.004460668	-0.023421863	-0.014601109	0.066545025	-0.05626302	0.024824152	0.057152614	-0.01346187	-0.09162091	0.012724182	0.08404531	-0.05296593	-0.01212192	-0.06159609	-0.00059427874
0.0035552226	0.064114586	-0.0026237357	-0.062735185	0.05078856	-0.06663215	0.044345345	0.045156073	-0.06221418	-0.030726546	0.084024265	0.03350959	-0.07173274	-0.05592256	-0.01818511	0.06950064
0.0065306183	0.033912867	-0.012582164	-0.009054371	0.060759522	-0.0039496394	0.06608103	0.035950214	-0.00643201	-0.09004948	0.05835649	0.059779678	-0.038065102	-0.07689815	0.014604819	0.054266978
-0.00034192565	0.0743945	0.0075598233	0.0050736684	0.07121447	-0.0229589	0.065117545	0.052179754	-0.03165615	-0.012595996	0.011737958	-0.0084489295	-0.04422399	-0.031550903	-0.028505646	0.03367015
0.009742475	0.013649725	-0.04007892	-0.027299235	-0.002375064	-0.077301346	0.028440878	0.016704908	-0.05655952	-0.064965814	0.0020989992	0.07436713	0.013503936	-0.071792565	-0.017940404	0.04083858
-0.04319697	0.060782626	-0.082063824	-0.020571742	0.037531447	-0.030294036	-0.009516091	0.049877767	-0.020296283	-0.00069982075	0.05633062	-0.008365428	-0.047525395	-0.03455338	-0.041150883	-0.00064419117
-0.0003711475	0.0444788	-0.02298514	-0.046055153	0.074326634	0.003987191	0.06492235	0.018504646	-0.08994664	-0.031243844	0.06694804	0.014769065	-0.074229345	-0.037093394	-0.0561258	0.014774629
-0.067418054	0.03937347	0.014571932	-0.042681284	0.06971766	-0.0431783	0.045665517	0.010363861	-0.007172475	-0.07329768	-0.004042736	-0.013978074	-0.013343311	-0.004371037	-0.036843896	0.085751906
-0.067554586	0.048881486	-0.07116665	-0.012648556	0.08641717	-0.0837521	0.082875066	-0.012473133	-0.07195847	-0.056035645	0.043526568	0.0026221303	-0.045115184	-0.060404282	0.0067569236	0.0006297233
0.0853372	-0.012698378	-0.0041683065	0.0037420208	-0.07373627	0.08696771	0.011658922	-0.037451882	0.03858679	0.053131897	-0.057955537	-0.036191575	0.03370412	0.013901029	0.082055904	-0.04875738
0.026457025	-0.013508597	0.0073282877	0.019071015	-0.043160465	0.07532354	-0.08032877	-0.029441983	0.032163247	0.020943962	-0.044732388	-0.049013212	0.056837246	0.07574261	-0.008591976	-0.00073052867
0.032725014	-0.050688177	0.056717917	0.024335206	-0.03133434	0.054081813	-0.00017685333	0.0011485281	0.071519114	0.02800227	-0.028951257	-0.014391181	0.015740048	0.054960076	0.07032549	-0.06934271
-0.0033090292	-0.04906234	0.009891438	-0.0002673555	-0.061120715	0.027587706	-0.03892762	-0.053471353	0.024111452	0.06182677	-0.06500782	-0.052592557	0.06388933	0.054631796	0.08281259	-0.021455264
0.021463113	-0.01075859	0.015250944	0.058057193	-0.03588158	0.01950091	-0.0019278659	-0.08779015	0.009957096	0.040464032	-0.028322432	-0.06499981	0.05664599	0.085559174	0.06001183	-0.020451361
0.01897961	-0.016564721	0.0029722126	0.032487676	-0.06656665	0.012664407	-0.017611926	-0.05057246	0.03511438	0.09377591	-0.054712374	-0.00403729	0.028046729	0.034074903	0.025232522	0.004695513
0.0027696446	-0.06719524	0.075800665	0.083065294	-0.025799515	0.07631918	-0.05111096	-0.054169837	0.026592145	0.009459257	-0.06507719	-0.02864469	0.051659867	-0.008127171	0.03425288	-0.040506568
0.035255153	-0.049080733	0.03382233	0.07594622	-0.053784236	0.0027703922	-0.017947918	-0.006587804	0.017388677	0.04302379	-0.030748546	-0.088650435	0.018302599	0.053462837	0.0028134505	-0.07469685
0.013630425	0.0015285249	0.06750466	0.06671143	-0.020863874	0.06753991	-0.078188606	-0.0022096261	0.09621985	0.012687193	-0.07951449	-0.083686985	0.036160003	0.03949541	0.08012722	-0.05900189
-0.024002956	-0.009935706	-0.081497714	-0.084996805	0.03731805	0.010496665	0.07819282	-0.0126220975	-0.041109845	-0.055029362	0.018417027	0.06782781	-0.051367093	-0.00095554296	-0.071263716	0.03209275
0.020024523	-0.015663818	0.034485023	0.017502597	-0.018208742	0.058310565	-0.01582904	-0.019512307	0.08293551	0.02658437	-0.02300568	0.0063512786	0.025250113	0.04600691	0.04898336	-0.08729118
0.038740776	-0.06565767	0.067671604	0.029401975	-0.009131524	0.031724613	-0.06019952	-0.0026128332	0.03600155	0.06119979	-0.056909855	-0.016644709	-0.006293139	0.020325664	-0.004969058	-0.033156194
0.08453981	-0.0014916745	0.08342942	0.070062235	-0.063447304	0.0706794	-0.050172545	-0.078267284	0.0015063077	0.09053928	-0.06834805	-0.0023945745	0.08064053	0.01265593	0.07391907	-0.065710194
0.021256687	-0.0349256	0.0006043298	0.022452341	-0.029331304	0.022034312	-0.061564494	-0.04518394	0.052355085	0.070587926	-0.03588072	-0.0123467995	0.013409302	0.026179325	-0.0015556861	-0.08547112
-0.004044291	-0.027999332	0.0016710467	-0.008576121	-0.033330843	0.015020232	0.009252115	-0.06960177	0.027100485	0.06411766	-0.055523723	-0.05710015	0.029397372	0.07445123	0.023161648	-0.013679314
0.07675035	-0.03831377	0.023865508	0.04194384	-0.06912738	-0.0050354367	-0.015492069	-0.01712425	0.0010096221	0.062007524	-0.0003704477	-0.05415683	0.047422595	0.023160558	0.0044138795	0.010899855
-0.0026215843	-0.00013966525	0.07487631	0.066046566	-0.08491266	0.055492487	-0.017967403	-0.06440062	0.062234964	0.040093023	-0.001084835	-0.023747494	0.05372061	0.06859214	0.046829302	-0.036954284
0.068111375	-0.009675407	0.07045313	0.077914536	-0.06952951	0.07049363	0.011446117	-0.015913831	0.0109756375	0.059858404	-0.027856221	-0.00066999416	0.02668976	0.05823235	0.042823263	-0.00702628
0.090260565	-0.038276803	0.043888424	0.052345376	-0.07164441	0.0887479	-0.08633423	-0.05849095	0.09420671	0.075592935	-0.05250053	-0.01716577	0.035154708	0.0310413	0.016820556	-0.0875292
-0.030278493	0.007861043	-0.027026797	-0.035539716	0.019121533	-0.01652875	0.046325013	0.08411233	-0.08970585	-0.006290119	0.07557931	0.07453296	-0.06055639	-0.08738916	0.0025828907	0.046689764
-0.07970353	0.0013776531	-0.08538225	-0.049672976	0.06687562	-0.08297952	0.04688476	0.022009576	-0.09631888	-0.08272702	0.06701407	0.007789625	-0.0719459	-0.0469768	0.0064914143	0.036123537
0.010219721	0.013102559	-0.052974973	0.00942112	0.027291512	-0.064513884	0.0030524663	0.03367102	-0.059002373	-0.00781258	0.050135404	-0.012842225	-0.028438848	0.011637484	-0.053978164	0.06923095
-0.032017987	-0.0055682566	0.010906446	-0.058439247	0.032737702	-0.023957442	-0.015586679	0.014033792	-0.042921074	-0.0701339	0.079801045	0.06879058	-0.0361937	-0.026935812	0.007294494	-0.009571251
0.0049318234	0.04311341	-0.07665277	-0.0055120043	-0.01069961	0.0001642312	0.018847644	-0.018820334	-0.04250749	-0.01763092	0.035613485	-0.002506758	-0.048973516	-0.06986541	0.015576981	0.03587078
0.0072951987	0.052698657	0.008222704	-0.071588606	0.013832145	-0.055277098	0.05344306	0.040103085	-0.06182156	-0.01286471	-0.01113105	0.0035072407	-0.04831882	-0.057972264	-0.038169056	0.051132392
-0.00088965485	0.021822479	-0.029601052	0.0070791626	0.06259544	0.00953263	0.06830317	0.005009483	-0.009222291	-0.04398532	0.019023597	0.03295802	-0.0073091155	0.0019554116	-0.02348942	0.043661173
-0.048359066	0.06927975	-0.074685425	0.013707848	0.026530826	-0.028763676	0.021054756	0.051396523	-0.021812089	-0.010208026	0.011699478	0.0015556965	-0.06561288	-0.028638354	-0.021673955	0.0061308197
-0.06927912	0.016526965	-0.028410964	-0.06215123	0.028105095	-0.03144523	0.0794272	0.028060522	-0.034248378	-0.01562503	-0.011720634	0.054867003	-0.041651916	-0.08301726	-0.08240363	0.0236411
-0.058797162	0.0025457249	-0.017434075	-0.0106950505	0.010470754	-0.009928243	0.06006626	0.033705838	-0.00955805	-0.07199094	0.013744344	0.06962016	-0.04448415	-0.0008476641	-0.0735973	0.011008848
0.06199837	-0.0154686365	0.038307	0.053160466	-0.01720974	0.00080837845	-0.032234408	-0.04520776	0.046419624	0.06340181	-0.054229405	-0.042216986	0.044703472	0.017355742	0.032396734	-0.059511226
-0.0033174893	-0.08393224	0.037936475	0.037945606	-0.09038916	0.09365648	-0.09085647	-0.014538497	0.015558209	0.08313748	-0.07924823	-0.016402269	-1.1556604e-05	0.09170408	0.05182332	-0.08116074
-0.0036775887	-0.029329248	0.015123157	0.05755585	-0.05881143	-0.0047679716	-0.028268544	-0.039916225	0.008491595	0.0819318	-0.028317	-0.027758684	0.08610425	0.010930589	0.08239106	-0.016496046
0.01871953	-0.045348078	0.01596146	0.048996694	-0.026967667	0.0045920103	-0.012948753	-0.06957025	0.09776727	0.0731365	-0.049801756	-0.06676895	0.005098181	0.0034682143	-0.006124258	-0.05588182
0.018279644	-0.045259316	0.057752226	0.0123275835	-0.06396643	0.06197342	-0.08242036	-0.020737518	0.07204209	-0.0022573704	-0.03509007	-0.0040319473	0.04544617	0.07951548	0.049846634	-0.068666
-0.06134949	0.01260205	-0.075050466	-0.01752979	0.0002425732	-0.075751476	0.08276002	0.055104494	-0.038437836	-0.0068891584	0.07497896	0.08397605	0.007923708	0.0026901776	-0.055615116	-0.001877935
0.08491878	-0.009501824	0.00057540997	0.052023433	-0.06123974	0.045891	-0.011752521	-0.07019918	0.084838614	0.008457757	-0.007696787	-0.038904354	0.010095007	-0.010237244	0.0121966	-0.05088491
0.017650407	-0.00097616826	0.039307624	-0.0019879886	-0.009696942	0.008999039	-0.08553395	-0.04293398	0.06575521	0.08924693	-0.052759077	-0.074203886	0.013101857	0.07936487	0.059081376	-0.025048312
0.027604824	0.00047803123	0.08524697	0.08291538	5.448761e-06	0.01519201	-0.08630048	-0.035635874	0.060312726	0.036363505	-0.0528211	-0.086055845	-0.0046033524	0.02363613	0.033996586	-0.020305999
-0.017984822	0.04384417	-0.07525067	-0.029397244	0.0887488	-0.057175454	0.059327934	0.059372883	-0.076058686	-0.032322578	0.033774924	0.07556395	-0.0725677	-0.06354811	-0.029506853	0.03857007
-0.0069105932	0.06514527	-0.04623007	-0.04914109	0.06735071	-0.04681237	0.08384906	0.061537825	-0.050825037	-0.081160896	0.059579287	0.04809344	-0.04395554	-0.071109965	-0.047088012	0.030331045
0.016731827	-0.0073590917	0.05310736	0.04426214	-0.08791212	0.07586824	-0.04797846	-0.059473976	0.00048525695	-0.0009085807	0.009256049	-0.026297718	0.06456364	0.078556426	0.019151336	-0.0060491525
0.067293175	-0.055038672	0.07252557	0.08582012	-0.030543836	0.040764272	-0.023559978	-0.068701155	0.08173317	-0.0021651404	-0.045904525	-0.007633325	0.025609681	0.0898645	0.050483692	-0.06629171
0.012846088	-0.0029165808	0.006138267	0.031745743	-0.0776295	0.023349205	-0.03449772	-0.024596188	0.03991769	0.05274851	0.008671806	0.0013196896	0.076382145	0.06739511	0.04036152	-0.05443323
0.08639409	-0.04565975	-0.0028898336	0.04570484	-0.0421079	0.0854859	-0.08429686	-0.053420484	0.042749	0.0012935781	-0.05089621	-0.07557177	0.024096088	0.059550647	0.08457803	-0.006017197
0.04368724	0.00051895593	0.07692825	0.068870954	-0.054617405	-0.005278394	-0.02124536	-0.054458573	0.017341517	0.07138777	-0.08349019	-0.054065526	-0.0095326165	0.004468918	0.053774104	-0.05971536
-0.076514065	-0.011146035	0.004228061	-0.059482988	0.07239857	-0.024050782	0.070512176	0.0813573	0.000978002	-0.0627048	0.060530756	-0.0021672628	0.010587483	-0.035096668	-0.05584281	0.07697212
0.020717436	-0.080353804	0.06564739	0.07615105	-0.06371099	0.025759852	-0.004242306	-0.046841208	0.08191146	0.074743666	-0.0055652303	-0.025516862	-0.0022628289	0.042907562	0.0034711005	-0.052818306
0.06427894	-0.08672961	0.042364083	0.018946473	-0.084838584	0.050931375	-0.044398393	-0.045789745	0.046097185	-0.003442129	-0.06082256	-0.035585083	0.020428615	0.013891604	0.045640983	0.0055653783
0.082088515	-0.05141066	0.021728521	0.028698914	0.004179707	0.052771218	-0.08345648	-0.058720443	0.018758347	0.06686782	-0.073947296	-0.014468493	0.04008314	0.018799279	0.073967166	-0.05068463
0.08890868	-0.038802046	0.013762352	0.04346867	-0.05750647	0.032629166	-0.013405578	-0.050155777	0.07758483	0.048781663	-0.039301038	-0.07264394	0.020805357	0.07466177	0.008917017	-0.05592944
0.068756744	-0.037646666	0.06566442	-0.0016516227	-0.04497366	0.00980061	-0.0031811944	-0.04330486	0.017365223	0.052008934	0.010707814	-0.032309487	0.057790577	-0.005633051	0.08191109	-0.055486675
0.067803755	-0.071084574	0.025318466	0.014055353	-0.07738572	-0.0077789472	-0.025274789	-0.043342967	0.008482053	0.03267556	-0.018913524	-0.061333984	0.036400553	0.021463905	0.07158301	-0.018678121
-0.028451428	0.03620384	-0.039959855	-0.059170887	0.012023013	-0.047824297	0.009262979	0.012486719	-0.045496657	-0.08787589	0.0017728222	0.06505051	-0.03405865	-0.00094627653	-0.0065842015	0.06646769
-0.06877829	-3.967462e-05	-0.081312746	0.00066382973	0.023155307	0.007134186	-0.008043967	0.0413235	-0.045774497	-0.003633354	-0.00063446065	-0.007369749	-0.051450074	-0.048639666	0.0051791472	-0.0013292861
-0.07985716	-0.0065843933	-0.03496764	-0.029637234	0.03457049	-0.021896992	0.056766585	0.0038697203	-0.08545875	-0.033000078	-0.009416115	0.0568474	0.006736933	-0.039478406	-0.08226527	0.0834426
-0.073375285	0.025068494	-0.067889564	-0.074142225	0.04189124	-0.058515623	0.03324611	0.062467244	-0.050366055	-0.018677596	-0.0010891055	-0.0143696675	-0.06312819	-0.07739955	-0.05255451	0.016292596
-0.06807881	0.06634077	-0.024421815	-0.003068339	0.04258132	-0.06870695	-0.0048903464	-0.0026415	-0.09351761	-0.013960575	0.07544864	0.0120862285	-0.05661682	0.0059980396	-0.06653391	0.014183774
0.08959039	-0.048995752	-0.002217081	0.043665715	-0.011447323	0.052261412	-0.007927663	-0.046478663	0.008561481	0.091747396	-0.006101661	-0.05445291	0.072917044	0.010386855	0.017022252	-0.040914956
0.04299324	-0.0657789	0.08272664	0.058842804	-0.024418699	0.06734352	-0.04816435	-0.032313183	0.050018013	0.025248412	-0.0595973	-0.053364873	0.00878043	0.023316601	0.08638767	-0.029184388
0.018662598	0.00026553372	0.024075229	0.08075932	-0.04856833	0.06736773	-0.0053915423	-0.090362	0.05258385	0.019143982	-0.08199918	-0.047781374	0.04699931	0.03785302	0.05473734	-0.03412813
0.042846974	0.0019336429	0.06376866	0.06379264	0.0057456153	0.010631757	-0.000104978186	-0.0201049	0.032299533	0.061742593	0.011789987	-0.021986432	0.06991085	0.002542501	0.07575908	-0.035111364
0.057380807	-0.031631734	-0.0009931258	0.080422334	-0.05508946	0.056666676	0.011641571	-0.03830876	0.009333975	0.030931404	-0.056804515	-0.056652978	0.022104762	0.06112914	0.08138179	-0.0020497032
0.055050004	-0.03040146	0.072663106	0.042028543	0.00040095355	0.042535882	-0.0040659895	0.005308173	0.006669051	0.0324883	-0.05293542	0.005809742	0.063859716	0.0747916	-0.009630135	-0.01044148
-0.070795	0.02649058	-0.04128154	-0.061116453	0.030286128	-0.0027624294	0.017851109	0.012930312	-0.03101657	-0.043303344	-0.0016043175	0.0073472434	-0.0732889	0.0041359286	-0.043958403	0.04925309
0.020430021	-0.07732196	0.06298578	0.075681105	-0.07354108	0.07965521	-0.04299085	-0.053616654	0.020946909	0.02188565	-0.08220042	-0.020340176	0.035255343	0.030550836	0.076551504	-0.025553726
0.09231114	-0.02508665	0.0049934895	0.07530936	-0.052211713	0.04201007	-0.001129241	0.0049467306	-0.0041273404	0.06286861	-0.08120775	-0.07331984	0.06329847	0.05440798	0.03223716	-0.004838645
0.01866508	-0.074189946	-0.009443609	0.02315362	-0.02335231	-0.0045544095	-0.05608431	-0.059789147	0.015874358	0.059549417	-0.06668577	0.008585037	0.0707773	0.041989937	0.06594431	-0.011492183
-0.0032464226	0.010835166	0.064243905	0.072495505	-0.07655444	0.058588516	-0.028697878	-0.06887452	-0.00022273662	0.041216336	-0.054324992	-0.077349134	-0.013793037	0.08277781	0.021406265	-0.0063318503
-0.06979634	0.048921965	0.002482565	-0.012450445	0.08389977	0.004769599	0.08653341	0.0033381958	-0.09126073	-0.066494554	-0.008450647	0.07472718	-0.024621528	0.008512463	-0.009543009	0.050273262
-0.008888167	0.028523356	-0.046841897	-0.018312367	0.019365354	-0.08830197	5.3287804e-06	0.077664666	-0.002007172	-0.046737265	0.014395973	0.07899797	-0.05411068	-0.01562397	-0.012880655	0.039572775
-0.05084025	0.016898513	-0.0006534934	-0.049573485	0.021053966	0.00661382	0.034487166	0.0031931882	-0.05290257	-0.08163203	0.04646746	0.03710844	0.009497381	0.00530734	-0.0028739932	0.014276284
-0.06460535	0.07691442	-0.03894489	-0.06848778	0.0038152644	-0.03185396	0.0211016	0.07525158	-0.01944855	-0.08833264	0.023290548	0.081017405	-0.045899026	-0.050926562	-0.05083322	0.078926034
-0.05601552	0.058802705	-0.064592235	0.0143237505	0.0028565133	-0.068553686	0.010975908	0.068377316	-0.036521025	-0.07504229	0.011570224	0.029159276	-0.0030277416	-0.036844037	-0.009178791	0.0462075
-0.088728756	0.044979155	-0.07269953	-0.04811039	0.086548604	-0.029496456	0.02181345	0.053995356	-0.061545055	-0.040970683	0.014432347	0.06308191	-0.054002933	-0.04729781	-0.069187954	0.08092054
-0.04320878	0.050627936	-0.01618999	0.003930489	0.06648759	0.0076430244	0.04033861	0.054094896	-0.047512777	-0.030016094	0.06274576	0.017367398	-0.049666844	0.0055634347	-0.031372894	0.036356226
0.082008824	-0.078524835	0.045725305	0.0017640227	-0.043428626	0.089368336	-0.08225245	-0.0005749244	0.08520483	0.022830926	-0.036732882	-0.06581567	0.048996318	0.0878034	0.01672994	-0.02456659
-0.0024593999	-0.017664358	0.057816498	0.039376274	-0.028978702	0.0009205986	-0.019539308	-0.07414283	0.06582331	0.07775901	-0.054577623	0.010981964	-0.0009930129	0.015973855	0.019685844	0.0071204603
0.0002753522	-0.075788476	0.055629548	0.072280854	0.0030335626	0.067938305	-0.00011254032	-0.0050012427	0.07051865	-0.00064170954	-0.03894016	-0.004727305	0.06355099	0.07050292	0.07118788	-0.04770412
0.061411083	0.002358606	0.01654921	0.01223823	-0.06081184	0.07673701	-0.08324598	-0.07932848	0.09975741	0.07960927	-0.080981806	-0.004258813	0.050805256	0.0797449	0.057657287	-0.04358335
0.029442703	-0.020162253	0.078924224	-0.003268529	-0.01752199	0.06331077	-0.08187064	-0.07969892	0.09790615	0.030620163	-0.0653386	-0.077842236	0.057687152	0.068180844	-0.009242844	-0.060442545
0.068427786	0.006786108	0.066779345	-3.867349e-05	-0.07188054	-0.0047014505	-0.06885125	0.0026114944	0.03745993	0.007356729	-0.05188363	-0.080527	0.077645905	0.057647966	0.06139291	0.0045787743
0.03595265	-0.037445717	-0.00548533	0.06528213	-0.09155198	0.06885336	-0.082152426	-0.053656414	0.035728652	-0.0022355055	-0.0702544	-0.014231846	0.029102987	0.041040454	0.08073015	-0.04758492
0.077308446	-0.057016432	0.024791395	0.061486915	-0.0020358094	0.04100459	-0.02866465	-0.03863643	0.0004349566	0.042619623	-0.02154165	-0.062089175	0.022371236	-0.003199995	0.08429044	-0.041684583
0.014394295	-0.07567828	0.004259724	-9.895505e-05	-0.085757874	0.02289338	-0.062367167	-0.07928141	0.09592381	0.04844997	-0.018673323	0.0064043123	0.05775811	0.0012454045	0.05771755	-0.07536682
0.05692044	-0.03496857	0.05684968	-0.0045420625	-0.058352955	0.03278483	-0.014661492	-0.08288954	0.080456056	-0.0005641745	-0.040168546	-0.051631387	0.05551346	0.052264985	0.049325477	-0.021120848
0.052401617	-0.038444865	-0.010122294	0.039808813	-0.03455626	0.050182864	-0.021926602	-0.084548175	0.0816652	0.058663674	0.008072397	-0.0059738797	0.0067616925	0.023971297	0.08212128	-0.07110917
0.06737159	-0.08265772	0.07550999	-0.008972269	-0.014156846	0.00626976	-0.070205785	-0.06095586	0.0005301193	-0.006341062	-0.0036888993	-0.06606881	0.036703374	-0.011687754	0.04257289	-0.015785718
0.07100496	-0.06003505	0.079133935	0.040510647	0.0010482115	0.079985835	-0.06817293	-0.05344952	0.012420856	0.027135171	-0.057810966	-0.008550745	-0.008421586	0.060988937	0.017476806	0.0012538237
0.077230394	-0.048612695	0.041173525	0.0503187	-0.0065559093	-0.008355188	0.011542646	0.007335612	0.07176643	0.015916668	-0.023716139	-0.051946092	-0.014753884	0.0776013	0.039076194	-0.020791093
-0.005116011	-0.00645728	0.0769421	0.015809426	-0.0044422867	-0.003956132	0.0060122637	-0.030646363	0.03846005	0.028411023	-0.073181026	0.0025717292	-0.0065106032	0.0044706147	0.015372106	-0.08114696
0.057848033	-0.020080417	0.038135126	0.005409838	0.0012418185	0.022133257	-0.05199456	0.0041207564	0.058109332	0.03831459	-0.021553993	-0.039832808	0.03314842	0.01827765	0.04668295	-0.01893324
-0.019476447	0.06850893	-0.01987684	-0.0024519619	0.070933715	-0.010206443	0.08872954	0.00033892627	-0.0970168	-0.068431206	0.07352185	0.086008385	-0.039808817	-0.0120065855	-0.03625442	0.013253583
0.05892664	-0.037793085	0.038367417	0.0036405693	-0.093906514	0.024816863	-0.061681267	-0.054643612	0.010549268	0.07175235	-0.019131267	-0.06485388	0.062200744	-0.0014980361	0.08301595	-0.08817104
0.039274372	-0.08304235	0.03603025	0.07943405	-0.033424363	0.077577844	-0.08537998	-0.006830987	0.0030010818	0.031439397	-0.016391806	-0.028266983	0.063269585	0.053965807	0.040098365	-0.03596374
0.0803924	-0.07189931	0.030299917	0.0358925	-0.022232765	0.038182117	-0.018195178	-0.0786926	0.062122975	0.028193245	0.0073833754	-0.057819117	0.06344031	0.020365167	0.024316229	-0.024715377
0.019355757	-0.016883647	0.03771903	0.07441686	-0.074943006	0.0175967	-0.037347354	-0.080990784	0.008867036	0.08107521	-0.051806316	0.008461692	0.00024784822	0.054165937	-0.01104058	-0.041922268
0.014948749	-0.015140388	-0.0037969637	0.021712719	-0.0065933038	0.03547211	-0.05036165	-0.054441012	-1.2420933e-06	0.05359312	0.005705403	-0.03959199	0.010141947	0.07118163	0.07140087	-0.062125195
0.0033522125	-0.0129054375	-0.0017983788	-0.0029754243	-0.085419215	0.039153066	-0.0044363607	-0.06963518	0.089633174	0.076000735	-0.010292644	-0.0022053206	0.08414796	0.03174969	0.031923614	-0.012401933
0.05446601	-0.02745399	0.01762377	0.061899755	-0.038947813	-0.004296452	0.0079088295	0.0013100574	0.0025833799	0.08858103	-0.073536284	-0.002190792	0.06547658	0.0076661007	0.08213967	-0.05541577
0.016019693	-0.07898844	-0.0054905717	0.020199174	-0.020178733	-0.006067378	0.002610677	-0.018279448	0.087791875	0.0045553814	0.0080887405	0.0011212652	0.04373635	0.084677935	0.088286325	-0.023357186
0.083114155	-0.08890245	0.0379174	0.052453864	-0.011080457	0.08919595	0.003047598	-0.08913998	0.06044431	0.058149967	-0.06659769	-0.063925624	0.07548637	0.044344954	0.011738086	-0.07292747
0.0013167073	-0.07601448	0.01010316	0.061525885	-0.084587984	0.048983026	0.012165081	-0.03278821	0.029611135	-0.0019504988	-0.04814479	-0.03193526	0.026483139	0.0067022964	0.05352592	-0.07846517
0.017023126	0.0132899	0.049350362	0.0048615527	-0.03747113	-0.0055228574	-0.021651136	-0.061160147	0.031910364	0.0835023	-0.067007154	-0.0020764251	0.08131252	0.015147266	0.05301035	-0.083399676
-0.0034071705	-0.004027603	0.039690986	0.020161876	-0.063943945	0.05685485	-0.008043132	-0.05121219	0.040026117	0.03635199	-0.05925752	0.002001366	0.057175342	0.03680333	0.0040671476	-0.06111029
0.051969778	-0.025107522	0.07727566	-0.0068443473	-0.016947156	0.062364504	-0.0024266825	-0.025772879	0.08198182	0.06552819	-0.08662306	-0.03513417	0.06753051	0.08420577	0.0048398757	-0.02198671
4.5303255e-05	-0.030273803	0.06114657	0.050984386	-0.048447303	0.022033082	-0.01510331	-0.062360115	0.07906763	0.010367123	0.00683892	-0.028232891	-0.0019450185	0.06832439	0.030463468	-0.07694868
0.014868013	-0.035778724	0.028042449	0.044030465	-0.08733491	-0.0021240462	-0.0914478	0.008393739	0.0936289	0.029643372	-0.0031853581	-0.05745192	-0.0032908744	0.008900917	-0.006076561	-0.04502449
0.07628867	-0.04082513	0.0679607	0.078873396	-0.06695124	0.04696246	-0.019496253	-0.004573723	0.0511776	0.02644873	-0.061802782	-0.0585388	0.061277658	0.07547824	0.016304545	-0.059103664
0.07656459	-0.05907633	0.087266766	0.03390191	-0.01980308	0.029807793	-0.0055301697	-0.07392772	0.05554598	0.011046614	-0.039366942	-0.018552484	0.04982423	0.07882339	0.011256374	-0.0030343872
0.09270646	-0.058363006	0.07412674	0.056258485	-0.08617849	0.015152346	-0.03319391	-0.091610186	0.06936451	0.059252117	-0.074121274	-0.06203488	0.06203045	-0.0027357526	0.08495431	-0.03203363
0.07851708	-0.08696657	0.01850114	0.05161749	-0.024495179	0.087560385	-0.07698646	-0.0032738645	0.10212341	0.037652906	-0.08053929	-0.09009862	0.012211055	0.037963	0.0737805	-0.069129385
0.069785886	-0.0199396	0.013254193	0.06726543	-0.043394074	0.0017802323	-0.031332716	-0.008136096	0.061919343	0.03484184	0.008898539	-0.016023334	0.0076914052	0.06290277	0.06986628	-0.019568052
0.05755028	-0.053039744	0.07568243	0.0077145956	-0.085074656	0.051455285	-0.032037035	-0.06679582	0.07653619	0.026614716	-0.06759237	-0.022496767	-0.007869367	0.009846642	0.048231434	-0.06648226
0.04854814	-0.08681401	0.046965823	0.07789854	-0.06955619	0.06637986	-0.0366678	-0.062905386	0.09331874	0.08056829	-0.05942483	-0.08148251	0.021928236	0.0615337	0.057040967	-0.038300876
0.056682758	-0.08072213	-0.008532685	0.082310736	-0.04638526	0.07229546	-0.037860926	-0.08973812	0.021323618	0.079721496	-0.07181058	-0.055231888	0.07781653	0.00035471932	-0.00895726	-0.07695284
0.038157653	-0.049914606	-0.011051186	0.038139828	-0.057152964	0.07723714	-0.007319015	0.006513546	0.09206574	0.031620517	-0.0033600777	-0.01658934	0.037159204	0.06251217	0.031980615	-0.07898773
0.021680411	-0.073634036	0.03352385	0.06500172	-0.057064377	0.056429338	-0.06388439	0.005531527	0.03496931	0.0644624	0.00022134575	-0.081681415	-0.011418106	0.05569218	0.0010492508	-0.033469863
0.080451	-0.06729143	0.037933238	0.012790788	-0.06531575	0.06990456	-0.022754882	-0.051186785	0.004582651	0.072245434	-0.08244941	0.013291573	-0.0019421416	0.029432243	0.0832203	-0.028839553
-0.007108155	-0.009724521	0.055080075	-0.011148818	-0.08857755	0.07680626	-0.0083531495	0.008494835	0.02282835	0.016151747	-0.0145445885	-0.0134497825	0.015705103	0.07034617	-0.0073004453	-0.0091594085
0.034863498	-0.04927681	-0.0036468555	0.06374328	-0.059922382	0.061180454	-0.076278456	0.008760981	0.03695954	0.06656268	-0.023660736	-0.022722593	0.055316515	0.027438072	0.08291262	0.0026519157
-0.010479901	-0.0037069183	0.06301689	0.07898011	-0.08020468	0.06716993	-0.023778379	-0.069863304	0.06357441	0.04445727	-0.07349207	-0.020617986	0.08338413	-0.013014168	0.058601957	-0.033426717
-0.009817932	-0.07225832	0.037888676	-0.010803336	-0.019435506	7.353336e-05	0.009983529	-0.00067846675	0.00799974	0.08205745	-0.035531595	-0.018615456	-0.008996299	-0.005686889	0.053909052	-0.004809563
0.084567554	-0.05284037	-0.014746958	-0.007909704	-0.06361164	0.0014133868	-0.031840146	-0.0799822	0.052904885	-0.007702399	-0.077182084	-0.042664897	0.061170183	-0.008604774	0.056073274	0.010371414
0.027207298	-0.037682354	0.021439392	0.074671045	-0.009163251	0.00060803426	-0.01710246	-0.05470172	0.037267603	0.046643984	-0.077474795	0.009178562	0.042413693	0.029090576	0.023047298	-0.04407667
0.060700584	-0.026943495	0.008028542	-0.0067694574	-0.06459528	0.0028091113	-0.041718747	-0.07869119	0.07100682	0.0061038383	0.0038999321	-0.059241958	0.06658309	0.041703977	0.03647336	-0.05988652
0.072325446	-0.07138142	-0.010890465	-0.0013763172	-0.022092193	0.053640723	0.0038330657	-0.043152373	0.03604211	0.078059405	-0.0019343196	-0.0802598	-0.0004516406	0.07101061	0.05341906	-0.029043991
-0.0059045954	0.06779455	-0.03851393	-0.08616869	0.00092778174	-0.009905105	0.06909332	-0.0052364413	-0.02746544	-0.047188863	0.0722802	-0.008560133	0.0036544586	-0.026821788	-0.013001605	0.007087504
-0.00029619204	-0.0029183335	0.07969014	0.018762387	-0.017561873	0.03902769	0.0012804777	-0.047129553	0.040133093	-0.0029660475	-0.050553083	-0.020210207	0.018057968	0.034158707	0.007383139	0.0025811363
0.08111384	-0.069592655	-0.007094526	0.008568327	-0.052081525	0.025918618	-0.0016455745	0.003036155	0.05990576	0.010108945	-0.06339686	-0.005816862	0.03034192	0.048744828	0.06926443	-0.06903338
-0.0045142095	-0.051070284	0.040202606	0.008954356	-0.069058456	-0.0054849843	-0.00087384594	-0.062318586	-0.000599282	0.08595708	-0.0039896704	-0.017849246	0.029037159	0.03289565	0.08180868	-0.05325673
0.07697484	-0.077950895	0.016554588	-0.011520711	-0.06928641	-0.005354223	-0.016310839	-0.018624887	0.06918818	0.07810467	-0.072847396	-0.04756366	0.009060693	-4.4118322e-05	0.06548918	-0.031217983
0.056904282	-0.029623013	0.007968526	0.08024466	0.004228171	0.06383153	0.010462918	-0.025656246	0.073996164	0.024497546	-0.054703012	-0.07187386	0.019900419	0.05484334	0.06525087	-0.05399588
0.034684684	0.0105754025	0.013641952	-0.00858187	-0.07599251	0.072166875	-0.034768518	-0.08036187	0.07634953	0.053017072	-0.05585265	-0.05260436	0.020088136	0.07089453	-0.008402369	-0.045328587
0.07120169	-0.08216633	0.022332229	0.040214952	-0.03619489	0.06629074	-0.042473987	0.00533755	0.016303267	-0.000760494	-0.031467967	-0.022032483	0.0019705617	0.037631437	0.058621343	-0.048670888
0.068293326	-0.025052752	0.030796502	0.06501524	-0.043830693	0.028049225	-0.045688726	-0.053082164	0.08005894	0.06797405	-0.016895799	-0.009406271	0.012720459	-0.008979436	0.032127026	-0.05446976
0.035621017	-0.056597393	0.013042817	0.07646786	-0.069432124	0.012267884	-0.05824539	-0.017055746	0.043473266	0.08210843	-0.06481138	-0.000520924	0.00082282105	0.040600333	0.04698163	-0.021866973
0.038204677	-0.036829956	0.0012365945	0.08646621	-0.023642229	0.009066211	-0.08639275	-0.053610556	0.0010459777	0.050142504	-0.063538805	0.0018038148	0.035105385	0.036858186	0.049453992	-0.06799541
-0.027035411	0.06434388	-0.002422249	-0.04998998	0.09545161	-0.0037052054	0.005840508	0.058989417	-0.04802333	-0.011966933	0.07221619	0.07321211	-0.07800152	-0.019011095	-0.045780897	0.015188982
-0.042615574	0.016469555	-0.053911638	-0.08425079	-0.00026486264	-0.05958467	-0.0085831685	0.019655114	-0.09967967	-0.0782439	-0.005327995	0.016595261	-0.016366739	-0.03147362	-0.060425445	0.02031246
0.018728768	-0.014903189	0.045800164	0.02885396	-0.031295948	0.045324154	0.0026278861	-0.053497702	0.082262196	0.08729129	-0.031089881	-0.02429401	0.012587091	0.05530683	-0.0055100154	-0.049006343
0.043406267	-0.07634236	0.011351353	-0.008735771	-0.036911618	0.085587	-0.021637712	-0.0802117	0.0023598466	0.06517453	-0.05801959	-0.0845245	0.07653482	0.011293452	0.05067971	-0.006789059
0.036495727	-0.08005813	-0.005857414	-0.008553022	-0.043074988	0.015969994	-0.08022059	-0.07911158	0.06103201	0.06391375	-0.024677135	-0.055394087	0.035117254	0.04113172	0.03576636	-0.045794986
0.09013855	-0.018253302	-0.0072540143	0.073434524	0.0006558513	0.085395515	-0.023435118	-0.0074611953	0.08569643	0.08857454	-0.025098061	-0.023892527	0.08288501	-0.004993524	0.084107295	-0.09258052
-0.08129836	0.081458226	-0.055409104	-0.032696933	0.0816775	-0.022934178	0.08595901	0.046048094	-0.08654564	-0.019357497	0.023145601	0.066123605	-0.06680543	-0.037921645	-0.0126214875	0.01333149
-0.08628487	-0.0026850519	-0.009832256	0.0055657253	0.059009336	0.0039728833	0.017814253	0.06659254	-0.094775654	-0.07433292	0.07228862	0.034059398	-0.056899954	-0.03738103	-0.027047819	0.075390175
-0.026461668	-0.010001339	-0.015187647	-0.067911565	0.043983474	-0.014320667	0.021132862	0.07177242	-0.09539189	-0.0030225588	0.07631239	0.03709062	-0.02839061	-0.012495841	0.008217941	0.006427444
-0.027658608	-0.012246942	-0.08304484	-0.013162724	0.0026167505	-0.03298629	0.026821362	0.058454562	-0.03367312	-0.06987099	0.0025761062	0.05689618	-0.07708732	-0.049670458	-0.05369356	0.032762658
-0.047999218	-0.009964901	-0.041447476	-0.0050508673	0.063654795	-0.06956834	0.07168474	0.045400213	-0.04015965	0.0063952818	3.6405385e-05	0.045381796	-0.029716646	-0.0021502702	-0.0074024852	0.022682836
-0.084784046	0.032541063	-0.050143253	-0.04811952	0.07515891	0.0076385136	0.00214551	0.014368194	0.0028969373	-0.0711096	0.004448521	0.047508523	-0.07760365	-0.043140084	-0.023958363	0.019267883
0.0797608	-0.009871506	0.03335091	0.045434874	-0.058298845	0.04019416	-0.022064906	-0.025680408	0.06979235	0.015421292	-0.042851564	-0.02326015	0.07026721	0.04702512	0.056396812	-0.05021274
-0.08122285	0.037614584	-0.025300566	-0.044061664	0.018852185	-0.04589017	0.079837166	-0.01514402	-0.04615778	-0.069078445	-0.009740934	0.06223912	-0.020535382	-0.0532503	0.0049013267	0.01987708
0.03818055	-0.08560675	0.08028248	0.089066185	-0.0034578177	0.055160444	-0.09082113	-0.08015571	0.06723596	0.009892899	-0.054864276	-0.07050627	0.036745835	0.020961938	0.012777777	-0.01684538
-0.0038707987	-0.0044720173	0.049439147	0.07434838	-0.028020462	-0.00052850443	-0.022176836	-0.053903166	0.014736075	0.055836648	-0.025944436	-0.0013161508	0.015992517	0.08392917	0.044239912	-0.071948074
0.07223859	-0.00070715725	0.06307997	0.06576973	-0.0055020205	0.022488834	-0.08708281	0.0095982505	0.05077991	0.041261625	-0.06667275	-0.041229267	0.08711783	-0.0035497625	-0.003029709	-0.049367752
0.08378676	-0.0574028	0.02528551	0.030669328	-0.04228285	0.07838357	-0.021264935	-0.011993756	0.059273105	0.052922264	-0.06593494	-0.038316045	0.04653382	-0.008121138	0.005238922	-0.047487624
0.08120813	-0.082800195	0.011595345	0.06804209	-0.07799701	-0.002793639	-0.017797051	-0.00761999	0.03498331	0.024761477	-0.05689408	-0.020664828	0.060268693	0.041011162	-0.0038687745	-0.074020624
-0.056358885	0.06824369	-0.044053443	-0.007344284	-0.0075399023	-0.040904365	0.060271077	-0.017573185	-0.022508774	-0.011796894	0.0022132648	0.03902987	-0.010696261	-0.04906536	-0.0666271	0.023714824
-0.04023317	0.031359974	-0.04416557	-0.057060592	0.042489134	-0.036959495	0.0680993	0.014141233	-0.028724857	-0.010441681	0.058947403	-0.009212196	-0.06302553	-0.03553482	-0.06373267	0.0007922406
0.008759035	0.0822565	-0.037320573	-0.022575146	-0.0030969426	-0.010600634	0.026922898	-0.016005943	-0.07305432	-0.01647204	-0.013244524	0.019770361	-0.051111527	-0.06443115	0.002695967	0.07042284
-0.082217924	0.010325921	-0.071043015	-0.047445796	0.04329406	-0.061913587	0.052852154	0.043207113	-0.032951336	-0.0484276	0.06409797	0.060092684	-0.032724306	-0.014389236	-0.064522296	0.07540005
-0.04012279	-0.011818545	-0.06516184	-0.0496449	0.07184955	0.0008285664	0.053407125	-0.016513586	-0.060582314	-0.04246206	0.07325372	-0.0037797228	-0.012280849	-0.03629323	-0.077232726	-0.012020552
0.059092436	-0.006696296	0.056846153	0.07879251	-0.05689772	0.073892236	-0.020113856	-0.06807279	0.07412626	0.08362727	-0.05225014	-0.015348474	0.04913683	0.016351964	0.01485366	-0.03821323
0.08147263	-0.087267995	0.03426983	0.03770623	-0.04951169	0.03371585	-0.07477359	-0.022544011	0.09026145	0.041305024	-0.045291968	-0.027149387	-0.0042962837	0.076037966	0.012794034	-0.018875081
0.076132394	-0.0866622	0.01108519	0.05088398	-0.031404004	0.03835862	-0.020002134	-0.022531971	0.08037796	0.026698925	0.0010905783	-0.06998333	0.010313859	0.06647313	0.02531404	-0.027770009
0.0034597663	-0.08837494	-0.008510438	0.040271845	-0.0338162	0.044295978	-0.07288058	-0.06362458	0.06552745	0.07937093	-0.01978169	-0.03942549	0.029396933	0.07728977	-0.00021376813	-0.031562947
0.011184573	-0.013813408	0.015006181	0.037815653	-0.058581058	0.084214285	0.009733223	-0.08038468	0.03726559	0.00060705526	-0.028951501	-0.052500144	-0.012304727	0.029909233	0.0807047	-0.011978272
0.079755545	0.0129300505	0.06190227	0.030960431	-0.07037824	0.056301963	-0.026071256	-0.021826005	0.07739933	0.056111835	-0.032435674	0.0085071	-0.0023524275	0.0030338792	0.0065541435	-0.04770411
-0.0010101402	-0.015425504	-0.004087362	0.09034308	-0.06403722	0.0452126	-0.046871513	-0.028715065	0.059818722	0.0478735	-0.05280659	0.0018038087	0.05324919	0.009588724	-0.006641788	-0.088216655
-0.026159037	0.05751319	-0.053439096	-0.034627974	0.02005459	-0.008194021	0.017514683	-0.013868199	-0.051037904	-0.08277776	-0.0011742832	0.016448164	0.0012773462	-0.029892802	-0.07265053	0.06931805
-0.045018375	0.0021360118	-0.0499364	-0.08300936	0.012453375	-0.058696568	0.022719746	-0.00507756	-0.01969409	-0.04596524	0.0503514	-0.015074889	0.015816325	-0.025735399	-0.010234076	0.043578077
0.0043508317	-0.004868247	0.065603144	0.075840265	-0.0056250794	0.054424956	-0.038230542	-0.0053731254	0.011800864	0.034378204	-0.02753665	-0.06885279	0.054698423	0.04349357	0.07773385	-0.07912794
0.0014465577	-0.0030422076	-0.07524967	-0.05575724	0.022412246	-0.08485265	0.062136605	0.019484594	-0.05925706	-0.07041167	0.0376834	0.014507452	-0.08074432	-0.07484726	0.012518158	0.055818498
-0.005551124	0.0040001567	0.0021012686	-0.0056287614	0.044355433	-0.0070421337	0.036832836	0.07350829	-0.053236116	-0.06128323	0.0042491015	-0.0004733559	-0.013721398	0.005227124	-0.015010193	-0.006399876
-0.06142738	0.049188104	-0.0134900715	-0.019943021	0.09139093	0.002783788	0.073845394	0.012777186	-0.0146056935	-0.06388137	0.0054187817	0.021672271	-0.078327216	-0.046769354	-0.0686946	0.07482689
-0.006105807	0.0053408067	-0.07084229	-0.08310769	0.012764569	-0.008568015	0.06686128	-0.014932135	-0.07502501	-0.083478585	0.06260034	0.032734346	-0.04593935	0.007476139	-0.042955406	0.034582064
-0.08610066	0.062894106	0.0014709638	-0.06645592	0.07234795	-0.0807318	0.057246823	0.013346283	-0.08752249	0.002854548	-0.0077498844	-0.000578395	-0.049786355	-0.08409446	-0.0071807946	0.004262093
-0.01917639	-0.012858197	-0.022882205	-0.011857139	0.00640715	-0.054959733	0.05061598	0.00083128567	-0.057526305	-0.075236626	0.06685471	0.035430837	0.013443545	-0.046904437	-0.026326753	0.06392597
0.08809581	-0.07821311	-0.006283186	0.047290187	-0.01536943	0.06524745	-0.0068156756	-0.0050425036	0.042966854	0.04186709	-0.03447546	-0.0020212303	0.03452612	0.066593826	0.06197942	-0.02506566
0.061241545	-0.07508127	0.08384404	-0.0034852515	0.004760501	0.017006097	-0.040790208	-0.07195327	0.07417327	0.062038176	-0.082096025	-0.030554185	0.040690325	0.01914579	0.003793848	-0.048857156
0.081890345	-0.054288022	0.010300892	0.060459904	-0.0074005276	0.05605868	-0.033545867	-0.06843123	0.084040254	0.09466945	-0.05958783	-0.040875345	-0.009018616	0.071225524	0.031624917	-0.01985083
0.0086401785	-0.052996166	0.03817318	0.07565464	-0.070214756	0.03358621	-0.08187615	-0.039019443	0.032358896	0.049022134	-0.00027397842	-0.060244914	0.034472033	0.051753536	0.03129099	-0.082809426
0.0064605856	-0.08316572	0.07709308	0.00022268886	-0.060975056	0.06555374	-0.042695932	-0.06291145	0.063583635	0.08940032	-0.029969055	0.0065701227	0.067500904	0.07658973	0.022033174	-0.051701955
0.03071845	-0.084318906	0.018838828	0.04276282	-0.01575694	0.048041776	-0.08795828	-0.018819395	0.012519021	0.07114563	-0.07813377	-0.05190956	0.021331053	0.020082949	-0.00080571295	-0.005665643
0.078997165	-0.046911214	0.041714694	0.020681635	-0.044344287	0.0338583	-0.05863204	-0.0871121	0.07132807	0.041127	-0.073024124	-0.017658727	0.031657375	-0.00027938752	0.035391837	-0.055876534
0.05334776	-0.012529672	0.0077130105	0.004081871	-0.059854407	0.023475764	-0.07356729	-0.036646955	0.0847396	0.091001324	-0.08370597	-0.08483169	0.0042209746	0.07463595	0.023865908	-0.009435073
0.02607845	0.00880633	0.03345836	-0.0019158096	-0.053087037	0.032007273	0.0011010487	-0.024908029	0.010812942	0.053110357	-0.06936259	-0.026085082	0.008452752	0.0650792	0.03394823	-0.07737323
0.07815221	-0.022688603	0.0048225364	0.0795135	-0.061046313	0.06539114	-0.079936124	-0.05167347	-0.005074945	0.067142814	0.0059023513	-0.047964714	0.0026665046	0.033871956	0.0134067265	-0.057795934
0.07386911	-0.06567499	0.02508999	0.030769637	-0.0013843724	0.0407595	-0.0027179518	-0.08168513	0.017135955	0.04979204	0.004209707	-0.04101958	0.031071467	0.056586623	-0.007479888	-0.048942313
0.08783009	-0.0525041	0.011177233	0.045091417	-0.07953384	0.025529917	-0.044153735	0.0005216892	0.086121395	0.09527854	-0.038623556	-0.0024223865	0.019370101	0.069167964	0.036485415	-0.058766186
0.08538787	3.0043098e-05	0.057622015	0.07209257	-0.021724058	0.042810474	-0.068099275	-0.084898345	0.032359082	0.03274502	-0.0007715068	-0.035974436	0.03184693	0.067611046	0.0506637	-0.086614236
0.026122313	-0.03482069	0.04690278	0.072189875	-0.09476926	0.058553033	-0.027213765	-0.063855134	0.088993855	0.06395465	-0.027062345	-0.08944674	0.0637669	0.049241163	-0.0048958887	-0.0074425503
0.053303875	-0.084791936	0.05006444	0.035338193	-0.053521335	0.07750415	0.005955959	-0.050706107	0.08215592	0.06611626	-0.0395135	-0.040024858	0.039139763	0.08528856	0.015541344	-0.009605416
0.07737731	-0.022801742	0.030780783	0.05395186	-0.01555371	0.03203973	-0.0828811	-0.036979843	0.079770155	0.026185097	-0.02725654	-0.01400578	0.07852366	0.020489087	0.012614359	-0.06561044
-0.077535674	0.02348404	-0.055293698	-0.012538446	0.0024807975	-0.030481467	0.01285091	0.06558325	-0.013881929	-0.047445323	-0.012998152	0.033866704	-0.0037437144	-0.08429456	-0.004626738	0.03590721
-0.07999272	0.034123912	0.00401083	-0.032681137	0.007900655	-0.032403227	0.01662172	0.037414618	-0.09563083	-0.08705969	0.06646452	0.06348406	-0.03256376	-0.077515975	-0.028549476	0.00047090455
-0.021376776	0.025200842	0.007003797	-0.06945689	-0.00010929817	-0.030227313	-0.012323773	-0.00892012	-0.04819432	-0.05692667	0.011345129	0.06695345	-0.08356696	-0.013954996	0.003682933	0.08771435
0.023644054	-0.044640955	0.08306452	0.055931456	-0.040425494	0.018153314	-0.04349251	-0.087693065	0.082673304	0.050936967	-0.08100985	-0.058819734	0.037738115	0.07157604	0.08595514	-0.09139246
0.051843256	-0.051104438	0.017399205	0.07033998	-0.07450669	0.029731354	-0.042014785	-0.050284743	0.025535516	0.04420932	-0.04248748	0.007843172	0.014943237	0.01607315	0.080431014	-0.07489881
0.0134115545	-0.06571858	0.055349465	0.07672117	-0.0072757597	0.014567575	-0.06549434	-0.020452343	0.01903045	0.0065382915	-0.049127735	0.008208522	0.04058555	0.030057656	0.04672902	-0.07915909
0.07386296	-0.08073202	0.0027256394	0.04354627	-0.014267457	0.08074239	-0.0059251525	-0.08698921	0.06723531	0.027150534	-0.038466033	-0.04419197	0.070571244	0.04642318	0.002131849	-3.7993046e-05
0.084007315	-0.057767846	0.044731937	0.011981511	-0.022902628	0.0813899	-0.07255132	-0.014186017	0.046582215	0.057788502	-0.07259949	-0.064362854	0.05296711	0.030030824	0.04105269	-0.009107368
0.05180718	-0.044792894	0.07075615	0.03367425	-0.07961264	0.045451686	-0.01504648	-0.08314312	0.030043626	0.083891064	-0.047012042	-0.07228076	0.063120104	0.061827518	0.047836844	-0.034503575
0.086100556	0.005966792	0.053485397	0.043106917	-0.059523273	0.06936803	-0.028362136	-0.010214355	0.020384604	0.016576024	-0.071379475	-0.01164513	0.007596534	0.08137204	0.050895985	-0.0667297
0.07925332	-0.04716119	-0.008785016	0.07854212	-0.0007926802	0.082448184	-0.06224202	-0.011818793	0.07395374	0.042638365	-0.03636163	-0.011740915	-0.009113623	0.076651536	0.02414655	-0.073086336
0.088971995	-0.044482686	0.018746402	-0.002793321	-0.0662022	0.049768187	-0.0550183	-0.02953482	0.007645052	0.08236191	-0.056583926	-0.057081115	0.020911258	0.062866904	0.032142285	-0.029404644
0.03858396	-0.022749165	0.014826261	-0.010930827	-0.027105091	-0.008228277	-0.033039223	-0.059788756	0.025245326	0.037330896	-0.06386908	-0.08533863	0.019874042	0.06043776	0.06215889	-0.0020950814
-0.010141249	-0.0075511984	0.07275888	0.08240839	-0.058624044	0.0052202083	-0.005590994	0.010768584	-0.0029666324	0.056494825	-0.0054913764	-0.055568688	0.08112697	0.040728856	0.04174134	-0.035749774
0.05280426	-0.06234149	0.06667394	0.0301015	-0.017414294	0.017021712	-0.065325156	-0.07490569	0.009423636	0.07644086	-0.033408184	-0.07189936	-0.006483405	0.032012723	0.07700217	-0.014648408
0.018159145	-0.08334514	-0.0045617456	0.01810301	-0.0415289	0.055215504	-0.0057731536	0.006260849	0.06925705	0.024498174	-0.042880587	0.007885713	0.040216025	0.076661676	0.065788664	-0.012677103
-0.011222894	0.014423912	0.006168155	0.037811078	-0.011694697	0.040402185	-0.081162006	-0.014069511	0.06640227	0.0468186	-0.07659123	-0.07080426	-0.014718203	-0.010158684	0.032039937	-0.06714238
0.045354784	-0.031951796	0.0041851825	0.08424846	-0.057447203	-0.01188861	-0.032517023	-0.05346434	0.07032242	0.0686234	-0.0069509344	-0.008178114	0.07851527	0.033031207	0.002792025	-0.013238773
0.012192218	-0.019154578	-0.0060949693	-0.0057441983	-0.040628605	0.04159519	-0.039751213	-0.0010395193	0.03767211	0.06123249	-0.0037431468	-0.08518602	-0.0022808746	0.00834287	0.0035804869	-0.06892155
-0.0053105075	-0.0055459235	-0.042980578	-0.074693196	0.015078972	-0.065179355	0.016766284	0.060985956	-0.0884124	-0.07802848	0.031755794	0.0016456079	-0.055332854	-0.0749376	-0.041496314	0.03048144
-0.053458363	0.0623329	-0.05887184	-0.07717075	-0.005440721	-0.0061347038	0.08370099	0.04057773	-0.09233936	-0.03396423	0.0066606128	0.07532832	-0.04538281	-0.026692849	-0.024156941	0.060647994
-0.02687259	0.08227873	-0.075817764	-0.06772548	0.038678575	-0.04410633	0.07648261	0.050684337	-0.00959239	-0.08489364	-0.015252583	0.04524995	-0.017624972	-0.013351311	-0.03157103	-0.007863013
-0.049713448	0.0035034602	0.015796855	0.00014911438	0.08039305	-0.02553002	0.02153812	0.013092079	-0.028790563	-0.013677597	0.018500637	0.06709097	-0.011672826	-0.020925583	0.0036055464	0.05506015
0.033969507	0.0062295394	0.0499973	0.00949442	-0.019681545	0.06573053	-0.06857208	-0.018640228	0.08035865	-0.0007401255	0.0044765435	-0.038410924	0.037602376	0.002362955	0.048789572	-0.053702697
-0.0044564563	-0.026120892	0.049326174	0.0011487817	-0.0093677705	0.03411717	-0.06205383	-0.012514339	0.06403891	0.06908423	-0.06889484	-0.02943378	0.029149717	0.0729911	0.017256793	-0.089245506
0.055971853	-0.01897332	0.0061162054	0.071357906	-0.041759748	0.013434284	0.004390197	-0.051234554	0.026765501	0.075245745	-0.023732504	-0.0642303	0.08338042	0.010433763	0.021833403	-0.022436062
0.05491544	-0.019590585	0.013956869	-0.011545164	-0.03824781	0.04452898	0.007844357	-0.026909424	0.007558094	0.07680058	-0.0656728	-0.04124314	0.057118714	0.07322737	0.029526634	-0.059624232
-0.005029261	-0.00057731697	-0.028304704	-0.029906208	-0.004497278	-0.027016928	0.013726611	0.07771214	-0.07060918	-0.023709202	0.051628094	0.07381567	0.01098761	-0.06188205	0.011478464	0.061864417
-0.018043486	0.039196976	-0.020454053	-0.043727133	0.002910248	0.0038853502	-0.015152881	0.07572552	-0.031009939	-0.09064699	0.009055645	0.08033677	0.009283865	-0.06712849	-0.036243442	0.0073905033
0.007328813	0.0075915353	-0.05916331	-0.06410268	0.06335692	-0.030630808	0.018213391	0.079816215	0.0063390275	-0.033901744	0.051936697	-0.011754731	0.018190486	-0.043572493	-0.011727092	0.08176244
-0.009355903	0.07902968	-0.03910274	-0.012019276	0.021069558	-0.08573473	0.076028354	0.06620848	-0.074521996	-0.008045055	0.07886133	0.043891765	-0.023521006	-0.051931925	-0.05587184	0.05743729
-0.012376223	0.012310592	-0.006936587	-0.033710644	0.027435979	-0.076265864	-0.0037182635	0.019544728	-0.08594827	-0.074055575	0.07794626	0.039192896	-0.021790115	-0.041314345	-0.014403011	0.024489677
-0.00789606	-0.0026634322	-0.059813242	-0.071796246	1.5630125e-05	0.001907651	0.0014689716	0.05720635	-0.09212312	-0.081820086	0.07000101	0.035882976	0.0014187385	-0.059244424	-0.030406317	-0.008811567
-0.007823804	0.026477624	-0.016888529	-0.06758805	0.03354418	-0.06466586	0.057294607	-0.00085515686	-0.0976736	-0.068924025	0.05462725	0.062044255	-0.0038729233	-0.0026245106	-0.080671154	-0.004504265
-0.021319335	0.055925973	-0.05346012	-0.01679026	0.033338543	-0.06345079	0.0012085324	-2.8906768e-05	-0.0027401787	-0.09041083	0.04477041	0.054696552	0.007635906	-0.008582708	-0.052862044	0.0910279
-0.0031749774	-0.012032792	-0.0819089	-0.018357784	-0.0039042467	-0.024201423	0.05144217	0.0674659	-0.09697061	0.0016003873	0.05876766	0.0029989546	-0.050399326	-0.026648052	-0.02591105	0.045712497
0.060012903	0.00076450926	0.08436637	0.07308228	-0.0853419	0.00033919892	-0.0762396	-0.037799936	0.048392393	0.07030684	-0.029506503	0.007483143	0.070594035	0.07262142	0.08645034	-0.0002167593
0.046288494	-0.0046352143	0.081404746	0.028458152	-0.087035	0.07482079	-0.017282536	-0.055343006	0.0182305	0.09492047	-0.036685344	-0.054872904	0.04584877	0.020617956	0.08136915	-0.061940603
0.0503824	-0.04021581	0.0066403	0.08942898	-0.052786157	0.053943556	-0.046523087	-0.07649319	0.005975034	0.008073558	-0.040712588	-0.013235512	0.05984589	0.07041441	0.049930796	-0.039035514
0.087419316	-0.086403444	0.07061203	0.0056107114	-0.04381343	0.0778757	0.0025810828	-0.063816264	0.027838133	-0.002731568	-0.013561971	-0.009385553	0.028711338	0.08835177	0.06915337	-0.026158772
-0.0039490093	0.0004999285	0.08755101	0.05651886	-0.08172742	0.06374713	-0.09166719	-0.08463665	0.05124892	-0.0007118561	-0.020445196	-0.05781846	-0.005525607	0.041166034	-0.0048575746	-0.038961984
0.00489503	0.0047209985	0.07983853	0.058084052	-0.0039193747	0.00074150466	-0.049603857	-0.027165988	0.052991137	0.056339886	-0.052238345	-0.06183485	0.040234644	0.06345926	0.024748156	-0.050621904
0.028327936	-0.08268847	0.056488346	0.06939443	-0.04410324	-0.00014793218	-0.014186482	-0.06467595	0.049778976	0.05022059	-0.0868347	-0.055649187	0.031601734	0.021325523	0.040311173	-0.014770372
0.06870514	-0.009103186	0.054515243	0.035525303	0.0034668925	0.03360274	-0.087354	-0.080684416	0.05203346	0.082673386	-0.06587369	-0.037294082	0.023539705	0.06830898	0.08744223	-0.0314435
0.03972275	-0.06974618	0.009981591	0.09049312	-0.056465495	0.08598798	0.0068231053	-0.05740725	0.011639947	0.04198654	-0.0076153222	-0.0723023	0.03724847	0.07222876	0.010771243	-0.029116005
0.07696679	0.0029219084	0.05499413	0.028256604	-0.08660211	0.0018476777	-0.026197119	0.0024503337	0.07932355	0.05042349	-0.024114614	-0.025777524	0.08167983	0.07279694	0.05482988	-0.054155
0.016996233	-0.085851945	0.02201022	0.033466805	-0.011276401	0.043637045	-0.068449914	-0.04843811	0.004214324	0.093779765	-0.036655758	-0.082207985	0.009583266	0.044039506	0.08358454	-0.0053713606
0.0022448155	-0.036284596	0.004416749	0.04829156	-0.0073117097	0.061845146	0.006421519	-0.08767819	0.08805861	0.026730385	-0.015850203	-0.036989395	0.086206175	0.032169756	0.05671588	-0.04834285
0.011935171	-0.029323943	0.027643546	0.05767274	-0.04471254	0.061702967	-0.04823258	-0.07394195	0.026682116	0.026258187	-0.042445756	-0.07027179	0.041266266	-0.00758442	0.02720875	-0.08245599
0.06063154	-0.0002112505	0.0034089584	0.03165553	-0.07520258	0.059314035	-0.07546151	-0.017317273	0.09300738	0.023901457	-0.013879758	-0.031332944	0.0074624033	0.020418268	0.06712917	-0.005102604
-0.01801949	0.0123637915	-0.084222086	-0.060751703	0.0782952	-0.00937163	0.00078088546	0.053523466	-0.04756293	-0.08201343	0.048961323	0.005897039	-0.023179015	0.0029278328	-0.08293689	0.032540288
-0.0038159231	0.068246745	-0.047073096	-0.08370993	0.03229122	-0.01823765	0.07744512	-0.006424672	-0.04804254	-0.04324162	0.05630799	0.040584844	-0.043714575	-0.0036972654	-0.03445676	0.040874988
0.015832447	-0.04270339	0.062136684	-0.00176739	-0.03917186	0.008391685	-0.029528456	-0.069892675	0.073708616	0.056440353	-0.039431896	-0.07289992	0.039100777	0.07942101	0.08376306	-0.08265822
0.07557635	-0.07743984	0.0111921355	0.018210288	-0.060901295	0.002948916	-0.036302894	0.011445136	0.079601824	0.016834857	-0.03739719	-0.05089765	-0.0024668532	0.056512292	0.081783704	-0.052170843
0.0066505624	-0.012259878	-0.05000642	-0.084702365	0.0076757334	-0.051080637	0.03466003	0.086002156	-0.03192473	-0.0669462	0.054877374	0.0028102824	0.0015644692	-0.043588083	-0.054359615	0.08514847
-0.0015621786	-0.03816284	0.024504554	0.0030862542	-0.0029524846	0.08563253	-0.037717205	-0.060977526	0.054815933	-0.013612267	0.008189328	-0.019317908	0.002771149	-0.009184218	0.05753134	-0.07731726
0.008492099	-0.0095675755	0.020483347	-0.0151998	0.010146479	0.055016335	-0.080085926	-0.045398854	-0.00990903	0.03953187	-0.06904691	-0.05846907	0.031134192	0.07704642	0.038928527	-0.003785062
0.0034935963	-0.02167412	0.008877215	-0.005928165	-0.06958418	0.008642171	-0.06655274	-0.023641335	0.080054216	0.051872462	-0.022272862	-0.015411759	0.052289784	0.054799773	0.049084693	-0.04824782
0.04298198	-0.067313395	0.047284547	-0.00806892	0.010826374	0.029278668	-0.06029183	0.0031564436	0.01690627	0.057991836	-0.06296596	-0.013900599	0.023170952	0.07008538	0.07409022	-0.0024290392
0.04456853	0.0046603954	-0.003793736	0.03971869	0.022196233	-0.007562806	-0.07572443	-0.0050829463	0.020686343	0.030814301	0.0026303278	0.010285999	0.064805046	0.044065043	-0.015404879	-0.037540812
-0.06555692	0.07093039	-0.019976793	-0.033501863	0.016246518	-0.08274268	0.046456534	0.009219689	-0.08491278	-0.009734192	0.030637097	0.02251191	-0.05938706	-0.0075366693	-0.04405726	0.0644133
-0.0022776197	0.060865343	-0.027534427	-0.03688386	0.03810692	-0.04478665	0.03606012	0.08324489	-0.060548246	-0.056260757	0.04914644	0.052877158	-0.057988	-0.0063577713	-0.024803016	0.081294335
-0.017238874	0.013196496	-0.05266379	-0.041030273	0.009060892	-0.05855318	0.08286829	0.084399894	-0.068583556	-0.037590425	0.025891583	-0.00326586	-0.014149833	-0.0038165867	-0.07139679	0.01951058
0.0020449618	0.001368996	-0.03422508	-0.03173593	0.044783004	-0.018097686	-0.01315206	0.04781644	-0.017709209	-0.06850973	0.03211134	0.06535435	0.010887087	-0.04764471	-0.00035737388	0.02029673
-0.0065748235	0.04714363	-0.074582994	-0.06994856	-0.0033747503	-0.0038610934	0.039162062	0.04525307	-0.03161522	-0.087824404	0.013397955	0.0029302898	-0.036764264	-0.037842926	-0.026027214	0.06755596
0.072831	-0.017557247	0.053653527	0.07714638	-0.03320317	0.041776955	-0.044340793	-0.07652063	0.003842504	0.013541612	0.012569017	0.009536169	0.06919358	0.035054646	0.045250997	-0.06653909
0.057233974	-0.0676713	0.02011298	0.024988862	-0.042298075	0.039421964	0.012361184	-0.081188835	0.084302284	0.012868245	-0.05346058	-0.06589195	0.03207729	-0.009865651	0.047811586	0.009803183
-0.005925588	-0.07828356	0.06910445	0.03569378	-0.046589047	0.054901958	-0.042593874	-0.012587032	0.020553874	0.027784785	-0.07108223	-0.040640697	0.07043821	0.03590677	0.08480493	-0.045575142
0.06964569	0.008235958	0.012702526	-0.005266038	-0.03189785	0.06357563	-0.022778597	-0.009311444	0.07238529	0.07655291	-0.0037035244	-0.07332053	0.032264873	0.048965253	0.041180335	0.0011001709
0.059040762	0.005263924	0.05992507	0.04113083	0.008950933	0.07219329	-0.033826407	-0.05354828	0.0919619	0.042283453	-0.07355768	-0.07785418	0.020435521	0.013925589	0.08530358	-0.04798263
-0.07276242	0.030969318	0.0077725877	-0.06751387	0.063668706	0.0028398	-0.007383306	0.0303709	-0.018952446	0.00021589838	0.021511806	-0.00093025947	-0.056140363	0.0017135594	-0.046367798	0.026836865
-0.07773193	0.043240186	-0.06333355	-0.0022268968	-0.006559717	-0.04085743	-0.0040681246	0.028933916	-0.017608024	-0.02534681	-0.021192187	0.054048553	0.005636375	-0.023127126	-0.05267598	-0.007867655
-0.03950467	0.07786849	-0.021431463	-0.04505558	0.026516246	-0.029777989	0.0010301939	-0.007082897	-0.040665537	0.0017174395	0.052313045	-0.0029194881	0.025675926	-0.030555872	-0.026318634	0.04385752
-0.0013090032	0.05260753	-0.062885515	-0.020301474	0.023092387	-0.019081032	0.041209135	0.05384771	-0.011023751	-0.05862202	0.029649956	0.017620781	0.027005509	0.007297016	-0.04728895	0.021980414
0.009133708	0.022563292	0.018066099	-0.0070175272	0.05192262	0.0008322612	0.052559134	-0.012270185	-0.017261708	-0.053848725	0.025238153	0.028297398	-0.03138744	-0.026667336	-0.036346097	0.042657
-0.016014569	-0.005564143	0.0061268387	-0.03441899	0.083498314	-0.02710105	0.031103088	0.07043528	-0.053209502	0.0069327476	0.07044417	-0.0027907726	-0.07455327	-0.021915382	0.006039375	0.06685842
-0.010343267	0.031670857	0.008640368	-0.02420842	0.018712375	-0.01746583	-0.009173466	0.010928026	-0.04515969	0.004408552	0.021152927	0.0658561	0.0033913094	-0.040712405	-0.026073566	0.044467244
0.00018177013	-0.0006450499	-0.04470748	-0.06039611	0.003404154	-0.06439402	0.020658813	0.07105675	-0.058987428	-0.07939292	0.04117527	0.07592314	-0.07121226	-0.0038351244	-0.07526765	0.06593561
-0.015095739	0.016655795	-0.003215516	-0.027936822	0.002156238	-0.033670783	-0.01257537	0.021349655	-0.055646274	-0.00067863625	0.036523744	0.06352167	-0.014606507	-0.03798556	0.009509812	0.03546137
-0.041329596	-0.011036769	-0.055776276	0.0130959	0.0394128	-0.02658273	-0.010412719	-0.005652808	-0.033963207	-0.033738427	0.017565675	0.07808692	-0.060896337	0.008329242	-0.048752666	0.05354517
-0.072202295	0.073260546	-0.0045986846	-0.04500954	0.0155012645	-0.055759408	0.030476818	0.040766634	-0.026204363	-0.08598907	0.0441236	0.06712779	-0.047351997	-0.006957528	-0.01602066	0.021611875
0.049043104	-0.018937081	0.05189661	0.059421178	-0.025161916	0.07979295	-0.018542992	-0.037589666	0.06867295	0.0005914603	-0.017306793	-0.07072863	0.07317052	0.055616487	0.022721753	-0.031101136
0.035693415	-0.08738243	0.09112352	0.0699229	-0.02080622	0.07143818	-0.08830939	-0.04963894	0.022315815	0.0810565	-0.009191316	-0.047139402	0.011640441	0.0010462818	0.050768375	-0.008384082
0.09601449	-0.016182516	0.057548124	0.049226306	-0.0014259993	0.03369028	-0.010825725	-0.07795254	0.03067397	0.0915284	-0.08942612	-0.037185404	0.03171307	-0.0012922357	0.05576616	-0.056535624
0.010911122	0.053313408	-0.023462163	-0.06930066	0.08323522	0.0033829673	0.024735732	0.07557566	0.0032990694	-0.009198639	0.0019233248	0.02715284	-0.06483593	0.0007151971	-0.020340625	0.053414565
-0.030817816	0.045014255	-0.04281387	-0.036481608	0.040770147	-0.026666354	0.04891234	0.030617135	-0.03356449	-0.06151095	0.027149213	0.066853575	-0.033647522	0.016562983	-0.04873513	0.06762793
-0.031149825	0.0073282043	-0.039544307	0.015391033	-0.004362953	-0.05451677	0.05547633	0.0683757	0.012229896	-0.064332396	0.0050933105	0.012187266	0.003469036	-0.021779763	-0.017425211	0.08106262
-0.027915249	0.0054841633	-0.0014524949	-0.0026042887	0.083715096	-0.0424003	0.04973313	0.0386714	-0.074349485	-0.052527215	0.039045624	0.0640258	-0.023880748	-0.06875602	-0.059062924	-0.010017154
-0.05843805	0.08562193	-0.051133394	-0.022601312	0.044661444	-0.04627296	0.030663064	0.052718118	-0.03529389	-0.043326788	0.06534201	0.03338552	0.0010869851	-0.021480273	-0.06499705	-0.009029167
-0.059678044	0.082682155	-0.035597786	0.009019325	0.06178176	-0.02976924	0.049399476	0.021911282	-0.0070124324	-0.07864163	0.026337167	0.027460562	-0.052916277	-0.007251275	-0.016195226	-0.007755524
0.054429874	-0.023866884	0.044505205	0.015395112	-0.01911082	0.015153112	-0.058669187	-0.024287838	0.06134981	0.03765238	-0.020049646	-0.016303655	0.031381823	0.039875697	0.047788613	-0.029056353
0.05892379	0.0014618698	0.022262657	0.02597153	-0.039309684	0.0096857445	-0.09159062	-0.020938365	0.054238573	0.022214085	-0.032290034	0.007931326	0.012229001	0.08712405	0.006038994	-0.03173384
0.054335646	0.0037355493	-0.0005583925	0.022491211	-0.03920317	0.0906323	-0.08374151	-0.021867042	0.013074777	0.06657592	-0.003075774	-0.07942851	0.0037441156	0.015144986	0.06541109	-0.06844777
-0.0007291089	-0.04896178	0.06513447	0.082182065	-0.032862183	0.026605006	-0.07634009	-0.090807796	0.082314946	0.0070406706	-0.01926986	-0.010161456	0.026345978	0.032350168	0.015979646	-0.07074205
0.08122315	-0.040077187	0.05125287	0.07263314	0.0039627366	0.035888456	-0.02427863	-0.07324293	0.08051625	0.03961467	-0.0067324517	-0.044215728	0.056834344	0.07990843	0.010625164	-0.079750024
0.051331777	-0.058604367	0.062988386	0.07929344	-0.01845276	-0.0067514232	0.007825376	-0.052383795	0.0051675467	0.009029865	-0.07391539	-0.01939599	0.06730044	0.013047095	0.047148127	0.006407298
0.077219225	0.009433911	0.024622774	0.0033450301	-0.06731536	0.03524278	-0.060528934	-0.015208707	0.05823873	0.024638357	-0.01851386	-0.03183548	0.06500247	0.0370943	0.06511616	-0.035595044
-0.07663701	-0.007340272	-0.041214578	-0.033741914	0.053931985	-0.032709986	-0.0036591673	0.013767176	-0.020263422	-0.009735051	0.03799831	0.0162831	-0.05209121	-0.05499984	-0.08262228	0.04170512
-0.033816785	-0.013530263	-0.08076989	-0.00044865554	0.034657296	-0.043553025	0.03467169	-0.013526964	-0.0653094	-0.0040004305	0.012529974	-0.003999716	-0.072549	0.0043256367	-0.015378414	0.04021209
-0.033437077	0.06550382	0.009122199	-0.07118862	0.054928944	-0.061197113	-0.015246837	0.027984688	-0.04615511	-0.054117143	0.054608695	-0.0044519496	-0.011612	-0.079445966	-0.015160821	0.07878719
-0.0632029	0.06429489	-0.004352908	-0.04498264	0.073901646	-0.041177772	0.027704133	0.011209146	-0.026224652	-0.0008773433	0.051596586	0.002155607	-0.0047005946	0.0013973213	-0.08144014	0.037494376
-0.082060136	0.07968724	-0.011560255	-0.02799815	0.022988275	0.0019397555	0.07798838	0.0068898513	-0.03432065	-0.025753396	0.03348686	0.010357787	-0.006796272	-0.00039669967	-0.023500526	0.07678014
-0.087502785	0.04235111	-0.045492765	-0.037133783	0.08173978	-0.08882535	0.023558779	0.045320302	-0.008784947	0.0004983284	0.05736353	-0.0013861621	-0.054404553	-0.061796103	-0.012327836	0.001160774
-0.0143154105	0.026240425	0.017917521	-0.010369415	0.0035851407	-0.015979752	0.009576872	-0.004768708	-0.012694035	-0.008313222	0.020929156	0.0009719787	0.006488796	-0.001378505	-0.06454498	0.03902467
-0.0771498	0.07013245	-0.040667772	-0.06300983	0.08427668	-0.0143117495	-0.0016221716	0.0309507	-0.06840345	-0.011950612	-0.012539316	0.026800126	0.016345687	-0.038605392	-0.039899673	0.058427695
-0.05453407	0.027242377	-0.029426802	-0.019579904	0.07013366	-0.033294827	0.0014038536	0.04867455	-0.021011861	-0.02287142	-0.0124290595	0.065773554	0.019318242	-0.0021238618	-0.022693425	-0.016205413
-0.06702794	0.049889952	-0.0007522393	-0.042853758	0.08868751	-0.08834953	0.061894227	0.050256006	-0.08486297	-0.011899951	-0.0056526647	0.019343805	-0.0024686838	-0.07343221	-0.040759258	0.005784375
-0.084415905	0.0028191507	-0.07175514	-0.07340122	0.05628382	-0.012618589	0.018084802	-0.009457221	-0.09906445	-0.06842804	-0.00894291	0.054442976	-0.073944904	0.0056670588	-0.056293104	0.048505828
-0.072657175	0.04540617	-0.01766974	-0.044741407	0.069883674	-0.020827608	0.049031727	0.007153716	-0.026911126	-0.05863081	-0.0014557348	0.08506511	-0.0068861353	-0.08172185	-0.02425183	0.044571094
-0.016442202	0.064232506	-0.072377235	0.0012316215	0.04501885	-0.061446987	0.04482721	0.07062977	-0.090270765	-0.04287487	0.04745178	0.050159696	-0.0065520513	-0.027018024	-0.04999147	0.08128892
-0.083486944	0.023795247	-0.0015504754	-0.0064399033	0.05874176	-0.043659177	-0.0015832138	0.057815712	-0.048984323	-0.028974893	0.0057792948	0.02042181	-0.07296757	0.004984578	-0.038934983	0.081617415
-0.0027075661	0.008937695	0.014699438	-0.011246439	0.0021661734	-0.021606252	0.08225568	0.03563295	-0.029169317	-0.07116274	0.082342185	0.012973344	-0.031175759	-0.06569344	-0.017797144	-0.00050164934
-0.0035213917	0.07038408	-0.010683495	-0.07976917	0.009033392	-0.012332924	0.044093497	0.03280587	-0.046570525	-0.04154683	0.011545376	0.06383384	0.004055617	-0.031444516	-0.034316465	0.015324049
-0.003449108	0.01707054	-0.0052443296	-0.07397264	0.0017793839	-0.026607871	-0.010978411	0.023689074	-0.019900851	-0.014047366	0.06038942	0.0337808	0.006797492	-0.05495394	-0.051174443	0.057061605
0.05317615	-0.01594643	0.07302016	0.057501312	-0.012640015	0.030961977	-0.06622811	-0.08298323	0.047936726	0.037757114	-0.047335673	-0.021986969	0.0016690048	0.0330702	0.073756084	-0.045431778
0.0046098162	-9.273483e-05	0.06050064	-0.0066017103	-0.0072669573	0.0018292954	-0.0745407	-0.032710686	0.045376178	0.055344597	-0.050081152	-0.07823714	0.039292425	0.009264696	0.0897329	-0.05052311
0.015580545	-0.06541006	0.09002339	0.068780676	-0.06276071	0.0710518	-0.045551125	-0.005848333	0.0027094064	0.016027426	-0.07491627	0.005891808	0.021126866	0.0060249213	0.072351575	-0.01955607
0.03693402	-0.08411848	0.07689899	0.058032464	-0.0012117876	0.024351994	-0.07382199	-0.0014312795	0.07152877	0.015407459	-0.07863291	-0.03596007	0.0139435	0.026703678	0.017744545	-0.0053333133
-0.008207473	0.0020020003	0.03287725	0.043753237	-0.048891727	0.05059043	-0.016320748	-0.082710244	0.008151063	0.04189449	0.012122592	-0.06705086	0.012978229	0.07112803	0.04804635	-0.066715695
-0.005002899	-0.032450914	0.08193326	0.033297397	-0.035605248	0.036320552	-0.080753416	-0.053341337	0.047392692	0.08328125	-0.080105476	-0.024493182	0.03401673	0.05465457	0.04711014	-0.018391607
0.00060396147	-0.049928755	0.07372155	0.006769083	-0.06984399	0.08028251	-0.012274018	0.008380477	0.05162717	0.08796383	-0.057499297	0.0032738107	0.0506158	0.053362057	0.045448944	-0.07652217
-0.007743531	-0.026112575	0.07983953	0.066702984	-0.004465577	0.0076532103	-0.018684551	-0.030828867	0.055516336	0.090161085	-0.025158865	-0.029844588	-0.008178649	0.0028792084	0.05663811	-0.049046643
-0.01794544	0.013487368	-0.002596716	-0.015133039	0.0057159318	0.010562232	0.016235346	0.06739321	-7.440627e-05	-0.007231611	0.027136013	0.01469654	-0.06564354	-0.06797495	-0.026761757	0.010508676
-0.047012307	0.07071676	-0.018238027	-0.05374559	0.06581675	-0.03185682	0.0043609473	-0.01405201	-0.09441347	-0.042224564	0.00073290674	0.069662385	-0.0075590047	0.0070124967	0.0049077366	0.048826516
-0.03435501	0.0030880175	-0.057182018	-0.055027157	0.040566705	-0.06940997	-0.004241072	0.04859642	-0.013550454	-0.0110172415	0.01747879	0.02421499	0.0041571585	-0.047107834	-0.032862764	-0.00980297
-0.019335566	0.0052036275	0.00707146	-0.041258845	0.089180335	-0.032190267	0.0497075	0.07694433	-0.088730544	-0.07826718	0.026493082	0.037794184	-0.03026399	-0.08055721	-0.04274139	0.07507791
-0.03890194	0.048130453	0.0057350425	-0.0029928037	0.014117417	-0.036690887	0.051177237	0.014143665	-0.046271157	-0.0002942895	0.034936268	0.0631645	-0.018759035	-0.070094906	-0.035257045	0.056746207
-0.051595587	0.06905072	-0.044646848	-0.027084058	-0.002645084	-0.009425943	0.068897344	0.017504916	-0.09651951	-0.017824983	0.08168892	0.036122464	-0.063278265	-0.076009266	0.006761639	0.07233977
-0.0791094	0.07792172	-0.0060480526	-0.024324602	0.03264212	-0.0045489664	0.055288605	0.0806108	-0.025041297	0.0013456756	0.018906169	0.014553469	-0.011536934	-0.07341469	-0.071677305	0.068518974
-0.07557748	0.04767403	-0.005850001	-0.070779435	0.031566005	-0.0671012	0.067833826	0.06674533	-0.009772389	-0.029390067	-0.009131229	0.07694829	-0.07327962	-0.05165001	0.014280857	0.0039664856
0.0066971174	0.044084083	-0.050639182	-0.077637754	0.013753924	-0.025180126	0.073709525	0.081122234	-0.08694733	-0.06803972	-0.0040912554	0.016280621	-0.009685529	-0.05392882	-0.069447026	0.05026911
-0.0015974331	-0.059201993	0.005601492	-0.0030227692	-0.09056558	0.019117748	0.0016625089	-0.012239176	0.02735241	0.025326576	-0.009838758	-0.03437523	0.0905618	0.015443401	0.079207584	-0.03312593
0.09247757	-0.08921945	-0.0013912084	0.056257244	-0.041622434	0.036255434	-0.074238434	-0.06743273	0.046129424	0.033605255	-0.016664412	-0.041334637	-0.0034392453	0.08503101	0.0093030995	-0.0702503
-0.04036084	0.038663473	-0.079831295	-0.0015072244	0.08091955	-0.0890317	0.032403465	0.07031487	-0.0363778	-0.07404141	0.07601364	0.05477751	-0.0815391	-0.044145647	-0.040822607	0.07387844
-0.042917766	0.052869845	-0.017808696	-0.08678223	0.08573324	-0.016406022	0.04966343	0.028656425	-0.0940394	-0.023991123	0.020391356	0.05487677	-0.01158126	-0.06688545	-0.07608015	0.021967964
-0.082753934	-0.00039927848	-0.016967993	-0.040560853	0.0764652	-0.014004175	0.083528355	0.053797953	-0.09261105	-0.08971107	0.030612655	0.02047373	-0.04472023	0.010715301	-0.082896814	-0.008571344
-0.020481197	0.03584576	-0.061336476	-0.08321029	0.06854806	-0.018925983	0.042898294	0.012539282	-0.088139	0.0007720552	0.042411912	0.008636857	-0.07227862	-0.04517517	-0.0814114	0.013498682
-0.008679513	0.06864842	0.01033875	-0.00989309	0.010174639	-0.0781053	0.048467416	0.07133503	-0.050761227	-0.06326327	0.07878575	0.07968406	-0.00039253727	-0.07482614	-0.0030404374	0.08253022
0.0133764185	-0.06075457	0.004251407	0.07899832	-0.05596707	0.01623206	-0.053165585	-0.07513793	0.048005413	0.084768005	0.010162307	-0.04689239	0.054970007	0.08026237	0.034397047	-0.02526443
0.06835917	-0.012910201	0.051548027	0.049118485	-0.07239027	0.08676718	-0.077101216	-0.009007074	0.08354714	0.004688944	-0.041062124	-0.07992968	0.04727996	0.088562235	0.013610953	-0.079517566
0.018021125	-0.024116993	-0.0020295957	-0.012080655	0.0039402274	0.028214652	-0.06988857	-0.056443784	0.043504123	0.07973954	-0.016322335	-0.018459821	0.01154818	0.066651724	0.07421519	-0.07384946
0.042376284	-0.051769022	0.0077551617	0.004683748	-0.06840708	0.0064597805	-0.06872081	0.0039909054	0.07585323	0.05327914	-0.04381379	-0.07678268	0.033042554	0.020950396	0.066624664	-0.027585264
0.0069035734	-0.04955737	0.055950634	0.015820876	-0.019614981	0.053143956	-0.063891	-0.015335118	0.0072702956	-0.008904131	0.0008793157	-0.00056113803	0.051895183	0.069551766	0.054449897	-0.0301103
0.016447451	0.011724095	-0.006644319	0.03881986	-0.05099729	-0.008620546	-0.049299777	0.009656273	-0.00013534108	0.022478012	-0.07938085	-0.07207968	0.07926718	0.009982007	0.022476608	-0.03666401
-0.011846268	0.05437803	0.007306486	0.011803825	0.025156338	0.0032266702	-0.0019074907	0.0010643046	-0.041366212	-0.09314233	0.07277843	0.008456617	-0.08226377	-0.02647307	-0.08492773	0.005427783
-0.05227987	0.08146115	-0.03572857	-0.084976725	0.029989198	-0.02595547	0.050091892	0.0813826	-0.04112618	-0.0035219118	0.059360914	0.076416194	-0.011871993	-0.04768497	-0.031112572	0.021517403
0.0072188196	-0.05117262	0.08092825	-0.0024312716	-0.06552445	0.046245508	-0.02071954	-0.008061571	-0.0056088013	0.07439648	-0.014351509	-0.062142245	0.05961336	0.028607965	0.015790228	-0.0653956
0.06690193	-0.04649244	0.022905132	0.046756066	-0.0147892395	0.07831637	-0.07956061	-0.017094254	0.100067824	0.09472531	-0.050486207	-0.021364892	0.009380955	0.0014833654	0.025896829	-0.01271191
0.023612777	-0.03317425	-0.009019563	0.04868657	-0.052492302	0.03474888	-0.05886201	-0.010725996	0.050555762	0.08647989	-0.06610229	0.0042422432	0.03787322	0.021685984	0.07993192	-0.0696361
0.02379313	-0.017073352	0.010987045	0.033371333	-0.07176503	0.060688093	-0.03171785	-0.05815202	0.04970773	-7.70372e-05	-0.07492054	0.012980876	0.037643146	0.07923859	0.0675102	-0.013348
0.053738855	-0.022064285	0.085263506	0.049565088	-0.01515215	0.0016054618	-0.039903224	-0.016692588	0.015359317	0.006770143	0.002175308	-0.02584077	0.034993216	0.011099231	0.044330914	-0.044378895
0.07593918	-0.06101516	0.05745674	0.03431161	-0.030790495	0.011542644	-0.03784591	-0.02719919	0.06663843	0.09044147	-0.07449117	-0.049752377	0.0024823332	0.0043461635	0.023477154	-0.007818476
0.06394163	-0.06510418	0.04471659	0.049166378	0.00012719876	0.03265545	-0.048197277	-0.0692848	0.065476604	0.002842824	-0.046949744	-0.08127838	0.047099944	0.036875427	0.029099945	-0.054828376
0.085302256	-0.05775508	-0.008396098	0.048721034	-0.038097028	0.01572446	-0.0652619	-0.07134454	0.041331317	0.017752903	-0.064352445	-0.04710113	0.011882612	0.04077027	0.085671805	-0.0015661244
0.066957116	-0.061981022	0.046897095	0.05447701	-0.0036806625	-0.0072063818	-0.068062454	-0.045282777	0.02495866	0.039796308	-0.07753167	-0.0353522	0.043179788	0.077890426	-0.0017880383	-0.027554361
0.017976945	-0.02549397	-0.0010208237	0.027650787	-0.017791009	0.007897093	-0.06265782	-0.08647719	0.016173888	0.009886041	-0.017300215	-0.05355581	0.05171292	0.06505911	0.021430023	-0.030331772
0.040699482	-0.037378043	-0.0034916801	-0.008573954	-0.07874555	0.0446739	-0.07107274	0.010733313	-0.007930562	0.085082375	-0.07584428	-0.03825265	0.05769165	0.03691086	0.07166043	-0.0436798
0.0563261	-0.08065929	0.005974397	0.05840284	-0.039834943	0.0005734441	-0.06810769	-0.008062374	0.038932517	0.031001065	-0.018030195	-0.041810624	-0.011143597	0.077381365	0.07987645	-0.057023674
-0.027747013	0.034233443	-0.033347625	-0.007894007	0.07162553	-0.08055785	0.036884278	0.061533444	-0.058424078	-0.032707132	0.065175705	0.036898695	-0.01350888	0.0034023328	0.0070241448	0.01787375
0.012150111	-0.07343632	0.04401902	0.023305086	-0.059044234	0.051323168	-0.08875024	-0.04221092	0.05673274	0.0909009	-0.011550541	-0.07889149	0.052086618	0.03899169	0.047674436	-0.0029501298
0.07265046	-0.030687772	0.08497652	0.045674525	-0.03127979	0.007881117	-0.061945785	-0.032706145	0.054649826	0.03774107	-0.037578512	-0.0026160795	0.03994968	0.02590671	0.074738406	-0.08141187
0.08234265	-0.019093625	0.0063940147	-0.012967803	-0.072106026	0.047250092	-0.015917966	-0.011358456	0.058569398	0.052530877	-0.049879234	-0.07057689	0.05532512	0.055448275	0.06290671	-0.019198071
0.027367571	-0.00013566087	0.021893438	0.040971097	-0.04791705	0.07650438	-0.015106128	-0.017844724	0.03130977	0.04312549	-0.083104864	-0.0327022	0.08533551	-0.0048145405	0.06270567	0.007641621
0.0077282838	0.040617026	-0.07260593	-0.0016768462	0.044825763	-0.030226821	0.013445587	-0.009806111	-0.06835612	-0.04149311	0.018793844	0.07413408	-0.019586785	-0.019200936	-0.039184067	0.0205994
-0.06151881	0.009743879	-0.018230578	-0.035939775	0.05764286	-0.04722918	0.06648093	0.035125773	-0.064048626	-0.002491272	0.08272823	0.021350631	-0.00026068185	-0.030320892	-0.038140602	0.008795648
-0.03189698	0.08186894	-0.0023368539	0.008794237	0.013973879	-0.046692032	0.05002331	-0.0023703852	-0.057451785	-0.044711363	0.058551043	0.07053679	-0.06749594	-0.02938742	-0.06239202	0.07447651
0.0057554855	0.05070197	-0.046878774	-0.046346463	0.088090606	-0.0013624938	0.08279445	0.052961554	-0.0330837	-0.062435053	0.081503056	0.05989644	-0.07004964	-0.014444417	-0.051236402	0.020836914
-0.019148463	0.025060205	-0.05297237	0.002102454	0.0506634	-0.01282582	0.03313091	0.013958576	-0.035528343	-0.04988094	0.021582523	0.037502863	-0.016958298	-0.07660089	-0.002641633	0.015239361
-0.0389744	0.080709	-0.03225662	-0.056669462	0.057589773	-0.048782814	0.029390804	0.053056326	-0.092464074	-0.06984651	0.03814475	0.064839706	-0.047966953	0.0065896646	0.0057015587	0.011809293
-0.08933292	0.065776795	-0.07083191	-0.03240208	0.023513712	-0.01834127	0.0017428397	0.052408267	-0.048506998	-0.049161024	-0.0030688916	0.0065265936	-0.0026187631	-0.02244509	0.012126014	0.006004978
0.070225365	-0.08931149	0.076901615	0.072653785	-0.041898057	0.08201123	-0.00052136544	-0.015803587	0.08586649	0.07154177	0.0036316535	-0.005376375	0.034548	0.033622306	0.0011444835	-0.0044479826
0.005287839	-0.024123916	0.05862174	0.025210433	-0.06203304	0.078225724	-0.07652955	-0.09046801	0.08069004	0.09274272	-0.06123713	-0.0034948976	0.010397566	0.076199	0.0031045051	0.0059770583
0.052919336	-0.06658291	0.03728599	-0.013766267	-0.043811765	0.012914921	0.0064386996	-0.006176899	0.011652931	0.085236184	-0.069987185	-0.07926826	0.02536987	0.087362595	0.053198975	-0.06815595
0.02483328	-0.029259672	0.0035730281	-0.0064586317	-0.017220654	0.02136747	-0.031379152	-0.07434302	0.08126735	0.0532687	-0.063657135	-0.062485926	-0.008904434	0.05764432	0.084243596	-0.060258504
-0.0013158948	-0.025272684	0.0015364828	0.05768976	-0.04483491	0.08015624	-0.06932024	0.008965182	0.061478637	0.0031683506	-0.035865996	-0.022751203	0.05740446	0.013003912	0.06737862	-0.054663204
0.008083958	-0.0713447	0.002463866	0.0105095375	-0.003187596	0.057502422	-0.047515485	-0.078705825	0.031602345	0.062579155	-0.011256427	-0.010273926	0.083770886	0.0293999	-0.010359627	-0.043471277
-0.0003150982	-0.0023550878	0.062478546	0.057039317	-0.009672599	0.09059787	-0.061141837	0.007847591	0.07364152	0.0077324226	-0.088074446	-0.041513395	0.06107827	0.05809433	0.00031336176	-0.009989363
0.047144894	-0.015358506	-0.003692787	0.06424193	-0.07863088	0.012148658	-0.019562712	-0.030675426	0.051593192	0.07574655	-0.048541773	-0.051066488	0.0019822796	0.073475115	0.046139263	-0.039694734
-0.05568562	0.016653223	0.0075207893	-0.080802016	0.085809045	-0.034175895	0.0063327886	0.079308435	-0.06234561	-0.04233477	0.057044324	0.05704993	-0.035320517	-0.0042448067	-0.014945643	-0.0027682963
0.08755378	-0.07746378	0.08912322	-0.009444648	0.0074171065	0.069153935	-0.0011369599	-0.010444399	0.05456357	0.048176896	0.0052547255	-0.051311817	0.014506656	0.015677022	-0.00884821	-0.039329365
0.07097832	-0.04688896	0.057642344	0.017981954	0.005675296	0.060844403	-0.017488046	-0.027787225	0.016088411	0.054819822	-0.04962487	-0.048740044	0.08572259	0.08975741	0.014894534	-0.054362714
-0.008594872	0.014734243	-0.0341742	-0.05731896	0.07156508	0.005898557	0.004181262	0.07587649	-0.0075213364	-0.048772544	0.021637307	0.020549288	-0.016202236	-0.048931256	-0.042311266	0.011853599
0.051993053	0.006615784	0.077949084	0.07261009	-0.0132362405	0.0014884685	0.0012970348	-0.07721408	0.025317453	0.03332968	-0.07793685	-0.013071093	0.03750038	0.037463214	0.061714992	-0.012610054
0.020969167	-0.030084273	0.041902173	0.043563597	-0.0551308	0.08852615	-0.0358883	-0.040536843	0.029164262	0.004804168	-0.009847624	0.007824344	0.01990762	0.08003005	0.03815311	-0.024531493
0.051488105	-0.03399075	0.0019174339	-0.004093139	-0.031413633	0.012037329	-0.084811956	-0.07207447	0.0650223	0.080813505	-0.024252186	0.0016282239	0.012091602	0.0104479715	0.05432915	0.00554474
0.0477823	-0.025341444	0.07133265	0.016083581	-0.075716995	0.019572517	0.009370388	-0.07063551	0.06450771	0.08571596	-0.06313595	0.003455878	0.05865448	0.05421903	0.07580107	-0.019357627
0.061693475	-0.00065734587	0.000674181	0.05890365	-0.0027844557	0.02979986	-0.059526663	-0.043813337	0.01130073	0.038754962	-0.045320693	-0.042754292	0.07580996	0.04661978	0.054433383	0.00573469
0.005294513	-0.033438884	0.06813218	-0.016151685	-0.037886802	0.053011052	-0.039503474	-0.0217904	0.067941986	0.06409143	0.010863496	-0.04891225	0.03659633	-0.00038149388	0.024146734	-0.06118809
0.041003443	-0.01960884	0.057505205	0.06559588	-0.038739983	0.0280425	-0.012189633	-0.036573257	0.06006744	0.003852215	-0.011769701	-0.02002004	-0.0017455533	0.008403673	0.013830939	-0.05913034
-0.05924725	0.087050684	-0.009821285	0.003615435	0.025441721	-0.025040496	0.072254285	0.08566521	-0.017753823	-0.04668608	0.047089797	0.007960356	-0.052491598	-0.086251035	-0.08689931	0.059052948
-0.041477095	0.0010935452	-0.0067392453	-0.07054372	-0.0012526946	-0.020814965	0.01856747	0.0022139275	-0.057711467	-0.03047867	0.018080987	0.073785976	-0.032606266	-0.05877208	-0.06534	0.0406368
0.012620299	0.054187868	0.0009272155	-0.037029848	0.041170828	0.0034810007	0.013830405	0.021141278	-0.011845484	-0.067246005	-0.0061588343	0.059055254	0.010316335	0.009996238	-0.06927289	0.065743096
0.0010401035	0.007935548	-0.058864698	-0.027478816	-0.0051103495	-0.0010884046	0.011697406	0.05586459	-0.03679164	-0.077228464	0.01591913	0.038332924	-0.04958416	-0.015185449	-0.023670638	-0.01061314
-0.026236463	0.070799366	-0.011684752	-0.027941598	0.061061934	-0.03521329	0.011488243	0.0699491	-0.07660842	-0.06865012	0.05036935	-0.017911414	-0.069361724	0.015379627	-0.030574694	0.0017711383
-0.06743831	0.08357852	-0.036366828	0.0027275544	0.053371355	-0.07020286	-0.015408425	0.024849538	-0.016672438	-0.028643971	0.056135386	-0.0172455	-0.021741832	-0.028831022	-0.0031060243	0.032261506
-0.07028651	0.07920622	0.017229332	-0.03061227	0.015043907	-0.04566393	0.0375438	0.03947451	-0.090860635	-0.008823959	-0.0019742695	0.06689721	-0.06699772	-0.024363091	0.006753119	0.017908992
-0.011107786	0.02205647	0.0026950666	-0.055039994	0.067673504	-0.051058635	0.005864059	0.078853704	-0.069502406	0.008885	0.065112	0.06851296	-0.06870692	-0.046006214	-0.06395518	0.07681161
-0.026326884	-0.005224112	-0.07012174	0.0025575692	0.0020334367	-0.069814615	0.034156837	0.044555206	-0.018720135	-0.012166747	0.02181483	0.016697383	-0.072728954	-0.058626752	-0.07118786	0.04616624
0.017705034	0.008981445	0.051750083	0.046456497	-0.095096365	0.039383445	-0.020433776	-0.0645684	0.049854036	0.06609436	0.0009262575	-0.077407174	0.044241756	0.026779104	0.048565645	-0.039150093
0.021587078	-0.024919936	0.049896937	0.045629688	-0.04976515	0.09151878	-0.06777839	-0.05698155	0.040636014	0.0660575	-0.012850914	-0.01254205	0.029392336	0.0049549737	0.0455994	-0.039582234
0.094609685	-0.04394785	0.02449462	0.0060131005	-0.048719753	0.090495445	-0.031103097	-0.06794834	0.049568355	0.07351387	-0.047602095	-0.05420589	0.042320993	0.021718478	0.02621277	-0.00063907466
0.026488746	-0.017754935	0.0044053686	0.09236296	-0.03555671	0.089597166	-0.036941655	-0.06497227	0.074929565	0.05817765	-0.03548721	-0.030107379	0.08264516	0.039147098	-0.0006492333	-0.08115618
-0.041096408	-0.013244355	-0.025524737	-0.009662857	0.03594554	-0.04419266	0.036137365	0.072158426	-0.05083798	-0.045683976	0.050195284	0.04681377	-0.016531222	-0.06130423	-0.032316513	0.021503393
0.0033009364	0.06990959	-0.08103743	-0.060831007	0.009151672	-0.03902558	0.0025777302	0.06644439	-0.07690581	-0.039519172	0.01939007	0.060519017	-0.031378303	-0.065175064	0.0059182243	-0.005047124
-0.030802812	-0.0048804977	0.0039367704	-0.064159855	0.016904386	-0.019645657	0.004389354	0.020076733	-0.00058900216	-0.07391807	0.07277936	0.024948891	-0.066039	-0.05503424	-0.06476932	0.063322574
-0.06968739	0.015644684	-0.08422119	-0.0124767395	0.0007754248	-0.088466994	0.02714014	0.04396941	-0.095569074	-0.044140264	0.045334943	-0.006618269	-0.065038204	0.0072439364	-0.02967854	0.01588686
-0.03461418	0.026464192	-0.02740036	-0.074927285	0.08143629	0.0023171718	0.035760496	-0.008444261	-0.09145512	-0.021347582	0.006052124	0.030182954	-0.025854552	-0.07436379	-0.065498844	0.004009936
-0.04103686	0.02478836	-0.052295174	-0.05842834	0.08301604	-0.0315792	-0.008845049	0.030485608	-0.07165824	-0.013199169	0.039979763	-0.008266148	-0.07207411	-0.073145136	-0.02380163	0.06305485
-0.02564241	-0.0054957136	-0.071523435	-0.021350816	0.02691346	0.0042905943	0.02398643	0.021227246	-0.044643205	-0.0040743784	0.05681363	0.07168983	-0.07460664	-0.06586061	-0.022747708	0.0105762845
-0.08547475	0.03274048	0.01172294	-0.035112593	0.06939705	-0.018267062	0.06350194	0.025272632	0.0029494897	-0.026359472	0.012928694	-0.01678594	-0.02970026	-0.03282408	-0.07675959	0.031160597
-0.046688724	0.006095508	0.013206228	-0.07181525	0.034679618	-0.006625809	-0.004163218	-0.0040494977	-0.041281343	-0.06907898	0.07376714	0.058190998	0.009693477	-0.017888023	-0.058893796	0.06778417
-0.03993876	0.0018802165	-0.060046352	0.012606651	0.015121255	-0.025290744	0.0383966	0.038897436	-0.04789074	-0.06784555	-0.0068441853	0.006423156	-0.044791527	-0.020522041	0.015065352	0.06694689
0.04829584	-0.084910825	0.025560675	-0.009913971	-0.07479616	0.057916418	-0.004396072	-0.06713276	0.0032459043	0.08910598	-0.0360466	-0.046243608	0.021468412	-0.0024204995	0.029507944	-0.019709025
0.018241175	-0.054328978	0.020994518	-0.013071542	0.0038790344	0.037384372	-0.04492566	0.0022584388	0.06423551	0.06426638	-0.047581993	-0.047640353	0.0014725926	0.046611153	0.08414706	0.0011048927
0.06966683	-0.05196493	0.063165575	0.01286543	0.006425981	0.054649375	-0.012436815	-0.076033115	0.07415861	0.0920325	-0.007322192	-0.017515587	0.06035531	0.04130357	-0.014526364	-0.011001808
0.051563725	-0.05406834	0.048687436	0.022309236	-0.046036232	-0.0045588035	-0.037429832	0.0013395947	0.03833979	0.069864266	-0.0567287	0.009682602	0.031916328	0.05128631	0.06535502	-0.045786496
0.06788475	-0.04056146	0.015093712	0.0050442806	-0.061967272	0.053267382	-0.083074525	0.006827562	0.008373799	0.026960665	-0.008869058	-0.012481191	0.07147771	0.054584555	0.0050642653	-0.077375665
0.05096761	-0.010826259	0.029480992	0.0011138951	-0.045304306	0.020836202	-0.004656827	-0.016093854	0.06301133	0.063140735	-0.083732426	0.00089977105	0.06106718	0.08196282	0.0076059606	-0.008143171
-0.012547755	-0.06135492	0.056616057	-0.012825446	-0.046159625	0.023304233	-0.06803291	0.00030112508	0.08033686	0.06571291	-0.06935511	-0.025751553	0.024773568	0.0044711144	0.044984657	-0.031233743
0.04212047	-0.060416445	0.06611414	0.009996083	-0.06554748	0.08677678	-0.077678494	-0.026797498	0.055913318	0.0022652708	-0.012720367	-0.03829953	0.036219824	0.09180263	0.035080846	-0.09290247
0.012887136	-0.084647395	0.07034283	0.07716042	0.0002580416	0.057735506	-0.009993135	-0.056106497	0.030986806	0.031269077	-0.0062857745	-0.05404992	0.07474154	0.06986755	0.066974774	-0.0077325874
0.08488376	-0.04363662	0.07105052	0.012217223	-0.08428446	0.065655425	-0.046049558	-0.0039456952	0.07707209	0.043319535	-0.030591065	-0.016378623	0.06308437	0.061084297	0.0827241	-0.08187212
0.011513984	-0.019929899	0.024470538	0.06120609	-0.038548212	0.07086314	-0.06613528	-0.03866938	0.048045807	0.06625401	0.0045784498	-0.08246947	0.05170646	0.08908178	0.08589589	-0.02096683
0.05239528	-0.02965942	0.0067111626	0.035155136	-0.014487787	0.034991015	-0.042637546	-0.06409494	0.077979185	0.021894539	-0.017172912	-0.016909208	0.023958096	-0.0032570218	0.08454064	0.0012891951
-0.06614918	0.051439267	-0.012260508	-0.051192246	0.032973517	-0.03538905	0.01753871	0.023826046	-0.057132702	-0.08043617	0.059743654	0.058141194	-0.026630817	-0.07731761	-5.95139e-05	0.023598703
-0.062290564	0.047792	-0.0033663283	-0.060075354	0.09132119	-0.07657079	0.0006700072	0.047231458	-0.068985626	-0.059905734	0.0011897602	0.052462358	-0.04183223	-0.021890758	-0.075545184	0.015000148
-0.0019887642	-0.0023013842	-0.050332177	-0.05694505	0.08528063	-0.07106823	0.011108664	0.01128237	-0.060000394	-0.094014145	0.068263866	0.06177768	-0.03524598	-0.054713134	-0.03135797	0.031814363
0.044475537	-0.08285182	0.045272883	-0.0061362465	-0.05596864	0.036008105	0.0023320315	0.010794081	0.076704964	0.0062581142	-0.07279969	-0.0061996905	0.030171504	-0.007944692	0.085347444	-0.040907428
-0.003125259	0.052841183	-0.02698709	-0.034275852	0.013905127	-0.0071938736	0.049976915	0.061663505	-0.032252356	0.0025921282	0.016988145	0.042688925	-0.0035642276	-0.026814869	-0.041190818	0.023457129
-0.0714886	0.013369039	0.012204563	0.0057001775	0.0041598342	-0.03669004	0.011615601	0.0769325	-0.05581934	0.0024807793	-0.0069937296	-0.001831905	0.003933296	-0.070246845	-0.004559908	0.036655474
-0.010340533	0.036401205	-0.0035758684	-0.0070984834	0.010613366	-0.054424807	0.023793697	0.041563194	-0.0382794	-0.055336528	0.05571659	0.0019269744	-0.03356433	-0.0129813	-0.018767169	0.053226933
-0.07453927	-0.009571345	0.0113625005	-0.059038036	0.028577412	-0.0077696973	0.03239644	0.036041345	-0.039769165	-0.0490903	-0.004196974	0.0269809	0.011070491	-0.039100412	0.010397406	0.051380876
-0.052151304	0.08130382	-0.012936945	-0.07001468	0.015119854	-0.047328115	0.008574406	0.072800376	-0.067514084	-0.008374987	0.081161454	0.078245535	-0.038884066	-0.068191305	-0.048830368	0.00571757
-0.063542366	0.008695322	-0.013687996	0.0069383653	0.029617744	-0.015638843	0.0061986647	-0.0012036114	-0.076986484	-0.053013533	0.0045192395	-0.0046080207	-0.07680408	-0.031914704	0.010004224	0.036157377
-0.018753558	0.05682023	-0.016875181	0.012547139	0.026460784	-0.08255261	0.039980385	0.046245325	-0.050502524	-0.05353853	0.07077652	0.015822904	-0.059705306	-0.03379205	-0.038691185	0.08265776
-0.0036979108	-0.0056748907	-0.030577488	0.0017824967	0.09037035	-0.059810434	0.015310546	0.08337216	-0.0074243	-0.00678211	0.015596557	0.054605357	-0.045183185	-0.050595675	-0.020436808	0.0054206373
-0.083387904	0.01556343	-0.03656882	-0.033191264	0.01534642	0.0057859225	0.055882823	0.0384969	-0.08711246	-0.0910412	0.010452038	0.009098053	-0.020294972	0.005478719	-0.055544402	0.049242243
-0.029643562	0.023999088	-0.018240593	-0.016716326	0.043587927	-0.083458215	0.010222573	0.00845818	-0.09267525	-0.06358543	0.07630264	0.034597464	-0.083152816	-0.013551778	-0.049386468	0.04306539
-0.07980092	0.044070333	-0.073615216	0.0117182685	-0.0032184655	-0.08472783	0.04796932	0.05597025	-0.05595082	-0.019233705	0.026203312	0.020891787	-0.01567424	-0.049757916	-0.022062689	0.037299477
-0.013260014	0.038711205	-0.06742337	-0.07305546	0.0064904317	-0.0020875304	0.031348396	0.046579145	-0.028112339	-0.0896323	0.042878155	0.04734883	-0.035762675	0.01158843	-0.06239404	0.027493043
-0.008090767	0.027231596	-0.053383615	-0.011848835	0.022408556	-0.065918274	-0.0068899244	0.048139047	-0.083489984	-0.06125507	-0.006516711	0.053981755	-0.08249796	-0.028461749	-0.065244995	0.004885461
-0.009780422	0.07883633	-0.05073384	-0.031975526	0.04921991	-0.0012446062	-0.0017619855	0.0089885285	-0.03046696	-0.038734213	0.05448739	0.07612824	0.009330162	-0.023166465	-0.014388182	0.022657292
-0.015588943	0.06478004	-0.021180257	-0.003224995	-0.0075127715	-0.08558191	0.017566616	0.050687212	-0.058576904	-0.0043302793	0.06895749	-0.0035309296	-0.051947292	-0.03325263	-0.08471527	0.026250677
0.004763399	0.0560727	-0.022064054	-0.0599306	-0.0031327317	-0.08465244	-0.0112794265	0.06470203	-0.06743253	-0.059096288	0.042985458	-0.008626959	-0.06873943	-0.040505327	-0.06652757	0.007937715
-0.002254982	0.009816913	0.009245884	0.01124277	-0.0053912057	-0.025361821	-0.0050167968	-0.005186811	-0.074733324	-0.08612607	0.03785726	-0.010775577	-0.043410935	-0.016324202	-0.005281894	0.014661217
-0.08905885	0.08517392	-0.043416135	-0.060654752	0.06440593	-0.019473441	0.077087894	0.06349889	-0.06687005	-0.03813865	-0.0021502667	0.023038115	-0.07990952	-0.030867169	-0.03576677	0.030342204
-0.062950395	-0.0138970995	-0.08181341	-0.059681144	0.041931532	-0.076578416	0.07387535	0.031040493	-0.04121222	-0.002568645	0.053002186	0.05552039	-0.068021975	-0.0275662	-0.026774881	0.012602354
0.07501484	-0.025006458	0.070744164	0.031272743	-0.060237035	0.08380359	-0.06713329	0.00075790746	0.09460743	0.07900358	-0.06012054	-0.009568703	0.002173516	0.07938377	0.04843405	-0.02555967
0.059265867	-0.06205274	0.006632992	0.011026542	-0.04223887	0.036514338	-0.011355227	-0.034929745	0.084231384	0.046583265	-0.07000088	-0.05222882	0.017353032	-0.007973737	0.07269361	0.003249782
8.643606e-05	-0.0041993037	0.017364899	-0.0003946544	-0.08477979	0.00019813036	-0.04576611	-0.034752112	0.021613786	0.053501368	-0.010978358	0.005788623	0.002704364	0.013483953	0.0698468	-0.059764005
0.029409366	-0.076754585	0.06984056	0.06846329	-0.0799645	0.071157105	-0.08120771	-0.06900005	0.053058796	0.08259621	-0.0018953561	-0.031945143	0.03511872	0.059737116	0.053595394	-0.0013241606
0.056844115	-0.048398275	0.05182174	0.06398102	-0.06534838	0.039946843	-0.0227844	-0.035205476	0.042285133	0.0894588	-0.058483016	-0.0804059	0.041329127	0.079299	0.070613556	0.002861978
-0.0050656497	-0.024522433	0.023982858	0.012846606	-0.016613843	0.07204661	-0.058628332	-0.009156962	0.022060255	0.05422979	0.009733912	-0.04467189	0.049024235	0.01962891	-0.011286061	-0.054585267
-0.016531335	0.027680673	-0.020612381	0.0031422933	0.065475605	-0.058008656	0.006318133	0.009651499	-0.011120652	-0.033616073	-0.0067838207	0.06572322	0.007661326	-0.027064884	-0.04341457	0.008700094
-0.0738881	-0.0046923063	-0.081411175	-0.023341196	-0.020708581	0.0011948699	0.021094397	0.061344087	-0.084972546	-0.007005771	-0.0018216782	0.06287207	-0.020671533	-0.048649967	-0.023290446	-0.008982469
-0.082420595	0.058583073	-0.05936988	-0.019152656	0.08213844	-0.019341717	0.031244803	0.07222272	-0.09022913	-0.0002072658	-0.012613522	0.061712448	-0.044829242	-0.04107354	-0.04606579	0.0014262791
0.09052998	-0.09037169	0.027173383	0.025353812	-0.06391379	0.054402843	-0.037104983	-0.04490889	0.012447234	0.041778676	-0.07709893	-0.07856458	0.0040224036	-0.0036868912	0.06971554	-0.037081156
0.051793605	0.007013359	0.015649566	-0.005533001	-0.077617116	0.023360264	0.0046277717	-0.07652666	0.08004708	0.0340737	-0.051729605	0.000833704	0.043223124	0.026164198	0.078738816	-0.046587218
0.008406599	-0.0596293	0.01679675	0.014872411	-0.031069366	0.008642246	-0.062098663	-0.0770847	0.06365583	0.09003281	-0.0016086918	-0.090675846	0.06114666	0.066267304	-0.0015529279	-0.00070786854
0.045665327	-0.054145917	0.006835426	0.02027327	-0.07820441	0.06500112	-0.03012128	-0.016515724	0.055542048	0.08003701	-0.00037132416	-0.005090394	0.0705371	0.05415165	0.08706947	-0.0053307824
0.085197866	-0.03940028	0.08437209	0.0018716819	-0.023906486	0.026865238	-0.084699236	-0.03754912	0.0774479	0.06718789	-0.012018826	-0.042634774	0.0035618746	0.088066086	0.020394318	-0.072965756
0.00202354	-0.03941413	0.06502593	0.06112888	-0.0073693227	0.047978297	-0.044923756	-0.05456216	0.07378004	0.08691222	-0.029332547	-0.04822919	0.032800183	0.007977377	0.0075949756	-0.026050515
-0.07622527	0.06120858	-0.023847621	-0.07123835	0.0817363	-0.075007185	0.08098373	0.036861684	-0.05089414	-0.0433428	0.042947337	0.027298884	-0.03240095	-0.03856328	-0.027939213	0.05989697
-0.03912622	0.005186662	-0.0067274086	-0.03232287	0.063673355	-0.039553232	0.079505175	-0.00199399	-0.05198156	-0.015042143	0.040631052	0.030635549	-0.06199545	-0.073032476	0.0053019403	0.052291576
-0.03907642	0.06409578	0.018306933	-0.060844164	0.069049835	-0.07123616	0.078958385	0.04210528	-0.013441481	-0.046847172	0.05395002	0.00586472	-0.013925147	-0.03982945	0.02131704	0.036539927
-0.0116998525	0.025463298	0.01596976	-0.07316873	0.042196695	-0.08168098	-0.010131126	0.066562705	-0.014078781	-0.057717517	-0.010441453	0.057861965	-0.018194068	-0.08082816	-0.016109375	0.06570623
-0.07518888	0.03987815	0.013665488	-0.0690565	0.010025654	-0.08269093	-0.005611242	0.047150873	-0.024808578	-0.040186804	0.036511727	0.00907488	-0.067498885	-0.02550742	-0.06911782	0.040909
0.0028260108	0.02494685	-0.042315047	-0.02646019	0.08731631	0.015596021	0.034674875	0.051810198	-0.08368024	-0.00018666696	-0.008814749	0.0029766008	0.0205559	-0.053167038	0.019636098	0.05243756
-0.0005178323	0.08450718	-0.020242237	-0.03059755	0.033249546	-0.0022419482	0.06037037	0.07092425	-0.011188964	-0.087689176	0.026127875	0.049413685	-0.047864903	-0.007564347	-0.05259809	-0.0028472545
-0.017417269	0.054721095	-0.07623565	-0.07372172	0.082436785	-0.03079938	0.047929432	0.083736606	-0.061348066	-0.03455314	0.039843038	0.081637114	-0.066373415	-0.026115144	-0.058478877	0.030601017
-0.07560406	0.0005570471	-0.02280762	0.0020474468	0.05814071	-0.012136419	0.06745518	0.026359862	-0.016861768	-0.025230063	-0.0059605693	0.008355365	-0.0027397422	-0.028981434	-0.07099023	0.0366687
-0.06717555	0.012430514	-0.0051328265	-0.046164256	-0.005145324	-0.022093937	-0.0020023182	0.0648038	-0.09424561	-0.019579895	0.03348477	0.027322514	-0.015513121	0.0016460429	-0.07175971	0.018270366
-0.06051422	0.0696911	-0.02245977	-0.026953328	0.025466627	0.007091156	0.07793981	-0.011044714	-0.073255	-0.028544532	0.026358383	-0.010999939	-0.057325542	-0.04415511	-0.03347479	0.06325243
-0.07225126	-0.009344224	-0.07317343	0.002459109	0.08983019	-0.060560063	0.07548834	0.016464567	-0.05968647	-0.039053056	0.03796768	0.08167776	0.014000558	-0.025818847	-0.009496548	0.0028271356
0.045617532	-0.054878063	0.057837594	0.011954834	-0.0026257737	0.06607965	-0.046668615	-0.030335601	0.022317545	0.03305511	-0.019508298	-0.057623986	0.0015634501	0.043012727	0.030827843	-0.061948143
0.04972842	-0.057360787	0.051244155	0.0845619	-0.078670435	0.015778504	0.0007484757	-0.07623414	0.09601791	0.03583945	-0.0018756308	-0.062235493	0.01004234	-0.005100019	0.04421315	-0.025122244
0.0007808304	-0.080215774	-0.0055614132	0.046110764	-0.08097633	0.061097268	-0.08776242	-0.0014609577	0.07903838	0.0026741151	-0.036642313	-0.06853867	0.030222088	0.0018883119	0.034649346	-0.08999741
-0.056281175	0.06718204	-0.019432362	-0.045348927	0.068883225	-0.0120893475	0.059375864	0.047279675	-0.02535577	-0.07028198	9.385374e-06	0.04063707	-0.043900106	-0.083519295	-0.05421802	-0.005017259
-0.0015427817	0.06515621	-0.05269818	-0.0008603184	0.07137876	-0.011553696	-0.00040439688	0.063881435	-0.027755724	-0.05987261	-0.008792885	0.031926963	-0.084776394	-0.048291445	-0.073874064	0.045840684
-0.027369957	0.015343907	-0.060370367	0.0071146456	0.013301063	-0.05821719	0.05550577	0.027472904	-0.07818269	-0.0113397455	0.085914284	0.014927746	0.0051485943	-0.023298115	-0.023444844	0.06492684
-0.059229214	0.06597301	0.0030518775	0.01218809	0.051434305	-0.07087624	0.025255047	0.013546205	-0.02420816	-0.043068208	0.072888136	0.06059479	-0.05358308	-0.05464064	-0.008824773	0.0002547792
-0.072548255	0.004806767	-0.061891988	-0.07539742	0.07521495	-0.004909759	0.07716066	0.05332258	-0.080963545	-0.043804325	0.043788236	0.05893365	-0.051254068	-0.047298543	-0.05522721	0.077069215
-0.063315175	0.07673754	-0.0051369285	-0.08467566	0.022260906	-0.049140364	0.0030089351	0.07686454	-0.008569706	-0.09083496	0.028423112	0.042585958	-0.013954247	-0.06946663	-0.043549966	0.06017718
0.0051417616	0.042361222	-0.0019130551	-0.051506646	0.025951935	0.0032199572	0.077109426	-0.014874749	-0.05636598	-0.003119613	0.004227151	0.020807028	-0.057732534	-0.052104685	-0.05565903	0.07802967
-0.011394824	-0.00926113	0.012382525	-0.06557561	0.047946915	-0.000391157	0.054729	0.026705964	-0.033115987	-0.04413945	-0.004496245	0.040561162	0.016526636	-0.020908201	0.00803986	0.027718665
-0.06414468	-0.0124903545	-0.039804887	-0.08538759	0.06814603	-0.048084255	0.049069356	0.0031747352	-0.07602733	-0.06539321	0.03435636	0.07274375	-0.06062511	-0.059017148	-0.031566117	-0.015352372
-0.0899034	0.054828163	-0.044737108	-0.06935063	0.027213803	-0.060730416	0.07424652	0.022722485	-0.074290164	-0.04637402	0.011258318	0.055872977	-0.07393369	-0.019093674	-0.02799931	0.06366756
0.013169581	0.060372356	-0.00689047	-0.039395854	0.05715965	-0.0750954	0.0327875	0.040540367	0.0043852525	-0.06351675	0.037849694	0.040834583	0.01568705	0.0044115297	0.012616465	0.039300356
-0.047187045	0.0041174456	0.02050403	0.01724208	0.04366398	-0.059661664	0.0344701	0.012089597	-0.02339477	-0.028484015	0.0006454301	0.0017370166	0.005006081	-0.072046146	-0.074588574	-0.0044591096
-0.041462347	0.013469823	0.015308982	-0.019878037	0.025034646	-0.05235578	0.031340286	-0.009152187	-0.06480042	-0.024409335	0.07144548	-0.009759098	0.008245762	-0.022854825	-0.02925177	-0.0077978657
0.018885836	-0.090533845	0.08886011	-0.007946246	-0.03263215	0.09264335	-0.04468187	-0.08199683	0.063502125	0.0019964864	-0.0126048885	-0.046724632	-0.005966222	0.028173227	0.006247472	0.0021873338
0.022592658	-0.028512312	0.053846136	0.022834694	-0.050423816	0.01863013	-0.056862235	-0.011114519	0.038789522	0.009037033	-0.05874483	-0.008877711	0.04071265	0.018809436	0.008600772	-0.015880983
0.06887364	-0.019039618	0.031775624	0.03480521	-0.07138497	0.039738	-0.08163125	-0.07675218	0.037622094	0.054487243	-0.039959084	-0.02302403	0.06198402	0.08704224	0.06554467	-0.066514224
-0.011918815	-0.005771773	-0.0118144695	-0.03235883	0.050676458	0.01109514	0.02275994	0.05351822	-0.09310051	0.00669727	0.057807095	0.002510966	-0.08199732	-0.028630542	0.008819316	0.0680792
-0.08320204	-0.01325796	-0.083915465	-0.0842554	0.022679262	-0.05119389	0.06420129	0.0569776	-0.044347387	-0.08425388	0.020008976	0.026149543	0.0068355277	-0.029834365	-0.041157544	0.049594883
0.019985316	-0.037366636	0.027402313	0.04791197	-0.027517157	0.0036666337	-0.009611607	0.0008025833	0.051865134	0.082336925	-0.07045017	-0.018923618	0.03964437	0.060288053	0.032698877	-0.055535153
0.06981665	-0.029521404	0.013389405	0.06540096	-0.07946093	0.089380704	-0.009372333	-0.081922874	0.04045504	0.08069615	-0.032860678	-0.0692879	0.08477462	0.022498883	0.06935015	-0.086856894
0.08109816	-0.066986695	0.04777432	0.058482047	-0.057437222	0.03084887	-0.03307001	-0.06856227	0.092137754	0.061749544	-0.08320106	-0.05158737	0.011237459	0.07421718	0.016305152	0.0014760087
0.0017009387	-0.0013115532	0.05539534	0.084477834	-0.08879279	0.07444936	-0.042500135	-0.042716827	0.06496553	0.03452605	-0.08785682	-0.07269212	0.05367052	0.01173821	-0.0035202473	-0.08406523
0.01934414	-0.01440081	0.08926268	0.08421758	-0.034912962	0.034924738	-0.06894364	-0.038245957	0.070082165	0.06832179	0.006276701	0.0010028338	0.08984723	0.0031395215	0.01943643	-0.06302273
0.032082915	-0.08796341	0.08150483	0.028186133	-0.0013265576	0.032882906	-0.03243241	-0.026717115	0.009553421	0.07989878	-0.032320056	-0.018363163	0.021860767	0.062423687	0.014488253	-0.06450619
0.07643426	-0.038242992	0.052332796	0.010107697	-0.06931069	-0.0035413485	-0.021508245	-0.080010235	0.022141544	0.08298356	-0.011121943	-0.02666769	0.058790553	0.07782855	0.03403693	-0.048927825
-0.025662059	0.062344458	-0.0020755616	-0.08279313	0.007611472	-0.06964923	0.070496105	0.030765602	-0.08656733	0.0023152048	0.052537184	0.055786785	-0.05612497	-0.07220487	-0.0025826576	0.068045475
0.0015122091	0.040986296	-0.07018008	-0.06025356	0.049251825	-0.059402324	0.027214635	-0.0073398417	-0.019191703	0.0034927963	0.013076019	0.0750401	-0.080210015	-0.0020930993	-0.057514712	0.02181362
0.00390787	-0.051485077	0.07832012	0.022190215	-0.070814595	0.054552246	-0.07327331	-0.00091834104	0.035235878	0.09011623	-0.04613489	-0.0018638788	0.008164627	0.06930935	0.07858766	-0.07184003
0.050951593	-0.029682513	-0.0055239205	0.013527255	-0.06513012	0.07960886	-0.07463763	-0.0019714853	0.011763986	0.08702299	-0.043099508	-0.08024393	0.04926625	0.008318437	0.078058004	-0.008167759
0.027777549	-0.047339946	0.0320469	0.0016489729	-0.021398112	0.035831306	-0.036908124	-0.018994823	0.054147497	-0.00079144194	0.0039684423	-0.034387097	0.006505618	0.044337597	0.012310746	-0.04023456
-0.027297983	0.029255066	-0.0005544577	-0.031635694	0.07901457	-0.035764612	-0.0011740751	0.0036159088	-0.009381561	-0.05710959	0.020233154	-0.0066605555	-0.07659728	-0.04941481	-0.05951676	0.076382786
-0.042232234	0.047909386	-0.07361275	-0.082634605	0.06624507	-0.017684327	0.08241603	-0.0036769647	-0.06916181	-0.02708866	0.014001888	-0.0076334556	-0.04457611	-0.07211682	-0.058126587	0.078105934
-0.0798574	0.06729989	-0.07141604	-0.022301126	0.07239232	-0.050039943	0.06443539	0.0047482103	-0.013807519	-0.05405993	0.027132887	0.052520268	-0.08435059	-0.00929051	0.008532652	0.039179035
-0.036743768	0.05865216	-0.016735828	-0.018328674	0.08470198	-0.07268187	0.024605263	0.070678845	-0.02294222	-0.07701839	0.0073741274	0.023844149	-0.055375114	-0.08167072	-0.04630204	0.08129693
-0.038716033	0.009587731	-0.068616636	-0.0039330395	0.030594995	-0.007577004	0.047821388	0.015891235	-0.060362916	-0.093536906	0.045992754	0.025986966	-0.05493068	-0.033759713	0.011832687	0.007766509
0.06954688	-0.02695324	0.07486334	-0.0040892493	-0.010431944	0.021026934	-0.051826824	-0.08439687	0.02428683	0.049759068	0.012977317	-0.081206724	0.06762853	0.0068431827	0.06674444	-0.059315696
0.013353417	0.0032760764	0.034850013	-0.0042042634	-0.011492406	0.0344867	-0.07899046	0.0045041316	0.02627427	0.031697914	-0.022506649	-0.0604736	0.07293506	0.08362694	0.004998779	-0.08461428
-0.034624353	0.054676715	-0.07176129	0.0011836488	0.044117823	-0.08364602	0.038518228	0.05498343	-0.030081548	-0.051037103	0.017705487	0.0651822	-0.06270166	0.0011176768	0.011812597	0.010285625
-0.021819718	-0.006782066	-0.019616665	-0.020235222	0.04996796	-0.05272878	0.029995881	0.026893625	-0.08967008	-0.036974665	0.0154488925	0.036137402	-0.023315702	-0.079895616	-0.046225023	0.08188904
-0.051765617	0.0033772741	-0.00072762975	-0.0493815	0.05664143	-0.04404621	0.0037597362	0.055078104	-0.065560386	-0.056324102	0.059394095	0.053203467	-0.01683779	-0.0017152992	-0.006620005	0.02303636
-0.052275464	0.06324373	-0.023979321	-0.01566765	0.0777858	-0.0456063	0.0067655654	0.05806469	-0.0058978028	-0.030191805	-0.0068877223	0.020966962	0.015468711	-0.0055846074	0.007959817	0.06876438
-0.051405415	0.029908901	-0.027934067	-0.005583152	0.002451907	-0.012485919	0.033528686	0.02953776	-0.094051726	-0.0404874	0.02374998	0.067437306	-0.0343312	-0.047899283	-0.0088036405	0.040390294
0.063402	-0.0052705994	0.06185253	0.054926783	-0.03246838	0.04813864	-0.043551236	-0.031537972	0.09895231	0.09129248	-0.078580715	-0.07474387	0.04609804	0.02469022	0.054715376	-0.012868725
-0.081158526	0.05337325	-0.018329406	-0.037901845	0.0522841	-0.08916959	0.005962482	0.05946632	-0.091955066	-0.09425772	-0.008693868	0.010137511	0.0061902367	-0.012505685	-0.06056728	0.020861853
-0.056214903	0.07252308	-0.077719174	-0.056308225	0.06534967	-0.027527548	-0.00299084	0.006778855	-0.057214167	-0.091367364	0.02412041	-0.0029156103	-0.05358349	-0.048111383	-0.039513476	-0.0069612646
-0.033558633	0.009586332	-0.047220357	-0.027231162	0.01008372	-0.03452763	0.048879806	0.049248666	-0.09458828	-0.090305775	0.0075199516	0.018394198	-0.08429283	0.006054859	-0.024034474	0.07582618
-0.05447238	0.03721053	0.010411177	-0.04848007	0.0069651576	-0.08240257	0.032055493	0.0509309	-0.0872628	-0.016765958	0.032470264	0.01582669	-0.031949155	0.0026667772	-0.025448252	0.079158224
-0.00581109	0.05407527	-0.046179198	-0.068028696	0.009407582	-0.06421209	0.047687802	0.051185805	-0.009537493	-0.04449493	0.062929206	0.020483872	-0.030207843	-0.002090104	-0.061234165	0.011918117
-0.03657845	0.06067807	-0.074233666	-0.04439064	-0.0050282446	-0.007469211	0.010012581	0.068000786	-0.07942086	-0.014711711	0.050258156	0.059335947	0.0028981033	-0.04784567	-0.014563816	0.045318898
-0.013378193	0.012481267	-0.035580914	-0.007250115	0.01791961	-0.047450542	-0.008245823	0.049909398	-0.03877194	-0.053051054	0.01260956	0.019979272	-0.02269992	-0.031711448	-0.049616538	0.074624255
-0.084651686	0.06294309	0.0041501746	0.00959857	0.04411403	-0.0860052	-0.0070473887	0.027183801	-0.0076537714	-0.06312833	0.029405681	0.051592104	-0.067913614	-0.07456951	-0.048623104	-0.006683432
0.064907074	-0.0791186	0.05823679	0.06417407	-0.073497385	0.079445384	-0.0710789	-0.032715138	0.032377485	0.02690703	-0.068885654	-0.060016155	0.012636548	0.050181508	0.0013623913	-0.0836988
-0.08655054	0.04055732	0.00848318	-0.072671466	0.0595582	-0.07383605	0.04499597	0.026708558	-0.0440671	-0.049401376	0.017296327	0.06383735	-0.07036389	-0.08247978	-0.05342971	-0.006547074
-0.073097914	0.017924728	-0.043318834	-0.04711968	0.011923933	-0.082568385	0.015835058	0.08235404	-0.009042346	-0.022058332	0.0078317225	0.0328387	-0.073739104	-0.033041757	-0.023406135	0.063311696
0.006772565	0.04833748	-0.06923653	-0.07409631	0.073264696	-0.08436888	0.07591845	0.073351964	-0.04619171	-0.05018173	0.041244548	0.013513696	-0.068246	-0.038725436	-0.061325196	0.03334728
-0.07803935	-0.008755951	-0.058631755	-0.030885316	0.023324067	-0.06749406	0.001574694	0.05427129	-0.0054936437	-0.024281336	0.054007698	0.041190613	-0.045191895	-0.017383788	-0.020374648	0.082112856
-0.08642243	0.021258738	-0.037011866	-0.0429392	0.01677074	-0.08914138	0.0015138937	0.08627874	-0.057631563	-0.08694476	-0.0061601205	0.006079303	-0.04187588	-0.04319477	-0.03412774	0.021498535
0.009744155	0.004703154	0.015328196	-0.00031702063	-0.08411118	0.057222318	-0.026701165	-0.017322702	0.04127876	0.05183474	-0.065646	-0.061641175	0.05888127	0.031171786	0.04864301	-0.017239818
-0.080583975	0.07839743	-0.025488382	0.0005038561	0.06835236	-0.08311989	0.087683186	0.009044878	-0.058287848	-0.025327472	0.0005963691	0.057530954	-0.04038869	-0.054246582	-0.031315383	0.04871322
-0.02133491	0.04778322	-0.07329528	-0.05019657	0.07721131	-0.060648046	0.05777176	0.07991016	-0.0025550833	0.0014169015	0.08579227	0.083152466	-0.04534101	-0.012702331	-0.077242196	0.06773997
-0.0032567908	0.056360397	-0.07236024	-0.080352366	0.08065381	-0.057434775	0.069550805	0.076778226	-0.08184364	-0.08480977	0.0008256111	-0.010532548	-0.006182011	-0.062993556	-0.05519811	0.04236025
-0.018836077	0.052418232	-0.04593582	0.0075718723	0.019119652	-0.04174163	0.03817267	0.02968519	-0.033008598	-0.017910624	0.0003239612	0.05218733	-0.034479916	-0.03518393	-0.07872624	0.083064675
-0.059303537	0.057521228	-0.07972342	0.008964313	0.021301681	-0.040893793	-0.003529243	0.023978664	-0.072302595	-0.05601331	0.053489156	0.024991186	-0.06479361	-0.07134114	-0.07712734	-0.0018474654
-0.083546914	0.014113123	0.009863535	-0.08190293	0.0014728887	-0.05323821	0.06340119	0.026796157	-0.0042806496	-0.04323306	0.08322413	0.06380489	-0.07714924	-0.016779644	-0.043565616	0.037474547
-0.085621946	0.018342407	-0.04110548	-0.0007942972	0.06591061	-0.071665056	0.019971013	0.05069825	-0.032291174	-0.039261155	0.057791375	0.03977347	-0.04736455	-0.086072244	0.0019299703	0.08334454
-0.03712419	-0.0058574937	-0.023113424	-0.072462335	0.060007762	-0.07338806	0.073629856	0.031287044	-0.0056675775	0.00028046488	0.04325847	0.01051455	-0.051383022	-0.01714357	-0.021382116	0.027467558
-0.03920587	0.058013435	-0.043757185	-0.078091696	0.009707563	0.00430421	0.059662484	0.054950256	-0.041180752	-0.08809524	0.050537482	-0.014129772	-0.034200985	-0.030707149	-0.030638862	0.017175464
0.004313914	-0.085890345	0.024761992	0.087321654	-0.09425945	0.05365349	0.0012162975	-0.047077853	0.019318838	0.05845078	-0.03173823	-0.012982376	0.084305905	0.05093686	0.04787882	-0.08734334
0.06614371	-0.035731222	0.031464927	0.059392467	-0.00038610847	0.053766835	-0.0878115	-0.03214545	0.006809053	0.077785864	-0.011312017	-0.087461025	0.059194654	0.063345246	0.017743057	-0.07090363
0.090993024	-0.08003615	0.085888855	-0.0051530553	-0.026265629	0.03786905	-0.06517536	-0.04675863	0.08133661	0.020678518	-0.04014402	0.0049443	0.08666461	0.004004155	0.06551355	-0.05724165
0.025001086	-0.070658006	0.011317627	0.007072611	-0.07910986	0.090094276	0.00242047	-0.051751558	0.07710304	0.031810936	-0.04459142	-0.05855892	-0.0066517424	0.040634327	0.072302595	-0.026092783
0.008047999	0.0036453637	0.016956668	0.017591063	-0.037760176	0.030473886	-0.015709039	-0.010006329	0.009404123	0.09223034	-0.07978923	-0.018852666	0.049769808	0.07796748	0.039853074	-0.01959507
0.0079722805	-0.07198253	0.062051218	0.0038037472	-0.049033575	0.009640709	-0.022028316	-0.017009063	0.06778057	0.011439016	-0.04445952	-0.052589074	0.091445155	0.08522139	0.0152728725	-0.00477839
0.021206383	-0.014508579	0.07774347	0.017044544	-0.043789044	0.027054552	-0.08369305	-0.080614425	0.024420453	0.021207714	-0.016215546	-0.0065814215	0.02521932	0.06567141	0.025940664	-0.08743587
0.015330632	-0.07710643	0.062219296	0.06870112	-0.064713255	0.04107425	-0.0373322	-0.08714055	0.050509807	0.08999022	-0.0010780008	-0.010842047	0.08788868	-0.0016858433	0.06636669	-0.010360488
0.052038606	-0.015249441	-0.0040124645	0.06990215	-0.011724037	0.07634177	-0.08799529	-0.011219947	0.053321306	0.041560613	-0.05321794	-0.036710214	0.089306526	0.0531971	0.07207392	-0.09171213
0.06597033	-0.006383049	0.02159508	0.08615351	-0.033023704	0.025998723	-0.06908455	-0.07684265	0.06572847	0.084623374	-0.030623443	-0.02763291	-0.0015238862	0.08289595	0.02622399	-0.0791797
-0.0452819	0.056650154	-0.003931999	-0.06524705	0.0326566	0.0004748367	0.083564505	-0.011876927	-0.080195054	-0.07324305	0.042219043	0.023291685	-0.045491785	-0.027266832	-0.078252114	0.08468241
-0.03418074	0.060960606	-0.017528502	-0.040211365	0.013179647	-0.07890858	0.06928089	0.023153719	-0.053639643	-0.037619468	0.030919796	0.022770502	-0.053767998	-0.0437161	-0.0517482	-0.0025353907
-0.07429565	-0.006099918	0.004417788	-0.087440744	0.037827883	-0.06551602	0.04491261	0.027543783	-0.040411755	-0.06600962	0.022410862	0.06527314	-0.025903236	-0.034875106	-0.003991376	0.0016451236
-0.04212342	0.04973162	-0.076296404	0.008289711	0.009830714	-0.086017594	0.054771997	-0.015133699	-0.02547102	-0.07403433	0.03585141	0.010617418	-0.00035701587	-0.04040289	-0.030306185	0.01757433
-0.006511914	0.002418783	-0.04890606	-0.06628925	0.073691525	-0.0050133956	0.047338482	0.040530168	-0.009720681	-0.034322415	0.064122535	0.023998186	-0.042688873	-0.006522129	-0.030587094	0.07147824
-0.01500842	0.05254311	-0.05326032	0.009648975	0.036097076	-0.037956133	-0.008714888	0.08374039	-0.014647251	-0.06816781	0.040601682	0.06092251	0.0040020333	0.007463943	-0.06922318	0.06497573
-0.02720951	0.070150584	-0.08531694	-0.07323545	0.019585429	-0.01504334	0.038914118	0.078371	-0.060190424	-0.020966861	0.0524781	0.078820586	0.0075817793	-0.07839836	-0.042288568	-0.004191187
-0.005827474	0.027669542	0.010232985	-0.05011241	0.081253015	-0.07315995	0.06856844	0.06290884	-0.05290331	-0.06064958	0.010477732	0.036091078	-0.0838821	-0.0872764	-0.07785726	0.065259956
-0.060847808	0.0030238475	0.00498539	-0.05613817	0.00037567585	-0.037417512	0.012591801	0.029372875	0.006820345	-0.05098792	0.06963823	0.016268156	0.011693572	-0.03996446	-0.055955537	0.05106154
0.0002691974	0.07623113	-0.023136357	-0.03505631	-0.011518002	-0.0054547805	0.019178322	0.028010271	-0.011065161	-0.04650011	0.03325579	0.020588119	0.013822313	-0.019693777	0.0177975	-0.0082592275
-0.013135849	0.019025555	-0.07929403	0.017924713	-0.0035045613	-0.08048879	-0.005301977	0.01357797	0.006222905	-0.005086757	0.00062776037	-0.006171575	-0.01694058	-0.07374771	-0.020015113	0.035081033
0.009861296	0.050647426	-0.07530089	-0.075732395	0.0801629	-0.0768028	0.0770258	0.036419872	-0.022312785	-0.036488626	0.041051935	-0.013556292	-0.048066407	-0.0027543022	-0.07415986	0.08063652
0.06496405	-0.0682117	0.03411846	0.051730968	-0.00044251914	0.069114864	-0.046563543	-0.07890489	0.022593291	0.005155986	-0.025758427	-0.03272791	0.00956318	0.028081594	0.08379295	-0.0070935623
0.014634521	-0.010797621	0.037964698	0.081381425	-0.0031958004	0.083627015	-0.03497192	-0.048281908	0.04838934	0.0813292	-0.07250546	-0.08366727	0.06765405	0.01156137	0.074654125	-0.038977336
0.050025743	-0.07233758	-0.010212865	-0.00031778638	-0.0068265195	0.08184876	-0.08701244	-0.0144502465	0.029766569	0.078224964	-0.054652404	-0.05915375	-0.009217577	0.047708783	0.035468765	-0.029306617
0.07786869	-0.03338081	0.07197006	0.08038444	-0.01939659	-0.0058993534	0.0016987068	-0.033184312	0.031662535	0.026020616	-0.025093634	-0.03900395	0.024116846	0.05057415	0.048375856	-0.07486663
0.041075863	-0.007887139	0.01696907	0.07280507	-0.08013514	0.059941918	-0.073677786	-0.07946527	0.026430154	0.014780063	-0.018500462	-0.06488214	-0.0011161455	0.01820596	0.08652173	-0.06068919
-0.078506924	0.038375955	-0.077136666	-0.014124222	0.013453442	-0.030743176	0.05108877	0.06873154	-0.018004192	-0.065477304	0.036186155	0.06262665	-0.0715679	-0.031626444	0.007904045	0.048844818
-0.053139325	0.08524776	-0.07501729	0.009664843	0.08338713	-0.014020459	0.03595829	0.00018795906	-0.014979037	-0.06706743	0.08183775	0.05926055	0.016043525	-0.027149543	-0.08090647	0.05847654
-0.0024560576	-0.022969525	0.05622938	0.07398593	-0.05046065	-0.00011772166	-0.013627141	-0.038862567	0.057079848	0.021163316	-0.010512106	-0.035664804	0.029738937	0.08085208	-0.0039391574	-0.05384741
-0.0805478	0.047934137	-0.0758854	-0.019762285	-0.003589643	-0.06964232	-0.009529373	-0.005929027	-0.08072156	-0.047851752	-0.008652165	0.013965834	-0.0026506959	-0.070531175	-0.0019599767	-0.0065734233
-0.044136792	0.005710574	-0.029990563	0.0033627152	0.023351638	-0.025718952	0.015460397	-0.0031801185	-0.06744273	-0.06612303	0.014037681	0.02483844	-0.04212441	0.010278918	-0.08361422	0.025186835
-0.062173966	0.059488595	-0.042721484	0.012101606	0.078220315	0.00048251194	0.06680452	-0.009756372	-0.0911006	-0.07554886	0.08397723	0.07232807	-0.053841572	-0.04797069	-0.05665245	0.079812594
-0.086100005	0.010392327	-0.073040836	-0.08181871	0.06817063	-0.06548781	0.05594232	0.0801942	-0.022157805	-0.043632876	0.07634037	0.022804955	-0.030277556	-0.048068903	-0.07031486	0.08241556
-0.061195713	0.029174974	-0.07955925	-0.047774374	0.056457188	-0.002858433	-0.0042732875	-0.0028097746	-0.071567126	0.003861413	0.0039170715	0.052510083	-0.0381205	-0.053781547	-0.06727015	0.047576003
-0.035741515	0.028941313	-0.030330868	-0.0016307716	0.08153291	-0.054589126	0.043670703	0.06986366	-0.01738602	-0.06531308	0.047860034	0.06033974	-0.044367842	-0.016181728	-0.02976161	0.08078505
-0.057921194	-0.0005386334	-0.013342282	-0.057696436	0.034710087	-0.08341463	0.02036258	0.035702005	-0.031643916	-0.07721837	0.052612096	0.034789477	-0.009046123	-0.021187535	-0.024507524	0.009884611
-0.05616258	0.030572476	-0.058835343	-0.042041108	0.040654026	-0.0021225854	-0.004011756	0.049878	-0.07250068	-0.07060685	0.023218626	0.06710235	-0.07321458	0.00031362314	-0.07901226	0.0047864313
-0.0725266	0.030239858	-0.032778136	-0.024926055	-0.0031653324	-0.07288254	0.05170757	0.030400408	-0.052616306	-0.027109832	-0.016509535	-0.01066104	0.009189324	0.0068479427	-0.069659725	0.03688844
0.07619948	-0.016231682	0.045400936	0.08687298	-0.033076923	0.01521152	-0.071381636	-0.07367383	0.092282064	0.048107296	-0.03669159	-0.048170097	0.011236187	0.08832004	0.07281386	-0.041402627
0.081716314	-0.007986476	0.060738053	0.058732763	-0.031053763	0.03944302	-0.08473861	-0.05888003	0.060839325	0.034824003	-0.028855523	-0.05101023	0.06316067	0.078971855	0.04989699	-0.011696771
0.033035945	-0.049159814	0.03431404	0.025259499	-0.09060221	0.03179824	-0.07501803	0.0078009972	0.0029037148	0.097376294	-0.08072663	-0.07888943	0.05673868	0.09031155	0.085506886	0.00095396704
0.07314971	-0.02765261	0.019508602	0.052964862	-0.064670175	0.0023661894	-0.06745741	-0.01400684	0.0847683	0.07821327	-0.010678549	-0.06363583	0.012564408	-0.00994412	0.060087234	-0.066705815
-0.08224853	0.02068771	-0.07398745	-0.03707939	0.045974847	-0.026283083	-0.014543688	-0.0074926396	-0.09126526	-0.06443319	0.021719752	0.07332228	-0.011063031	-0.046958625	-0.05968766	0.04413614
0.010198291	-0.06109356	0.040853087	0.051000968	-0.085062705	0.021624822	-0.051248856	-0.080197714	0.0466453	-0.0058332975	-0.030388955	0.0012357001	-0.0110323075	0.003236446	0.05606102	-0.06038399
0.047357824	-0.055497315	0.03370642	0.04754386	0.009292161	0.05747471	-0.08751342	-0.020759724	0.016714096	0.061643478	-0.043036327	-0.040469375	0.01042099	0.035224903	0.072977304	-0.0038584624
-0.002069913	-0.03343817	0.008853646	0.050915904	-0.043874484	0.030166978	-0.013205665	-0.028384542	0.064779386	0.028958352	-0.03239689	-0.053096052	0.024634862	0.05519055	0.0064985366	-0.0023744884
0.04357881	-0.07670745	0.01679579	0.029880874	-0.08431093	0.02164127	-0.09031563	-0.067079015	0.06590548	0.040842608	-0.05451015	-0.053927716	0.0813413	0.070336744	0.0059718145	-0.08892889
0.04862807	-0.032098915	0.06031004	0.067924015	-0.060063597	0.048710264	-0.086006925	-0.060176708	0.069464594	0.059824664	-0.014464968	-0.009226992	-0.0032530003	0.062335815	0.021304702	-0.02582018
0.03221124	-0.06595537	0.014238793	0.0024467604	-0.010517189	0.08454219	-0.048652615	-0.08746528	0.068602435	0.0034192875	-0.047869626	-0.04322767	0.028562242	0.0013456749	0.028605789	-0.04462609
0.056598358	-0.055222448	0.08386031	0.022265919	-0.009982891	0.07771259	-0.064169645	-0.086922936	0.07886432	0.07334793	0.009030032	-0.028053218	0.027580803	0.08549208	0.053334657	-0.018784294
0.02051229	-0.051156934	0.033277575	0.02835956	-0.05771802	-0.0035020278	-0.07659186	-0.05370608	0.014570855	0.05280438	-0.047023408	-0.077898085	0.0827162	0.018142128	-0.0031096316	-0.039086472
0.048218377	-0.058919925	0.059861302	0.065166615	-0.038956665	0.0671895	-0.010872212	-0.041750737	0.04094287	0.056735214	-0.07202521	-0.05447113	-0.0014987139	0.016047822	0.00012879985	-0.0031506915
0.08302525	0.0062412983	0.08834061	0.08505329	-0.02483391	0.042307433	-0.011587173	-0.021110876	0.037503622	0.02851409	-0.011045289	0.0033547226	0.0043190205	0.034641616	-0.0045298175	-0.024918761
0.05314655	-0.0029792814	0.05182086	0.0029182336	-0.088858664	0.046632484	-0.020217609	-0.090396814	0.07907357	0.06958431	-0.010920931	0.001031074	0.048215162	-0.005567125	0.011082559	-0.024180567
0.056880258	-0.069997184	0.06609519	-0.0034284235	-0.052013434	0.03901606	-0.032739673	-0.03780118	0.07675874	0.09108707	-0.014984417	-0.058300573	0.08524969	0.01909733	0.004845962	-0.083117716
-0.01261647	0.07548948	-0.03450465	-0.011634098	0.019234924	-0.037503377	0.010852382	0.018919976	-0.03903951	-0.015853235	0.0549324	0.033920206	-0.0077596297	-0.049359098	-0.01734391	0.081964
-0.001709128	-0.03867968	0.051674638	0.0327952	-0.019014997	0.016097844	-0.040805805	-0.009795334	0.012755926	0.00091678463	-0.033772223	-0.048701648	0.02362934	0.066693075	0.0685408	-0.03487142
0.038553	0.008496043	0.06746581	0.038667507	-0.03269078	0.045870315	-0.06691451	-0.039535794	0.093822315	0.039500244	-0.025876094	0.011049078	0.034852587	-0.0021505954	-0.012328303	-0.07006533
0.021530686	-0.049469884	0.021215325	0.017530344	-0.0850339	0.07851352	-0.054003693	-0.05276112	0.01111987	0.005201333	-0.018951437	-0.013030126	0.063642696	0.011716536	0.06782893	-0.049651396
-0.003201898	-0.07128558	-0.0051376354	0.031377368	-0.04654721	0.03276748	0.0065841735	-0.05437907	0.05210474	0.02086501	-0.034340825	0.008373012	0.035188556	0.034330737	0.013832741	-0.018874394
0.017286798	0.007793402	0.044274446	0.0050261947	-0.025395697	0.08653431	-0.03795766	-0.053568408	0.0250626	0.07952659	-0.0742684	-0.01296171	0.08108972	0.0020367438	0.08613918	-0.062420756
0.048461925	-0.019571494	0.05783209	0.02251822	-0.07529235	0.05410822	-0.029994478	-0.082527556	0.08466982	0.07361675	-0.027903415	-0.032158386	0.034155186	0.022119869	0.042191464	-0.006467753
0.082116425	-0.07835681	0.071335696	0.020281281	-0.0137678	0.088534206	-0.032186348	-0.042618927	0.012584708	0.052396197	-0.038058136	-0.032495666	0.049617577	-0.009388367	-0.0038483173	-0.03272279
0.034849457	-0.052128382	0.07927339	0.06772057	-0.060065154	0.031357713	-0.0079533905	0.00031827547	0.019957742	0.07612509	-0.0009113909	0.0025380915	0.019825306	0.029990906	0.023550656	-0.04009193
0.06009006	-0.02126846	0.028347611	0.068048194	-0.059732985	0.06302062	-0.06951453	-0.023729382	0.053514764	0.06679266	-0.016764736	-0.08883909	0.044565998	0.0046961866	0.014313954	-0.031303145
0.04452547	-0.019907942	0.013438392	0.021126531	-0.047357276	0.009083806	-0.058183584	-0.03418857	0.08088559	0.061151695	0.008891912	-0.07219802	0.078838475	0.044611454	0.031404406	-0.021659445
0.037096117	-0.027813056	0.06075026	0.07271017	-0.031724513	0.08437622	-0.046096522	-0.058532543	0.053985164	0.0700219	-0.001743132	-0.07804013	0.05012034	0.015146343	0.080516845	-0.033973776
0.035478152	-0.063726775	0.02106261	0.029694395	0.0043276125	0.022578098	-0.048093095	-0.06320997	0.052549083	0.07704031	-0.076962	-0.014772865	0.021356627	0.06863714	0.0152639225	-0.011179031
0.011943012	-0.08050236	0.065112956	0.0004430453	-0.061684635	0.0763915	-0.01646614	-0.0015664076	0.0020711925	0.039747547	-0.03250489	-0.016879661	0.05688098	-0.0045011924	0.07266245	-0.015106748
0.019366853	-0.063212864	0.018193863	-0.0013531492	-0.033223037	0.043126263	-0.06825435	-0.027564583	0.081661075	0.08930992	0.012076717	-0.05914145	0.0849437	0.035339553	0.0010119842	-0.014276129
0.025289332	-0.061829194	0.071662605	0.06971127	-0.024049124	0.026599009	-0.0062536597	-0.009023657	0.013284698	0.089303434	-0.08113267	-0.041599017	0.06454916	0.01372528	0.08439475	-0.08682564
0.0136729	-0.04365787	0.064714655	0.04737344	-0.08053371	0.033255316	-0.0007372915	0.0034516905	0.06442644	0.056765717	-0.002425292	-0.034581453	0.04580971	0.038313817	0.041760907	-0.07876931
0.08810088	0.0040497044	-0.007570493	0.02770173	-0.013196544	0.082458034	-0.06411283	-0.08575784	0.087806724	0.061655644	-0.08612136	-0.02149216	0.025627779	0.069003515	0.045437653	-0.034019236
-0.008142899	0.049317688	-0.08101124	-0.079975404	0.030630287	-0.07471077	0.058883887	-0.013122318	-0.040455267	-0.033909433	0.07826389	0.03650227	0.0070966487	-0.035913423	-0.08008517	0.08199977
-0.0213206	0.020936469	-0.0081453025	-0.06960706	0.002553651	-0.06937525	0.04753099	0.048135012	0.0035585011	-0.085092455	0.011153755	-0.013308098	-0.080552556	-0.06503451	0.008566114	-0.004432257
0.07198357	-0.04472592	0.04652318	0.07048024	-0.044865947	0.021607442	-0.024716591	-0.03776224	0.042077523	0.01725695	-0.083983675	-0.06579909	0.078369334	0.056943297	0.027515743	-0.03642356
-0.004540192	-0.0013603864	0.06784013	0.011851308	-0.010836478	0.026922492	-0.0071060057	-0.00231567	0.09456809	0.007183048	-0.06303782	-0.06752795	0.07397675	0.07507487	0.06864455	-0.07672556
0.007791079	0.03666664	-0.058536265	0.00864089	0.03941001	-0.019348798	0.050647292	0.071158014	-0.020513814	-0.031461593	0.022971043	0.07121136	-0.070590734	-0.036792826	-0.045220353	0.06891702
-0.07563075	-0.00032913493	-0.02463963	-0.08630578	-0.000906585	-0.019952167	0.030830838	0.013735103	-0.05605177	-0.017550733	0.02047255	0.079109386	-0.03678999	-0.031212548	-0.04006943	0.061905406
0.07251408	-0.07551833	0.052285302	0.05342028	-0.08723732	0.03279922	-0.063518465	-0.01533639	0.077173606	0.09635045	-0.028836815	-0.045983	0.028712774	0.05789162	0.03839993	-0.09192593
0.08660922	-0.011272849	0.056576345	0.07599303	-0.026019473	0.075705834	-0.0890717	0.001398948	0.06729372	0.015886487	-0.026523245	-0.085598394	0.041861124	0.02751969	0.060709406	-0.01684516
0.063982755	-0.01064411	0.08208124	-0.009497474	-0.059672832	0.019360274	-0.037851248	-0.018382879	0.08173481	0.017270392	-0.058220476	-0.005985225	0.026700357	0.0681616	0.032249644	-0.052377183
0.013770198	-0.069206774	0.04362279	0.01864281	-0.02445538	0.08165312	-0.05368327	-0.07298019	0.09567274	0.024509992	-0.06803778	-0.0139648495	0.0634836	-0.0055622337	0.023418928	-0.03656633
0.00097056804	-0.052727774	0.02477706	0.074355975	-0.05777554	0.056662194	-0.081039846	-0.05762554	0.08227016	0.05291388	-0.07229215	-0.0813011	0.00446596	-0.0039750687	-0.005247821	0.0031916897
0.008644861	-0.06548074	0.06950463	0.07186607	-0.035632834	0.009949185	0.003767525	-0.05803969	0.04543253	0.028220583	-0.022249976	-0.016344722	0.0070702736	0.044510752	0.08524205	-0.09396116
0.05645264	-0.047673292	0.079602025	0.03142553	-0.08559839	0.067144066	-0.08649905	-0.023294764	0.05472811	0.08757531	-0.0036398398	-0.0362824	0.014341915	0.036351766	0.011947076	-0.010419418
-0.052564535	0.045873906	-0.012612172	-0.012562934	0.08502172	-0.04634008	0.07509463	-0.0071673216	0.012162083	-0.014006084	0.03152999	0.034448482	-0.019647824	-0.0437365	-0.052578848	0.014101691
0.013465147	-0.020885238	-0.04287573	0.011372622	0.02515163	-0.034837823	0.023438921	0.06345186	-0.06977864	-0.025299966	0.041521523	0.050338645	-0.073435694	-0.004055754	-0.0037330743	0.016337683
-0.01733795	-0.011765416	-0.07973522	0.003226217	-0.003844071	-0.0701497	0.018598659	0.003442966	-0.034790907	-0.023557369	0.084097125	0.07889954	-0.04525036	-0.021715283	-0.040656105	0.016986398
0.06665043	-0.01302739	0.038212437	0.046637	-0.020204736	0.002304145	-0.048141245	-0.039452717	0.040342525	0.04320811	-0.024584098	-0.07055434	0.0030671223	0.050857358	0.026121829	-0.052762974
0.08166803	-0.013952209	0.031453975	0.056939308	-0.07478721	0.04735239	-0.077979356	-0.006866132	0.080102324	0.08077846	-0.047185738	-0.046590343	0.07143638	0.06553086	0.050819583	-0.014040831
0.061599124	-0.027398743	0.009636924	0.031062094	-0.045439266	0.07911949	-0.039420124	-0.068022035	0.07502931	0.03754634	-0.027952174	-0.01993654	0.008966682	0.0011612733	0.013025947	-0.06481185
0.03390477	-0.0069505735	0.027685627	0.020895591	-0.03778515	0.074691206	-0.009472185	-0.055995	0.0058850497	-1.82845e-05	-0.010183299	-0.03291056	0.031318493	0.07258153	0.036601387	-0.07412249
0.04017408	-0.081627026	0.08616378	-0.0003584039	-0.0036348049	0.058146775	-0.046133485	-0.058970805	0.02393124	0.008091799	-0.06141596	-0.046319276	0.05285791	0.06562861	-0.0035015098	-0.017745895
0.088190004	-0.028129218	0.04581465	-0.0005126514	-0.08857816	-0.0007294388	-0.07567459	-0.05169489	0.0018741611	0.07261648	-0.08375781	-0.072699696	0.067120194	-0.0036448466	0.026037676	-0.0877246
-0.040130228	-0.0041646883	-0.046118163	-0.023235405	0.08306897	-0.02819006	0.031004285	0.023924474	-0.06852461	-0.088414185	0.059013452	0.07422512	0.009069155	0.0034563022	-0.014107917	0.028030844
-0.061129462	0.009362938	-0.038157515	0.0031995955	0.07478966	-0.02452454	0.018213648	0.045265142	-0.08204225	-0.040910915	-0.00989681	0.055865005	0.01015469	-0.03209148	0.013042649	0.036671065
-0.0836842	0.037985757	-0.0070883622	-0.08168331	0.088038564	-0.05923552	0.019333849	0.050420042	-0.0890655	-0.03947909	0.08290872	0.007060648	-0.07492873	-0.03472685	-0.05369779	0.019182954
-0.035481397	0.0011030645	-0.04653149	0.0049788984	0.044106625	-0.02920813	0.006979282	0.07757186	-0.0177306	-0.044681966	0.044632636	0.061952855	-0.05901771	-0.031369254	-0.08275484	0.015352176
-0.02558108	0.043633867	-0.009468315	0.013881763	0.055586908	-0.016593223	0.08322352	0.023271967	0.00094956195	-0.04892973	0.066602096	0.054275803	-0.046507966	-0.053471647	-0.05925868	-0.013279946
-0.06338506	0.0038100658	-0.06045737	-0.060295254	0.0675289	0.0082964245	0.014929054	0.03544274	-0.082265556	-0.053021315	0.042788334	0.0009764553	-0.017446542	-0.003645088	-0.024189113	0.057919826
-0.06318372	0.04468441	-0.054334536	-0.027800547	0.07014289	-0.08482128	-0.012004638	0.07186874	-0.03950831	-0.0059046107	0.0023807902	0.03450102	0.017270414	-0.054329254	-0.061036065	0.052431714
-0.08795597	0.04303346	-0.06541815	-0.06467976	0.056837544	-0.08093198	0.007850468	-0.002485059	-0.08840835	-0.07922634	0.03290855	0.07431468	0.0023553502	-0.05163104	0.017203541	0.020151017
-0.079389326	0.02150538	0.00020601311	-0.001216074	0.028598934	-0.06499748	0.048641305	0.057080314	-0.0135729015	-0.087249376	-0.017052496	0.021705227	-0.068967685	-0.0022432862	-0.038916007	0.012628137
-0.029688565	0.04010317	-0.033903234	-0.021040272	0.04838545	-0.04262398	0.027753817	0.07936651	-0.0060735876	-0.052252233	0.03784243	-0.013812697	0.015837764	-0.08230236	0.010835015	0.03654414
-0.02031947	0.004253092	-0.0056374036	-0.07358473	0.017326824	0.0060642287	0.064499736	0.05110633	-0.022806983	-0.034678318	0.055063862	0.032463327	-0.016039064	0.008194619	-0.07942571	0.032976054
-0.06578249	-0.0042877086	-0.002592008	-0.06968672	0.07286324	-0.036090888	0.07119893	0.026035516	-0.030489128	-0.08550871	0.0403388	0.04426357	0.0056591574	-0.034529094	0.006715071	0.030284824
-0.007391741	0.010355849	-0.029836213	-0.07772072	0.05124508	-0.06879746	0.06641546	0.029037764	-0.03493926	-0.050684903	0.063145086	0.033941444	-0.046075046	0.011224691	-0.0706942	0.08657494
-0.0072045345	0.0045492835	0.08684674	0.065770976	0.0033047074	0.057850488	-0.015257516	-0.03439582	0.022074051	0.07558953	-0.07844033	-0.029602129	0.05704972	0.060836118	0.08080642	-0.058688764
0.060034152	-0.033601474	-0.0082692895	0.009178003	-0.08723619	0.07238365	-0.07337882	-0.030777005	0.038291276	0.0922349	-0.060931254	-0.087448716	0.06267287	0.004869432	0.076689795	-0.049239784
0.04093001	-0.08519758	0.06719982	0.0014095878	-0.009925308	0.013565546	-0.041742813	-0.048816968	0.03336468	0.07780161	-0.060466636	-0.03892994	0.0020323785	0.06921903	-0.008255836	-0.020370174
0.012850919	-0.031494915	0.078870386	0.04819153	-0.07489131	0.07547375	0.006974799	-0.063070945	0.05755904	0.043230362	-0.016587194	-0.0021285112	0.057677627	0.06569438	0.08582493	-0.05891103
-0.057466824	9.8559016e-05	-0.0651037	0.012579736	-0.002042277	0.007267999	0.0537848	0.06606678	-0.0540904	-0.056505192	0.06694058	-0.013501122	-0.03347671	-0.071518816	-0.023238976	0.034536604
0.018589046	0.0057635754	0.0009428167	0.03885412	-0.0080476925	0.08912117	0.00051616144	-0.04658746	0.081349954	0.018548675	-0.041341864	-0.045020178	0.0450751	0.015579221	0.07026151	-0.06474747
0.079049505	0.003391534	0.045734376	-0.0023722283	-0.06112981	-0.0038936127	-0.08930746	-0.0036953005	0.019774573	0.09609605	-0.03652095	-0.00090279384	0.015090478	0.020213524	0.045061342	-0.052405015
0.0062447796	-0.0837055	0.043673996	0.05099057	-0.022170713	0.090840586	-0.04392936	-0.009835943	0.07572738	0.011238305	-0.06589182	-0.079446554	0.075404525	-0.0006831921	0.041723214	-0.0502674
0.03029365	-0.05358363	0.060919523	0.08563568	-0.05242924	0.024437582	-0.013629671	0.0062121917	0.0343365	0.04004939	-0.036591727	-0.016994564	-0.0060175546	0.0621958	0.042674284	-0.060504746
-0.0029559622	-0.03774494	0.039932106	0.07170207	-0.07882958	0.0006698122	-0.0853066	-0.08778675	0.039476924	0.030566625	0.00045273846	-0.01629999	0.026742917	0.032318346	-0.0077919574	-0.016586533
-0.006409339	-0.017459288	0.05045672	0.08734552	-0.06630035	0.011129338	-0.06484399	-0.052721802	0.034800414	0.07244206	-0.025948562	-0.049853835	0.06886024	0.010156718	0.017591396	-0.032659374
-0.081583746	-0.013603164	0.014265753	-0.033682324	0.06332797	-0.07339547	0.056936	0.06540928	0.0037343018	-0.058704752	0.06977758	0.0354996	-0.045238603	-0.028997714	0.018954063	0.052192256
-0.06385307	0.06750424	-0.009536316	-0.01232855	0.06682087	-0.009170141	0.003534192	0.074869536	-0.0070073023	-0.061779056	0.005311269	0.051789477	-0.050587658	-0.016578594	-0.036934987	0.015087152
-0.066259116	-0.009040096	-0.045088295	-0.040234562	0.011786156	-0.073792	0.05823986	0.0071175788	-0.025863564	-0.07094439	0.02520689	0.04698555	-0.055507045	-0.07825565	-0.061311178	-0.011177081
-0.077059604	0.0050363983	-0.00013438825	-0.019350799	0.03725073	-0.0379468	0.061646227	0.031407315	-0.040054798	-0.009378286	0.001202987	0.006825912	0.014594974	-0.027331	-0.034597263	0.012115931
0.04360926	-0.065792784	0.04354831	0.05012392	-0.008419009	0.025527094	-0.025102027	-0.08699172	0.06386241	0.09091813	-0.06887621	-0.055043794	0.061913565	0.030399267	0.061394963	-0.01404492
0.07344808	-0.0005479874	0.06122662	0.056310434	-0.08723841	0.009812668	-0.028070724	-0.080992416	0.028673502	-0.001079569	-0.03487806	-0.026948243	0.012760475	0.021588905	0.07764633	-0.082147494
0.06502305	-0.06651301	0.039960705	0.029591791	-0.081276506	-0.0042312345	-0.010216648	-0.030369027	0.0031449774	0.047256	-0.025830239	-0.043257404	0.020611422	0.07664037	0.04107572	-0.03714673
0.08346296	-0.08043596	0.010674738	0.0270928	-0.039178595	0.022421712	-0.026631374	-0.01403881	0.027552277	0.055887803	-0.08677975	-0.013058962	0.04664323	0.06677378	0.011257283	-0.04880769
-0.0033120194	-0.04391164	0.03239283	0.08414282	-0.03240619	0.06467116	-0.068359815	-0.032630302	0.06545438	0.07974308	-0.031066036	0.0008479969	0.0638858	0.036160912	0.021988578	-0.061021544
0.029578391	-0.08734879	0.072959825	0.008907216	-0.063527465	0.08535093	-0.044237524	-0.008584076	0.03859225	0.08242758	-0.06418767	-0.026577016	0.03479486	0.07827756	0.009983051	-0.026742265
0.085675105	-0.054612163	0.07658929	0.033212397	-0.026990931	0.048523586	-0.07058629	-0.0005184248	0.09133229	0.031754814	-0.0088336915	-0.057350475	0.04676993	0.05663935	0.078858525	0.00075163285
0.038257245	-0.06369023	0.04924047	-0.0029967711	-0.020444436	0.009694706	0.005224035	0.0006882056	0.0092398375	0.019043092	-0.060991745	-0.06344071	0.087874	0.0021961383	0.05114962	-0.04368084
0.06949096	-0.05957226	0.046330914	0.007959458	-0.07011619	-0.0033685889	-0.022554945	-0.008861497	0.09155091	0.007839604	0.0032943427	-0.04777017	-5.9797792e-05	0.01348695	0.07591976	-0.04501348
0.035288963	-0.02690497	-0.007085703	0.06488057	-0.07062118	0.07731468	0.0049446444	-0.081105165	0.00561042	0.06252004	-0.041109476	0.010288031	0.021068085	0.07860297	0.005172667	-0.054027908
0.06652672	-0.024072334	-0.0074643907	0.004574069	-0.07674262	0.078324065	-0.089294374	-0.024993999	0.022432193	0.09084853	-0.086664	-0.07091341	0.047413193	0.07436181	0.0076000947	-0.00905934
-0.0040448443	-0.01238222	0.07283016	0.06566073	-0.020438854	0.07726855	-0.0019242164	-0.046149556	0.02073707	0.022157472	-0.009652211	-0.018745787	0.08630146	0.05412688	0.018621713	0.0023330937
0.019160587	-0.009513251	0.06707518	0.03929419	-0.08600247	0.0060169543	-0.012824808	-0.0757789	0.06944353	0.031057745	-0.03957578	-0.03827278	0.008404932	0.076776534	-0.00068761734	-0.007703475
0.0084982775	-0.01700736	0.024994755	0.015205228	-0.08434978	0.07518387	-0.045810755	-0.041052494	0.03521793	0.042282782	-0.03334725	-0.07804421	0.088898644	0.032381598	0.041200355	-0.091576695
0.053272698	-0.0018809572	0.035962556	0.08804909	-0.08205318	0.038216613	-0.026750263	-0.009694965	0.07418443	0.033012263	-0.0715712	-0.07690959	0.030327914	0.085030876	0.023587186	-0.02589955
0.062067498	-0.036528207	0.03375946	0.082585976	-0.092974655	-0.0075671664	-0.046023875	-0.07373965	0.012418434	0.038854033	-0.078731865	-0.009529935	0.025683148	0.05003856	0.063990615	-0.086600654
0.019940548	-0.02815293	0.049096912	0.03376315	-0.0028531027	0.07759499	-0.02395165	-0.052075677	0.061314363	0.05244576	-0.005053676	-0.07656301	0.034075912	0.011520203	0.054637697	0.0007365221
-0.0037030557	-0.06630016	0.01987962	0.008449785	-0.07162977	0.06085651	-0.02099852	-0.017284473	0.09515979	0.01901069	-0.047767095	-0.07965205	-0.008663708	0.036786653	0.07474422	-0.04064256
0.062485058	-0.012817417	0.049328413	0.01663807	-0.06175241	0.004514788	-0.026217999	-0.026290359	0.078788765	-0.0032911247	-0.07814805	-0.0026854628	0.007959507	0.037255503	0.055634286	-0.037970327
0.04326213	-0.081153296	0.05385569	0.02440897	-0.06853847	0.07240044	-0.060275275	-0.018036738	0.031153804	0.006889539	-0.044672456	-0.015173773	0.075207904	-0.002053342	0.013819412	-0.0560159
-0.0031952101	-0.028626094	0.033389833	-0.0003575637	-0.06912554	0.071849056	-0.034668874	-0.011405863	0.084722474	0.08491297	-0.06943055	-0.07497382	0.051641468	0.029472051	0.01586303	-0.07988391
0.0243635	-0.04998691	0.046062548	0.059091426	-0.050381284	0.018965999	-0.03178065	-0.08653867	0.0552827	0.05156833	-0.01844072	-0.08450161	0.024914192	0.040838983	0.0043457085	-0.0023318601
0.012390018	-0.017752213	-0.004036774	0.014037805	-0.08005255	-0.003146451	-0.032948054	-0.0655655	0.067312665	0.08821625	-0.042578768	-0.06829028	0.035189804	0.07024459	0.01918022	-0.0018643342
-0.061491504	0.0021240672	-0.080832414	-0.036658257	0.087750845	-0.003271812	-0.0025424222	0.06684794	-0.0463705	-0.08393183	0.08377106	-0.004707674	-0.056988496	0.0023993477	-0.03698275	0.06716113
-0.061491325	-0.00678999	-0.05455821	-0.08317474	0.037732646	-0.0007528834	0.0038449932	0.0033372503	-0.024873072	-0.033298936	0.011125867	0.064746365	-0.0024451164	-0.025797395	-0.08529585	0.01830074
0.015561416	-0.05058486	-0.013561279	0.050593734	-0.077450395	0.0056033083	-0.048587672	-0.05597271	0.030260306	0.0396023	0.012214253	-0.03132285	0.007474455	-0.005882707	0.039491076	0.0011613435
0.042441435	-0.013444117	0.08599471	0.05954205	-0.04587507	-0.0060491255	-0.02183851	-0.06931296	0.084031016	0.032341313	-0.013150247	-0.05449273	0.029381415	0.05311205	-0.0068334052	-0.048406266
0.035989262	0.0051304842	0.06149189	0.024582252	-0.025487581	0.035293497	-0.006516566	0.0046839695	0.06693662	0.0053910394	-0.019203424	-0.03701345	0.014440197	-0.0033974843	0.08651908	-0.07436121
0.07737421	-0.023244029	0.020965472	0.03555917	-0.037357345	0.01287051	-0.039488222	-0.06392179	0.040732305	0.07166091	-0.07688921	0.009220798	0.03832418	0.062751666	0.012513881	-0.056092493
0.013630077	-0.011992781	0.05698866	-0.007933126	-0.015500553	0.046747334	0.002356027	-0.011965032	0.0026254463	0.010367181	-0.0063235257	-0.0008314801	0.06859663	0.0712952	0.061329056	0.0043422
-0.006543243	-0.0791835	0.013047318	0.067782894	-0.060862787	0.046775542	-0.08356701	-0.0064134314	0.0009153008	0.009923408	-0.06469231	-0.04624899	-0.00919954	0.05663473	0.044126388	-0.043142226
0.05366233	-0.06890441	0.048361164	0.01581893	-0.0023623637	0.067022294	-0.009755326	-0.0840872	0.032468703	0.078316435	-0.0033142446	-0.06561527	0.0726716	0.0066676796	0.007054662	-0.021778055
-0.0039927657	-0.049236014	0.035480943	0.04298547	-0.036024734	0.017448239	-0.06421719	-0.0029985982	0.079766296	0.00954424	-0.085665256	-0.064381175	0.052059658	0.058113113	0.029928703	-0.042118285
-0.07615083	0.08434119	-0.06495246	-0.08443859	-0.006764857	-0.02756135	0.03679311	-0.0078596575	-0.0943302	0.0058878437	0.028367177	0.02366143	-0.039713908	-0.051555414	-0.006467378	-0.0028107318
0.044301495	-0.038295418	0.07632187	0.066701695	-0.0199232	0.036241587	-0.0077436254	-0.017307298	0.07307469	0.05277534	-0.0018021881	-0.01029749	0.081272565	0.0392502	0.08119375	-0.054889236
0.0019039833	-0.059614547	0.044004917	0.047857303	-0.0075042024	0.019873414	-0.03955099	-0.015103179	0.017190715	0.06395306	-0.078914374	-0.038041458	0.08199494	0.0630123	0.03317755	-0.0011876902
0.0015194132	-0.073745996	0.025275953	0.036869835	-0.09238689	0.0797114	-0.07255883	-0.064517535	0.08220335	0.092009604	-0.020007495	0.0076201973	0.039131727	0.012792352	0.022424499	-0.0020347894
0.031853314	-0.04705662	0.008288711	0.029565489	-0.023416694	0.08265373	-0.0350766	-0.043220185	0.018966211	0.030322421	-0.0061403243	-0.06769543	0.015458609	0.024826203	0.019447653	-0.070313275
-0.08582825	0.056355707	-0.04798235	-0.0641394	0.055586413	-0.05030003	-0.01333703	0.077362314	-0.07513906	-0.054986116	0.03478893	-0.003331554	-0.04964936	-0.04592836	-0.036034685	0.038610447
-0.08586093	0.08332305	-0.07416725	-0.025545072	0.016200919	0.0038174246	-0.016513389	0.0007599671	-0.0014556871	-0.013519065	0.059636407	0.064874835	-0.017063955	0.013219549	-0.053537622	0.0064801513
0.02836151	0.0035334565	0.007649566	-0.009898296	0.010067044	-0.00797802	-0.07317952	-0.04237163	0.0580888	0.040585212	-0.0640789	-0.04032673	0.06591166	0.09022821	0.013689694	-0.05930539
-0.05779714	0.035324514	-0.0034829127	-0.06954239	0.011995882	-0.0269034	0.07215873	0.04946387	-0.060514163	-0.011724509	-0.0029004936	-0.0016227891	0.007678795	-0.05059513	-0.070672855	-0.0038959766
-0.0096678715	0.06309137	-0.051360436	0.012992081	0.049731888	-0.046905905	0.024710873	0.0069953236	-0.09021435	-0.079032645	0.03992392	0.06679281	0.0025623313	0.0027932397	-0.073779725	0.03606434
-0.017922144	0.059811678	-0.08401423	-0.029998202	0.026828645	-0.02897069	-0.008545972	0.08563594	-0.025320232	-0.08788511	0.08416758	0.06963291	-0.030636182	-0.019506795	-0.0054691928	0.04792288
0.008625707	-0.00094416225	0.00783159	-0.03717834	0.015277233	-0.025084255	0.0589751	0.06876678	-0.07034094	-0.059219263	0.07402932	0.005639914	-0.06879693	-0.07278401	-0.014315107	0.028081518
-0.069815464	0.031363387	-0.007348347	-0.03600017	0.035258073	-0.007765142	0.043233294	0.060621653	-0.013996065	-0.059191238	0.0058528185	0.016840851	-0.02099226	-0.0076056924	-0.026611757	0.026201252
-0.07557202	0.045720737	-0.04717342	-0.04387241	0.048843417	-0.01645198	0.027292576	0.07809661	-0.095209844	-0.02840736	0.026291942	0.07528425	-0.063066445	-0.04916134	-0.07745233	-0.00059988245
-0.007941245	0.05428985	0.0011533033	-0.05428659	0.026743982	-0.07035977	0.07929891	0.009735502	-0.064954154	-0.08962555	0.08093194	0.034681268	-0.025818786	-0.05546966	-0.039439928	0.021160455
-0.04074296	0.022024678	-0.075136796	-0.061223842	0.058980186	-0.025159812	0.014740368	0.048740096	-0.013755107	-0.026024533	0.07832829	0.06274393	-0.059329763	-0.07454876	-0.01701868	0.08726301
0.08976193	-0.027896665	0.028977	0.043807156	-0.03214405	0.03903539	-0.0677235	-0.01789254	0.09410901	0.07847609	-0.07896727	-0.068643786	0.028226353	0.028802976	0.057193857	0.0037602843
0.075513124	-0.06997249	0.084105305	0.030716738	-0.047672514	0.08650063	-0.018022964	-0.05734992	0.0355212	0.062549114	-0.06555943	-0.08902376	0.058014464	0.08530301	0.061285995	-0.08375417
0.039157774	-0.081679784	0.0016810216	0.07488533	-0.042238627	0.051417965	0.0041420213	-0.07648554	0.010743632	-0.0008807705	-0.066593416	-0.0027207101	0.016169092	0.04606997	0.06582642	-0.009353468
0.025712913	-0.088213764	0.073840596	0.007800059	-0.03167753	-0.0034178759	-0.005994305	-0.05147036	0.09200667	0.051185433	0.007581422	-0.08338995	0.04805482	0.03127709	0.020408653	-0.020137366
-0.07378376	0.04183854	0.0097068325	-0.036958076	0.077713	-0.047975283	0.03942427	-0.0106181335	-0.044625938	-0.02034624	-0.0035822804	0.07812592	-0.047994208	0.0064720293	0.0071973186	0.042370584
-0.028939536	0.037772767	-0.033848464	-0.01877476	0.07573031	-0.08244181	0.02362662	0.009397869	-0.08662499	-0.034188595	0.02424425	0.041016918	-0.052924383	-0.083040185	0.0019894608	0.021441646
-0.026319636	0.0028569927	0.0036830176	-0.008150184	0.05900152	-0.02568942	0.034545556	0.019745752	-0.0016318489	-0.014536914	0.063993424	0.07017084	-0.027000174	-0.0035792189	0.01741813	0.04451229
-0.000806291	0.017125007	-0.022435863	-0.06562158	0.051890966	-0.0698613	0.05026242	-0.017487606	-0.02055582	-0.015516991	0.06356714	0.03977027	0.004526145	-0.074876204	-0.024462532	0.08270158
-0.06932512	0.051033832	-0.046524912	-0.0019608382	0.034348924	-0.024634209	0.022199238	0.06078154	-0.034521226	0.0023702483	-0.008540562	0.04225657	-0.017376116	-0.03025677	-0.04851164	0.07594278
0.05871145	-0.048908923	0.08921281	0.02226266	-0.0025234073	0.03072099	-0.05653364	-0.0018059793	0.049465198	0.06677064	-0.060331784	-0.072965145	0.016507825	0.0010955574	0.012746859	-0.064921215
-0.08786828	0.03763881	-0.08169111	0.0024834154	0.06165631	-0.078421645	0.032978404	0.05022847	-0.065527074	-0.02367607	0.0065729227	-0.0095527135	-0.06262705	-0.012902502	-0.07920601	0.046299238
-0.005682482	0.05355243	-0.02358658	-0.05328662	0.0845377	0.0034653612	0.038124327	0.05241439	-0.084568664	-0.04437208	0.07454777	0.065740086	-0.036936514	-0.0146169495	-0.06364019	0.017086599
-0.042291738	-0.014818074	0.015116	-0.08299185	0.08330095	-0.008272537	0.021481924	-0.006125042	-0.009544707	0.003578876	0.026184859	0.019051805	0.010352908	-0.08192332	-0.03860478	0.022892738
-0.080776826	0.04987878	-0.012839093	-0.036424868	0.008884001	-0.031357776	0.039866567	0.0648462	-0.014766103	-0.07596986	0.007567359	0.061636887	0.013607147	-0.03074002	-0.03412792	0.037545826
-0.033222802	0.08605779	-0.06865896	-0.04129343	0.054708257	-0.07914908	0.044540208	-0.0050294865	-0.02386658	-0.032816883	0.07895627	0.07855545	-0.05591534	-0.017055407	-0.0424727	-0.0072529335
-0.07329827	0.0057614064	-0.029613968	-0.084297925	0.010400056	-0.06775754	0.014928756	0.014986932	-0.0885291	-0.007933417	0.029351175	0.04406312	0.011575635	-0.011937062	-0.06896281	0.079102226
0.0058496166	0.002386689	-0.07777569	-0.022517186	0.07234015	-0.038623154	0.052769557	0.017446794	-0.0088995565	-0.009744896	-0.0060047912	0.070717834	-0.009178892	-0.058918916	-0.0033777687	0.065912865
-0.010658884	0.0036684265	-0.02808455	-0.06022941	0.03210071	0.0005345145	-0.0048007527	0.06780116	-0.006296199	-0.07614071	0.0077537065	0.05455485	-0.03009975	-0.0019175248	0.0028711115	0.04705052
-0.016255844	0.07825626	-0.006859767	-0.058483046	0.04963755	-0.06043155	0.06700459	0.005855186	-0.071804404	0.0037681847	0.062739365	0.07755833	-0.020466961	-0.08205657	-0.07698365	0.075293
-0.020265624	0.045098376	-0.06073927	-0.029338274	0.04659397	-0.04404778	-0.00811283	0.0047659213	-0.03467973	-0.07347106	0.033490147	0.037937444	0.0047676805	-0.027693558	-0.05777292	0.009703536
0.019794285	-0.06619759	0.07334291	0.011333318	-0.033876576	0.010575462	-0.045776296	0.0036435528	0.021205366	0.015847504	0.012746205	-0.060155287	0.0807737	0.045694813	0.01919699	-0.07125718
0.043627378	-0.049185682	-0.008232517	0.0057169744	0.013463472	0.08587893	-0.05691688	-0.029403472	0.022839487	0.08547394	-0.065684125	-0.0742132	0.045953635	0.05448783	0.022486638	0.0003951484
0.021401258	0.0048914514	0.00993804	0.05148496	-0.039997786	-0.0023751848	-0.07529305	-0.05207155	0.009053223	0.040666897	-0.019791478	-0.07175486	0.060165066	0.03899531	0.0035781858	-0.082740456
0.070930034	-0.018510096	0.08395579	0.027782908	-0.06295139	0.062563926	-0.019254232	-0.03259072	0.04651415	0.01177663	0.00074550696	0.001258074	0.065626934	0.049463544	0.0075853616	0.0025097313
0.033915374	-0.010626811	0.03149492	-0.0015311897	-0.021036634	0.006162422	0.0042883637	-0.070094414	0.0035398013	0.028079066	-0.08932557	-0.0023006147	0.030041192	0.032091767	0.06904347	-0.081014216
0.06679028	-0.0063682343	0.027033675	-0.00955601	-0.0072923047	0.006047845	0.0073818574	-0.021058507	0.0453755	0.06448789	-0.043341637	-0.013788928	0.05254743	0.03015333	0.029689286	-0.044504527
-0.0136696	0.08447694	-0.06866526	-0.00512445	0.05565743	-0.022565348	0.063463986	0.011954856	-0.00223819	-0.026156772	0.046246115	0.062077794	-0.07536898	-0.023145119	-0.06333083	0.026500592
-0.07961602	0.0030643465	-0.067958705	-0.07301966	0.0049807066	-0.008005619	0.020793587	0.029978419	-0.051743846	-0.029909743	0.046589166	0.067116	0.013356739	-0.061079793	-0.08189976	-0.008224018
-0.08043193	0.016916998	-0.04102839	-0.036884602	0.038370904	-0.07780286	-0.00857876	0.021314839	-0.022883402	-0.008605192	0.044299994	0.07351521	0.0055277497	-0.0064289607	-0.055557426	0.07293401
-0.024040762	-0.001821871	-0.030018097	-0.0460861	0.040417936	-0.049532298	0.033119503	0.019799806	-0.07835239	-0.094070815	0.017125612	0.02751387	-0.012070252	-0.07563331	-0.05339763	0.038503535
-0.0039174813	0.014246717	-0.06489117	-0.070214614	0.032409817	-0.032036472	0.05208444	0.06002175	-0.028357485	-0.013143496	0.060070325	0.049099658	0.01303392	-0.04031121	0.002557235	0.052171163
-0.05128834	0.00077635323	-0.059167825	-0.02649942	0.03402849	-0.042786505	-0.009619287	0.06313494	-0.0025348873	-0.05127125	0.069424346	0.04413489	0.0070919804	-0.050340295	-0.0068462463	0.0784501
0.07755227	-0.08594064	0.021315597	0.029263232	-0.09094911	0.030516403	0.0068312525	-0.0057954756	0.026150972	0.0972567	-0.022947874	-0.06489693	0.077443086	0.056811973	0.07532083	-0.0042320457
0.002201017	-0.055278566	0.06800568	0.07273713	-0.0018522609	0.00231457	-0.08624119	-0.07143035	0.080267064	0.06272981	-0.048018783	-0.018154692	0.037114907	0.06456123	0.005475923	-0.0030842277
0.078240834	-0.068975054	0.02183515	0.047390968	-0.02871412	0.039131097	-0.08296337	-0.027452866	0.042667385	0.015602514	-0.016538827	-0.049140587	0.061186466	0.0075074323	0.08354371	-0.07038514
-0.036142528	0.07823066	-0.007562216	-0.05881125	0.055158857	-0.06715982	0.015374574	0.069552794	-0.021016795	-0.040264875	0.04469187	0.061745234	-0.041837055	-0.06870608	-0.021474203	0.08792338
-0.018515015	0.0064818594	-0.042373028	-0.054326378	0.046580117	-0.0514764	-0.008958788	-0.009433369	-0.030328484	-0.087689616	-0.012092097	-0.0014665257	0.0039271247	-0.07366377	-0.07740674	0.016663857
0.011650061	-0.052539732	0.045394156	0.035923272	-0.066120446	-0.00089002	-0.064850315	-0.011400049	0.025107864	0.05019515	-0.0038879344	-0.031643916	0.03571697	0.040973764	0.05465091	-0.081632406
0.08579972	-0.0063633653	0.001573423	0.04759548	-0.045231197	0.08783601	-0.042316496	-0.00981206	0.05777878	0.014889476	0.00029370497	0.0021977422	0.023819253	0.008782262	0.019379329	0.0017410452
0.03935482	0.005683798	0.015375271	0.086885445	-0.044419322	0.0039819055	-0.000653529	-0.053942464	0.03733573	0.06478437	-0.033140756	-0.05586352	0.05325863	0.08013638	-0.0033695276	-0.016872616
0.028653866	-0.071599655	0.00815105	0.043409392	-0.009009655	0.07222826	-0.07877829	-0.05603909	0.09473099	0.0015443777	-0.06285289	-0.06314169	0.0041835643	0.07811917	0.028956607	-0.059984338
0.007729459	-0.02261741	-0.0060739904	0.061011158	-0.008856924	0.06124047	-0.027403409	-0.010420919	0.09841289	0.0005657473	-0.055061817	-0.06502227	0.08658341	0.011242063	0.059784397	-0.08600532
-0.050154492	0.03660322	-0.048788078	-0.076578535	0.037124436	-0.06088601	0.03744742	0.03515719	-0.045635357	0.020802172	-0.0054827635	0.07319182	-0.015505515	0.023349715	-0.025650747	0.008331368
-0.021672288	0.04715522	0.008948258	-0.033798277	0.0047202413	-0.047223482	0.071367174	-0.023672756	-0.0424356	-0.014400092	0.070742026	0.0036829892	0.006209292	-0.054891054	-0.01863125	0.05160337
-0.065958254	-0.0011995112	0.015214825	-0.075408824	0.02530544	-0.040134106	0.048979647	0.020448254	0.009252676	-0.028938195	-0.0019273229	0.07041781	0.017006453	-0.049806446	-0.013899466	-0.006655816
0.007881085	0.07042927	-0.055157945	-0.03512219	-0.008232946	-0.062070224	0.010271227	0.0018153497	-0.036338203	-0.01691083	0.03323921	0.056046996	-0.002103807	-0.051538058	-0.01858515	0.011162108
0.012654755	0.009852043	-0.016688155	-0.057582565	0.046330012	0.01878984	0.06422364	0.06393772	-0.06946682	-0.033913996	0.043614477	0.02007825	0.00901489	0.0048787454	-0.052059107	-0.00425125
0.001991169	0.060372025	-0.046791308	-0.04392233	0.020006076	-0.007522903	0.0705314	0.024214916	-0.0701353	-0.062387574	0.036110826	-0.0038471962	-0.019366864	-0.028613059	0.0022809883	0.036150616
0.012262326	0.0056214337	0.032863412	0.023401676	-0.028646098	0.071657844	-0.031155607	-0.006080618	0.07944116	0.016494678	-0.028939845	-0.039369673	0.08000305	-0.0011142442	0.016732322	-0.073702164
-0.011241535	0.0323045	-0.01289871	-0.053073652	0.0009893074	-0.06640692	0.015494002	0.067244075	-0.07705181	-0.08889812	0.03812784	0.05133964	-0.029601514	0.012997827	0.001740882	0.05942314
-0.043830894	0.051742237	-0.020597566	-0.025911555	0.07629046	-0.009136409	0.070582405	0.013126258	-0.0051813903	-0.043973275	0.062539175	0.025383914	-0.026631024	-0.028600693	-0.016113203	0.08743762
0.029576316	-0.07827616	0.06553187	0.08830636	-0.07342543	0.06115283	-0.011854595	-0.06725089	0.05433955	0.065690026	-0.035877075	-0.0014845951	0.021417208	0.060522843	0.011987835	-0.004124019
0.05158191	-0.07547331	0.054343034	0.08002257	-0.038849354	0.013343552	0.0044813403	-0.052414592	0.07213087	0.073791094	0.002111027	0.010291453	0.047273103	0.05155546	0.010518069	-0.03211036
0.055408113	-0.05019382	0.019702256	0.019315861	-0.005989766	0.070084795	0.009755112	0.005083583	0.09383925	0.02142366	-0.003982247	-0.06505893	0.0023043691	-0.00622423	0.03128603	-0.006201819
-0.0044442243	-0.029998913	0.011921085	-0.0049383217	-0.06708034	0.05805291	-0.07176841	0.010783911	0.04123663	0.036063008	-0.035388954	0.0047919946	0.013093984	0.08000679	0.04788438	-0.051923748
0.06895578	-0.030965365	0.05498128	0.077872105	-0.027797196	0.049387455	-0.06555935	-0.04782484	0.010994943	0.07385016	0.003747546	-0.0068733534	0.08693409	0.043775108	0.0059922566	-0.08508701
0.051940076	-0.055875614	0.016399086	0.064818285	0.0042019826	-0.0018676425	-0.004184114	-0.061205428	0.060945902	0.07529846	-0.0067944285	-0.071671054	0.0068549025	0.07775742	0.0655804	-0.021425962
0.08423418	-0.06967524	0.06576773	0.05057131	-0.050675977	0.04060302	-0.05440716	-0.036206927	0.08401232	0.051994044	-0.071251385	-0.038933564	0.040609308	0.02718226	0.05899316	-0.006047175
0.029854516	-0.059988186	0.0049698437	0.058056515	-0.06668295	0.079439834	-0.033407956	-0.08146683	0.036338393	0.031552978	-0.012822965	-0.08273176	0.01449244	0.07768134	0.008225487	-0.052356664
-0.044756778	0.082397714	-0.016714796	-0.05399028	-0.0026182488	-0.033965558	0.07198103	-0.015239602	-0.0368911	0.00029667848	0.06548599	0.039229963	-0.012523476	-0.084001556	-0.01142353	0.079345755
-0.064333156	0.019896228	-0.0043849633	-0.0073968926	0.036324188	-0.07923358	0.06240208	-0.009095344	-0.08712452	-0.0663736	0.0506368	0.0078629935	-0.030314533	-0.031753507	-0.029313782	-0.0052330354
-0.0060556377	0.027573248	0.005527657	-0.07199796	0.091507584	-0.0025192415	0.06321678	0.0023781683	-0.080709845	-0.063655406	-0.011853556	0.0034991794	-0.064669475	0.009982992	-0.07870585	0.008258884
-0.001282658	-0.075831704	0.041867822	-0.009262573	-0.049790435	0.07466462	-0.002838566	-0.016315524	0.03010112	0.039453227	-0.077808194	-0.029566767	0.07237116	0.040438954	0.019490117	-0.03480152
0.085487194	-0.035038497	-0.0037442197	0.056486327	-0.0051702256	0.0875905	-0.0869258	-0.04874357	0.048428465	0.0019742555	-0.084317386	-0.014908596	0.021051617	0.004495344	0.017784962	-0.07861065
0.071606	-0.008222352	0.06684164	0.030576065	-0.042018242	0.087714955	-0.038963318	-0.0304041	0.040956836	0.027842859	-0.08027008	0.009336364	0.034056045	0.006374404	0.009167596	-0.050103877
0.013402082	-0.077743955	0.058645856	0.08363853	-0.0822998	0.06675973	-0.049544964	-0.048839185	0.016351843	0.04326514	-0.057622403	-0.039784018	0.008501156	0.027741399	0.047922283	-0.034259442
0.0034183988	0.0040374817	-0.04260573	-0.04680947	0.020235987	-0.07389832	0.04032276	0.038593445	-0.072779216	-0.066188514	0.0004667131	-0.003989284	-0.075618945	-0.05319588	-0.03453206	0.035204217
-0.046804372	0.062792175	0.0019551727	0.012614387	0.07814285	0.00394393	0.03213823	0.015488419	-0.067871995	-0.010858412	0.005222774	-0.0028413495	-0.014735275	-0.021220028	0.012194531	0.07507371
0.005923695	0.00274388	-0.010562586	0.010942474	0.085683845	-0.047419418	0.05694293	0.04343135	-0.033785682	0.0047656232	0.061609354	0.051662773	0.011859352	-0.076340064	-0.008103069	0.012839161
-0.052651197	0.03848272	-0.045875575	-0.019402942	0.06444042	-0.086682	0.04478173	0.029039612	-0.056098394	-0.08600624	0.015017487	0.046715003	0.012011671	-0.0797039	-0.072850406	0.07836995
0.06741923	-0.008014602	0.006256121	-0.00088906125	-0.022423951	0.034842253	-0.0017353739	0.012064374	0.05724054	0.044900794	-0.081145495	-0.028446186	0.0031360849	0.045795344	0.05827322	-0.07269731
-0.0011414754	-0.0250009	0.05965324	0.028946795	-0.08546464	0.02634019	0.0020530021	-0.045975007	0.05479991	0.052770406	-0.043002017	-0.035324518	0.01170374	0.08068511	0.0284565	-0.02141054
0.0059850197	0.012577468	-0.010051762	0.017516539	0.008446766	0.043609295	0.004576511	0.011292569	0.034728196	0.037933122	0.0047185486	-0.05601154	0.05266932	0.021831272	0.038308676	-0.059236754
0.06972738	-0.011675437	0.062780745	0.0476268	-0.09098928	0.030096587	-0.009903683	-0.03701628	0.005894969	0.08997569	-0.025420003	-0.011392829	0.06936446	-0.006311013	0.0439669	-0.05296578
0.039239164	-0.06642159	0.06842614	0.00761592	-0.03667239	0.03377228	-0.013669655	0.003893256	0.060786642	0.017688992	-0.016121242	-0.05367582	0.005139594	0.0654182	0.0033303022	-0.023600785
0.016078228	-0.08011577	-0.00034438158	0.0003928078	-0.060572024	0.040237274	-0.08450302	-0.014800741	0.06858272	0.043915268	-0.054872077	0.010986568	-0.011150077	0.08035219	0.050302975	-0.08734847
0.07218686	-0.046770096	0.007506755	0.024242792	-0.023193771	0.011926542	-0.04443593	0.008421877	0.093576126	0.053006288	-0.03604421	-0.019749692	-0.0007864431	0.008184535	0.05796062	-0.045467578
0.054113027	-0.023488147	0.075778104	0.034950778	-0.05054605	-0.007917624	-0.029627759	-0.038022608	0.07863972	0.078503355	-0.0071380977	0.0013273581	0.03219203	0.057587408	0.056361333	-0.030152967
-0.02502627	0.045113213	-0.011744749	-0.04791608	0.06991827	-0.0048646936	0.04001342	0.048803605	-0.03784076	-0.009448863	0.054564983	0.02187093	-0.07094312	0.0046762303	-0.022567404	0.008040871
-0.06494059	0.04929258	-0.03389795	-0.064385444	0.060607288	-0.0881602	0.046589214	0.055339135	-0.036282267	-0.07250577	-0.0027530724	0.07042588	-0.07228564	0.00933104	-0.05324174	0.076759614
-0.051464595	0.078770205	-0.029565657	-0.079582535	0.064116806	-0.074655354	0.0007691029	-0.005084234	-0.022754896	-0.012288681	0.015146309	0.015264022	0.0002678539	-0.07523531	-0.042282276	0.0029915532
0.008573086	-0.002670841	-0.005054287	0.03866634	-0.004373053	0.007740341	-0.05654917	-0.083031535	0.026078876	0.08246852	-0.0709565	-0.06452681	0.07322182	-0.0108788	0.008945257	-0.07984623
0.057028323	-0.065410055	0.019506797	-0.012970542	-0.03444708	0.05960392	-0.08077722	-0.05375773	0.0039489428	0.033484183	0.0051898477	-0.024748312	0.028516877	0.008547138	0.038941983	-0.020798026
0.01067067	-0.082461454	-0.010099603	0.04214232	-0.04655186	0.029561013	-0.016316788	-0.0008067595	0.059925385	0.009685908	-0.024667555	-0.074572414	0.008753082	0.057604358	0.003141739	-0.0056139757
0.06640228	-0.07513809	0.009436324	0.024986245	0.0037693123	0.06890554	-0.064616755	-0.014404785	0.08259154	0.05723313	-0.065849304	-0.016138012	0.032714542	0.06551585	0.074575685	-0.023127176
0.035143975	-0.002684689	0.08388895	0.006616339	-0.07538602	0.01189401	-0.008994213	-0.05336287	0.090211704	0.017670896	-0.061728235	-0.059335772	0.021260336	-0.0053903577	0.049588826	-0.020177355
0.038167674	-0.079777606	0.04692767	0.0122566195	-0.0012171424	0.04073346	0.009127963	-0.061862506	0.014090295	0.08787971	-0.032356977	0.009008181	-0.001890615	0.083552964	0.05604708	-0.0018443969
0.052018534	-0.06199171	0.066619456	0.03481881	-0.025953425	0.08158604	-0.0054610306	-0.08212495	0.012515902	0.04398478	-0.023954501	-0.0036767772	0.057181016	0.0131758405	0.07827273	-0.069080494
0.0056481953	-0.06724573	0.033043586	0.0064173117	-0.0014617991	0.0008655283	-0.07066307	-0.00997594	-0.004325261	0.08713141	-0.028909413	-0.08036637	0.04760534	0.026622731	0.0075981836	-0.041265264
0.006979309	-0.014977475	0.07595813	0.032833986	-0.008239197	0.07322803	-0.04230353	-0.08167921	0.030864833	0.01324593	-0.020931486	0.0059548123	0.05995386	0.07871461	0.040771782	-0.055600785
0.057728164	-0.010369215	0.080474265	0.029114451	-0.08093975	0.04209448	-0.050757762	-0.010396361	0.097254425	0.091223165	-0.039338678	-0.049487006	0.06343977	0.0693537	0.031018479	-0.047164924
0.036731385	-0.01197635	0.002467482	0.047322597	-8.215323e-05	0.054220024	-0.05042921	-0.0030024855	0.03504114	0.020150807	-0.010480802	-0.08289625	0.06975182	0.006185438	0.02175597	-0.036909472
0.06714032	-0.036355764	0.085061945	0.071616784	-0.08920399	0.07317367	0.011453021	-0.020728273	0.037724826	0.010379807	-0.043020654	-0.011859719	0.05909095	0.020857308	0.06361747	-0.08135447
0.06527112	0.005803611	0.070441596	0.0071880785	-0.003013877	0.06811659	-0.04286272	-0.05188978	0.058814883	0.09330851	-0.06843778	-0.062814206	0.056208804	-0.0046845837	0.050989825	-0.08102755
0.034730826	-0.066012025	0.010570201	0.014315857	-0.048919916	-0.0016193053	-0.0031495122	-0.07569391	-0.00028404171	0.0754503	-0.0027793704	-0.061611753	-0.013345994	0.0034266072	0.064919375	-0.08318642
0.025061708	-0.08162362	-0.011915142	-0.006686632	-0.04869338	0.08820577	-0.030383706	-0.014021315	0.06113794	0.0071394495	-0.06716172	-0.020328691	0.07589172	0.040645998	0.08170916	-0.06660299
-0.06351407	0.010487785	-0.07169897	-0.0025902016	0.0026201636	-0.07353319	0.06568138	0.045843918	-0.055706877	-0.051521275	0.052061137	0.011859133	0.0028279517	-0.012594027	0.004786265	0.011096025
-0.03677264	0.0020735508	-0.0042282096	-0.07641861	0.014136989	-0.009894981	0.0010109717	0.001244539	-0.0028646218	0.0022856763	-0.008792153	0.022805043	-0.039267674	-0.027864648	-0.07177246	0.0065562367
0.048344083	-0.04633048	0.061595842	0.01459116	-0.012366205	0.08712103	-0.078713484	-0.07972744	0.0033852304	0.07711895	-0.020239701	-0.07677285	0.025012633	0.036380976	0.08599717	-0.08997357
0.02644332	-0.00128589	0.087331615	0.012752337	-0.061265267	0.075673245	-0.0004989768	-0.022065012	0.08234228	0.062014773	-0.02431046	-0.057846434	0.05430981	0.041736428	-0.0053713834	-0.0065104207
0.05608616	-0.005644468	0.014066939	0.042051867	-0.08984298	0.078181125	-0.030653356	-0.01230746	0.08471126	0.04593014	-0.054467097	-0.06929663	-0.0041662175	0.016552009	0.06343998	-0.0038973414
-0.089048624	0.06527072	-0.04295206	-0.068423316	0.053177264	-0.060816534	0.036514994	0.041989222	-0.03619027	-0.081308395	0.0047399723	-0.01022845	-0.02327226	-0.024697624	0.0005425253	0.017368922
-0.0005806146	0.04310453	-0.08494408	-0.03036735	0.015916163	-0.00076586683	0.018794129	-0.0037015774	-0.009475086	-0.07970174	0.031708263	0.013419748	-0.042200837	-0.022323247	-0.037785433	0.03914735
-0.01748886	-0.009159144	-0.072614454	-0.011762772	0.09466061	-0.00023259051	0.005998578	0.08076284	-0.07848579	-0.07704066	0.06846429	0.08371874	-0.01850726	0.00050599605	-0.0013751058	0.03176129
0.0029370992	0.08136823	-0.056683492	-0.047750954	0.045924954	-0.04304909	0.06119301	0.062404864	-0.09902229	-0.058945663	0.06033079	0.06582256	-0.034576274	-0.08665478	0.008983673	0.042511124
-0.025088247	0.049806423	0.011309125	-0.051932927	0.035422675	-0.023386583	0.08412952	0.030970857	-0.009576365	-0.020849776	0.040006418	0.061388582	-0.035619415	-0.060583685	-0.019168233	0.06718996
-0.036663976	0.012069181	0.0117165195	-0.06940795	-0.0068395576	-0.029029708	0.03730849	-0.0037551867	-0.05297064	-0.067155786	0.06794101	-0.01129095	-0.06321233	-0.05827271	-0.020351639	0.039721683
0.043085612	-0.022235768	0.05696195	0.07592422	-0.07970607	0.076552644	0.0033189722	-0.04315481	0.07016972	0.05121349	-0.014628808	-0.009764118	0.05253893	-0.005981178	0.027525838	-0.08943446
0.06725133	-0.056489304	0.011815987	0.0037583879	-0.059653863	0.081929885	-0.041866973	-0.026427746	0.06871163	0.04523996	-0.066107124	0.00016008921	-0.0025238004	0.08652595	0.02471779	-0.05882122
0.0671768	-0.02931914	0.07271666	0.039022665	-0.007959635	0.010233474	-0.024477111	-0.062836096	0.07779642	0.08890594	-0.068565816	-0.08533228	0.053918295	0.04904669	0.04473485	-0.07622989
0.07928138	-0.038704585	-0.0056383284	0.038968664	-0.07540414	0.07271548	-0.059140008	-0.06521575	0.07698176	0.05860882	-0.08652329	0.0032328097	0.010710478	0.06618488	0.059188977	-0.02713833
0.08144516	-0.003490797	0.02066212	0.01826981	-0.090095244	0.07298518	0.009107612	-0.033184696	0.06755018	0.038762283	-0.020149074	-0.03283918	0.07091577	0.04857599	0.018398318	0.0017381744
0.08995052	-0.0002772289	0.05457762	0.024880655	-0.028551135	0.019135004	-0.055329848	-0.032012656	0.055375278	0.014427721	-0.049513806	-0.074918225	0.07824616	0.01637958	0.065903686	-0.091305345
0.030555455	-0.08158029	0.088124976	-0.007285138	-0.058312144	0.019534938	-0.037096128	-0.07299904	0.09644418	0.07121374	-0.0007341759	-0.004819408	0.015828015	0.05725468	0.014759894	-0.0063154367
0.05263096	-0.03360593	0.06711216	0.057628874	-0.009296806	0.07683518	-0.08911442	-0.07563235	0.055086084	0.05273348	-0.004398863	-0.0067297206	0.053144716	0.07976746	0.083798364	-0.057865206
0.07842858	-0.037464995	0.084511526	0.04919521	0.0168136	0.061631024	0.005276578	-0.050803516	0.038694426	0.08499713	-0.050310247	-0.00021784147	0.04083812	0.07863568	0.07503683	-0.0044294405
0.017134937	-0.003970106	-0.0015233852	-0.013767405	-0.06853445	0.03647294	0.004850673	-0.07448084	0.04994608	0.06299999	-0.02467668	-0.026794247	0.009800759	0.040704906	0.020634899	-0.02394873
0.087680005	-0.038098317	0.03829087	0.077123865	-0.04510852	0.06471373	-0.08100209	-0.043711554	0.02935149	0.07035616	-0.07705144	0.0036451898	0.035374533	0.012579101	0.015493952	-0.08587618
0.027040558	-0.024912644	0.050460298	0.07264784	-0.09000165	0.039690964	0.004037745	-0.03098688	0.006230524	0.06299866	0.0036221184	-0.034381624	0.03324092	-0.0038032138	0.0054995115	-0.072798215
0.020992534	-0.017106503	0.0687735	0.029986849	-0.01845967	0.030248346	-0.016690295	-0.044661913	0.07682393	0.07129313	0.00022519953	-0.07691925	0.038222555	0.03961726	0.07486427	-0.018828804
0.0064644753	-0.07538792	0.04834731	0.08107393	-0.07947928	-0.004914192	-0.004263037	-0.050106388	0.06574174	0.037313767	-0.013786597	-0.015536519	0.080517024	0.08497353	0.08844816	-0.016124785
0.0030593679	-0.021114513	0.043624025	0.063862525	-0.022195077	0.08279447	-0.061923765	-0.03082068	0.03499806	0.061155125	-0.055678327	-0.025094988	0.003274504	0.068553336	0.0833766	-0.08102635
0.05252842	-0.032711603	0.07662534	0.065466605	-0.066007495	0.007105916	-0.08045977	-0.028547825	0.018914321	0.07954487	-0.05708276	-0.071168244	0.043498624	0.06471164	0.037592858	-0.002766361
-0.041376542	0.046738286	-0.052010406	-0.040027842	-0.03562271	0.021137893	0.01715613	0.02156744	-0.052856386	-0.03744972	-0.027096365	0.047115915	-0.009093099	-0.046666946	0.010295367	0.017948847
0.026196914	0.04424777	-0.049782086	-0.051545754	0.0053841085	0.013845881	0.023258526	0.03351174	0.007833013	0.039365795	0.004786399	0.04108327	-0.022269735	-0.017436638	0.02827866	0.045915566
0.031801835	-0.008109302	0.013500071	-0.015064161	-0.03504799	-0.031577285	0.0098910015	0.014924472	-0.013929349	0.013342395	0.003387978	0.020552034	-0.034388512	0.03637407	-0.04862622	0.055582665
0.0028298078	0.057128046	-0.0143733965	-0.058539085	0.053297307	-0.038691018	-0.0013562863	0.041990574	-0.031695917	-0.048315648	-0.0020437918	0.05275057	0.012279472	-0.04985357	-0.023221819	0.024442235
-0.005729312	0.025313988	-0.07428239	-0.031305067	0.019336253	-0.0060882946	0.010927898	0.08084686	-0.04338171	-0.04432908	0.021999216	0.0014592789	-0.04799792	0.013763493	-0.03909902	-0.0045274366
-0.022829708	0.07556253	-0.06114224	-0.056004066	0.02436676	-0.054332495	0.06365794	0.04604952	-0.04791441	-0.039368447	0.037981387	0.059101433	-0.049696587	-0.010049044	-0.037145548	0.0016355952
-0.032435834	0.078666024	0.008315411	-0.029278906	0.0407523	-0.027881892	-0.009253802	-0.0021528662	-0.013384771	0.0071525895	0.056752972	0.0072198464	-0.054722816	-0.050800595	0.0010738209	-0.0012839152
-0.024399262	0.0046961433	-0.069963574	-0.019410577	0.032974865	-0.066213064	0.029634876	0.0788137	-0.070823446	-0.074197724	0.08138087	0.007833356	-0.07364988	-0.026055498	-0.07964609	0.057100654
-0.046647456	0.01801041	-0.07626932	-0.05855983	0.073499486	-0.03586345	0.007681215	0.017331278	-0.09318963	-0.029840218	0.029709365	0.07924697	-0.063516624	-0.059395093	-0.026282549	0.06289109
-0.0017084704	0.08505604	-0.05632798	-0.024118168	0.07233632	-0.0038870948	0.018589785	0.0506233	-0.07001579	-0.046399206	-0.0010423106	-0.016800001	-0.024476252	-0.05998871	0.013384873	0.055955995
0.07329745	-0.06257507	-0.0069611473	0.087023206	-0.0774465	0.0240284	-0.05316878	-0.085741825	0.048269745	0.040700976	0.0053698956	-0.056767605	0.06496802	0.05723734	0.08463274	-0.08432944
0.06711276	-0.03429399	0.052868757	0.018727526	-0.06514577	0.016057739	-0.004919	-0.05274162	0.087119386	0.059168402	-0.058785398	-0.063702606	0.0623634	0.0141443405	0.04183609	-0.000986396
0.039866734	-0.013838811	0.08013182	-0.0015704237	-0.044000294	0.036202114	0.002452201	-0.066981435	0.08662938	0.043667454	-0.008359085	-0.040511884	0.05191062	0.020386057	0.074601956	-0.013164776
0.05210632	-0.046265386	0.07159248	0.021492742	0.0010911048	0.0855087	-0.0810401	-0.08714922	0.06810111	0.06734093	-0.00025848066	-0.06315783	0.059357163	-0.0003782911	0.023077691	-0.011918839
0.07670212	0.010795945	0.029578775	0.024815287	-0.057365872	0.03554956	-0.039412525	-0.05558191	0.049138043	0.017834412	-0.084128544	-0.059781853	0.049872212	0.08179352	0.002934573	-0.09082131
0.019139094	-0.01962898	0.0017093088	0.032099474	-0.02798892	0.052161686	-0.04969584	-0.030471936	0.0035630912	0.061542287	0.0042256005	-0.037659947	0.04259963	0.07792949	0.037200376	-0.009109712
-0.012309141	-0.017876003	0.03562762	-0.014680983	-0.035565417	0.06033671	-0.07865679	0.0145158395	0.004242058	0.026126685	-0.026008718	-0.00046761933	-0.0016248687	0.04371137	0.013585776	-0.02423296
0.07006122	-0.020406958	0.030879632	-0.012996563	0.0039587673	0.055017754	0.0036898132	-0.019548928	0.052768428	0.0071760467	-0.03685656	-0.035149015	0.055476543	0.004454677	0.047159676	-0.037362482
-0.012069125	-0.008289961	0.068414524	0.022541938	-0.06458456	0.005973103	-0.0049934657	-0.002157085	0.07480256	0.020842006	-0.013921725	-0.03843129	-0.0062594395	0.07193024	0.013263982	-0.004689785
0.015232437	-0.08077824	0.05594204	0.02243026	-0.06370556	0.033102818	0.014055196	-0.051761825	-0.0056284303	0.08487064	-0.069189794	0.012770343	0.017389704	0.070589446	0.049117077	-0.021689232
0.0021379082	-0.0107217375	-0.004488734	-0.0024324658	-0.05325599	0.055760756	-0.06568432	-0.023643112	-0.014530811	0.030873088	-0.036993533	-0.03899681	0.061715726	-0.016910829	0.0081740115	-0.07933005
0.03735903	-0.06650449	0.01467403	0.030667745	0.0015708224	0.06787436	-0.03327348	-0.0010666187	0.0018226868	0.089087665	-0.04556581	-0.051576346	0.04069697	0.0070547233	0.07000007	-0.0029091875
0.014639601	-0.024965562	0.032267127	0.038763132	-0.055293057	0.028666232	-0.06469457	-0.02470667	0.0012618005	0.021970414	-0.035790905	-0.07681687	0.01728719	0.0433369	0.04301906	-0.086272605
-0.019017301	0.046247408	0.00867198	-0.051672876	0.07873887	0.009768742	-0.010956313	0.02117373	-0.047137823	-0.05854647	0.03398222	0.049420137	-0.062187947	-0.0013980434	0.006453959	0.07095703
-0.0052331374	-0.008283991	-0.020252561	-0.047019143	0.006818358	-0.032721624	0.04609514	-0.004694771	-0.04702824	0.0022336585	-0.013098249	0.008379767	-0.05041771	-0.08554779	-0.075894125	0.014253255
0.0014149739	-0.0048042927	0.06783036	0.03658918	-0.05244892	0.072301224	-0.08295449	-0.052492943	0.082284056	0.00520847	-0.052271068	0.0042741867	0.07180732	0.08387228	0.03906142	-0.013335301
0.079435535	-0.016753227	0.07845295	0.012123348	-0.04653068	0.009079864	-0.0009778369	-0.010839401	0.0857968	0.09183537	0.004152988	-0.060053334	0.019290091	0.036191855	0.018860454	-0.07042685
-0.025319811	0.0816839	-0.0056533185	-0.022043878	0.09117684	-0.04373283	0.014180987	0.041585907	-0.08478611	-0.082642004	0.07127534	0.028107954	-0.07423133	-0.038887497	0.004993297	0.07747911
-0.052948948	0.04850438	-0.06705241	-0.037388764	0.010728527	-0.010114767	0.06896966	0.07840075	-0.059554413	-0.040531557	0.011855682	0.028496841	-0.059364304	-0.004196775	-0.021172164	0.02406991
-0.014171912	0.026148211	-0.004742687	-0.07159981	0.024652235	-0.032899793	0.040868305	-0.009941916	-0.01938292	-0.047449272	0.051057704	0.034901895	-0.02490362	-0.0785184	-0.08290796	0.009953494
-0.06727375	0.040654164	-0.0038556147	0.008628696	0.028397903	0.009256711	0.06282563	0.07290276	-0.03728169	-0.033593744	-0.009103279	0.043310255	-0.0025016216	0.01276455	-0.004012167	-0.0091029545
0.009463642	-0.055953465	0.014861287	-0.0092346035	-0.07216062	0.073014386	-0.02705112	-0.07514614	0.08181982	0.0011625628	-0.030742371	-0.074393734	0.006313911	0.053892944	0.05489148	-0.062024795
0.035049092	-0.07797209	0.07012983	0.016582843	-0.023918487	0.039010234	-0.006875354	0.010800579	0.037064314	0.008610517	-0.08091668	-0.056245733	0.027400589	0.020106047	0.079566225	-0.08768736
0.05986081	-0.028255962	0.04833724	-0.00082504953	-0.012843341	0.060897358	0.0077287634	-0.06055396	0.041028734	0.09094793	-0.045552675	-0.055127267	0.064825855	0.055893343	0.06030472	-0.088303104
-0.006949739	0.049240775	0.0052455687	-0.03851471	0.07677818	0.0036866541	0.020080598	0.0591512	-0.09327811	-0.090718344	0.081693545	0.0062737805	-0.070785366	-0.016282143	-0.080708615	0.042048305
0.0007557908	0.07118166	-0.03131278	-0.083823	0.004188828	-0.014003294	0.08906071	0.07432319	-0.0034018275	-0.08226479	-0.00522709	-0.0019764523	-0.026225733	-0.017332368	-0.07186361	0.08525783
0.00092566136	-0.068534784	0.009627511	0.0733934	-0.00768215	7.906853e-05	-0.061727546	-0.068828166	0.039885923	0.010111948	-0.0052182693	0.0015031928	0.0023052583	-0.0021348246	0.03283847	0.010850344
-0.002187979	-0.019596653	0.0006412634	0.026598282	-0.046879977	0.055268046	-0.067283064	-0.060863268	0.006640586	0.0110669695	-0.043971118	0.0071234927	0.074472345	0.055664074	0.001848161	-0.046870872
-0.06320238	0.071771234	-0.061689336	-0.036209602	0.05519351	0.008408088	0.0830035	-0.009213257	-0.05274421	-0.07222752	-0.009066972	0.014625263	-0.036819655	0.0013817973	-0.0340662	0.0041663665
-0.08708139	0.036765765	0.007844395	-0.07327474	0.060706723	-0.023649193	0.006734318	0.0813899	-0.061634913	-0.08301321	0.044551697	0.01185874	-0.0025238504	-0.028726177	-0.075830705	0.035825104
0.009895491	0.07843852	-0.0635231	0.0043416168	0.023810072	-0.08354536	0.024186483	0.009707012	-0.05586788	0.0039104465	0.03951257	0.018693391	-0.0024650504	-0.075003855	0.008658753	0.053480323
-0.039017048	0.051799208	0.0045169047	-0.08070926	0.007330385	-0.07849792	0.04859605	-0.00030616188	-0.03131492	-0.036519993	0.06598406	0.0779057	-0.08007972	-0.043193296	-0.015801892	0.07634397
0.03249871	-0.08114794	0.072080515	0.06514883	-0.08465275	0.076973	-0.089409485	-0.08908616	0.040837094	0.055853236	-0.06642918	-0.013488193	0.05818717	0.021432819	0.034534823	-0.07107687
-0.06429442	0.02886466	-0.04886164	-0.013368515	-0.0062398836	0.0045692367	0.078093864	0.010216763	-0.054481078	-0.060333457	0.00216955	0.008247145	0.008883803	-0.02615462	-0.003996387	0.068667024
-0.035282232	0.0037261054	-0.053946506	-0.07475868	0.027173132	-0.060166325	0.0064858175	0.06302551	-0.0058437404	-0.058887582	0.015979083	0.008345302	-0.041043706	-0.008395237	0.0019041359	0.040121153
0.07550276	-0.027347341	0.010264737	0.036346007	-0.08442398	0.014365833	-0.014527221	-0.029102068	0.10232378	0.010850896	-0.068493314	0.0061103194	0.086846486	0.06525164	0.014425125	-0.051499315
0.018141877	-0.039582048	0.03645948	0.008016242	-0.045235697	0.07591974	-0.006529002	-0.058862533	0.042174265	0.027796967	-0.030835977	-0.05330139	0.033087853	0.04659296	0.08539702	-0.031857397
0.09129657	-0.00061055075	0.032060258	0.06881061	-0.05311508	0.06793763	-0.05558551	-0.024944725	0.04217809	0.068268456	-0.07125415	-0.07477406	0.005584037	0.023629691	0.04038689	-0.05663421
0.075467385	-0.08312006	0.051039156	0.046576727	-0.035989553	0.04307298	-0.024292044	-0.07704221	0.08309577	0.044159375	-0.05459775	-0.03496655	0.009983499	0.0823423	0.020052288	-0.076312244
-0.06018198	0.048893914	-0.0055283397	-0.02799324	-0.0028481637	-0.061571572	0.0037775624	0.06410683	-0.07209282	-0.030024314	0.042968128	0.022167051	-0.08195468	-0.00082700007	-0.08460149	0.0295409
-0.03879993	0.0023404057	-0.08244609	-0.0034784807	0.01247858	-0.021322342	0.0705805	0.044203773	-0.069064595	-0.028541481	0.0059457133	0.08083999	-0.009239934	-0.07240026	-0.0018141012	0.08047103
-0.0042963526	0.08067637	-0.060075115	0.003667384	0.08924868	-0.037096467	0.08068621	0.052719705	0.0018148434	-0.058796044	0.050810028	0.006392035	-0.0751535	-0.071065836	-0.050455123	0.02448126
-0.028771348	0.042946186	-0.002173163	-0.083094366	0.060087964	-0.026397033	0.03328767	0.06288959	-0.04255221	-0.0044144895	-0.006847316	0.026992105	-0.034903467	-0.048333652	0.009026012	0.012424577
-0.000105433355	-0.023042312	0.030970668	0.068965785	-0.09553736	0.013983065	-0.029015938	-0.003188551	0.09568879	0.037110455	-0.03786643	-0.054713927	-0.0033273117	0.07192302	0.032934185	-0.048147827
0.08374389	0.0040705833	0.016281271	0.08401817	-0.017744012	0.021956258	-0.033734553	-0.041189894	0.09175461	0.009223552	-0.0882204	-0.04637328	0.017732812	0.015470444	0.08405187	-0.03335372
-0.023417644	-0.0057977657	-0.08237177	-0.08460216	0.029126024	-0.056806326	0.04591066	0.014947146	-0.058110993	-0.04458924	0.052784752	0.08282757	-0.01897395	-0.046253853	0.006905134	0.033602126
-0.077008635	0.08196456	-0.030536339	-0.06711922	0.04402765	-0.012911816	0.06777719	-0.007894989	-0.0080496585	-0.07711002	0.008602919	0.033885524	-0.05910776	-0.06754847	-0.012748276	0.036818754
0.042267002	-0.07312272	-0.011821377	0.03468279	0.00026474224	0.045210913	-0.048962735	-0.009891402	0.08825294	0.0070004156	-0.033966392	-0.008205326	-0.0007514643	0.09013415	0.013631622	-0.01238435
0.04516154	-0.023967212	0.058586165	0.012671875	-0.07739135	0.04768162	-0.072872214	-0.01976008	0.053951636	0.017385036	-0.007032883	-0.045813903	0.0007116061	0.0060209082	0.0078054443	-0.016201358
-0.06782348	0.07751185	-0.0733911	-0.05884397	0.01867121	-0.0747066	0.020330591	0.032183513	-0.038901962	-0.08813252	0.053487934	0.024550643	-0.022905147	-0.081900164	0.008325375	0.019806573
-0.0028413276	0.04195129	-0.08064857	-0.025936099	0.0070213494	-0.08124672	0.08205104	0.028210938	-0.030327331	-0.06902575	0.023943221	0.06806805	-0.036925558	-0.016444469	-0.067431636	-0.002353619
-0.084613465	-0.0121032875	-0.0755977	0.004196101	0.020713752	-0.029663626	0.013247541	0.039075773	-0.05546342	-0.073670104	0.0007570423	0.066790864	-0.071442135	-0.0055575087	-0.054726187	0.008525116
-0.035533644	0.06260772	0.0038179425	-0.045320943	0.0073717595	-0.07858473	0.0064370977	-0.0074290987	-0.040423896	-0.04836035	0.04459589	0.058657505	-0.05642879	-0.02771718	-0.07526916	-0.014588945
-0.0011982676	-8.625705e-05	-0.06294712	-0.004683677	-0.015795568	-0.035472766	0.08771095	0.06332603	-0.08396312	-0.013481368	0.018280402	0.051494513	-0.06458186	-0.04737168	-0.050746955	0.06466636
-0.092327155	0.03799347	-0.029775875	-0.07681365	0.068276726	-0.033967953	0.043913037	0.055971265	-0.079507105	0.0020628525	0.030679736	0.07319095	-0.041629735	-0.022186324	-0.02675777	-0.0022881343
0.001316526	0.018889504	-0.009169692	-0.08291946	0.054245297	-0.022138739	0.037349485	0.00020119059	-0.025064992	-0.0404638	0.05831902	0.06126358	-0.022810584	-0.06826957	-0.018265238	0.05441834
-0.030334434	0.0567453	-0.054511704	-0.038268235	0.07197511	-0.01629365	0.07475379	0.064090125	-0.07179214	-0.016418077	-0.011538779	0.009000324	-0.054415174	-0.03242561	-0.020594852	0.024706954
-0.08116658	0.068452656	-0.07547108	-0.07974265	0.02115318	-0.034488518	0.049707577	0.033630673	-0.015085394	-0.005724618	0.046329405	0.05925442	-0.0073647182	-0.072287716	-0.03330507	-0.005289591
0.0037692292	0.04069139	-0.07184217	-0.01983777	0.037196554	-0.07919054	0.0034200118	-0.009023712	-0.026887473	-0.01909837	0.06380529	0.07914641	-0.020424893	0.006171282	0.010102072	0.07610283
0.008334271	-0.0022971476	-0.04657484	-0.01842804	0.0827482	-0.06893795	0.0048984922	0.056679126	-0.04975731	-0.080885805	0.026020043	0.07340818	-0.046141036	0.008074099	-0.08207379	0.017313968
-0.08272132	0.027900873	-0.03725909	-0.06248202	0.029399706	-0.01760643	0.017399766	0.036890037	-0.026770275	-0.05607697	-0.015768435	-0.00018014347	-0.008093134	-0.013644846	-0.020058518	0.07166827
0.06318812	-0.06717648	-5.669458e-05	0.06850736	-0.092502356	0.08949295	-0.074296966	-0.02107717	0.0030610452	0.068183325	-0.015184339	-0.040330593	0.06753812	0.06946347	0.06567118	-0.08843239
0.027436672	-0.0416774	0.00867193	0.07454885	-0.075798504	0.08413365	-0.03748581	-0.009689012	0.032796595	0.014010545	-0.056754563	-0.06579814	0.083302565	0.068829514	0.0382674	-0.07575164
0.060054097	-0.06466587	0.019905023	0.038775545	0.0021643771	0.0024717052	-0.08914236	0.0035289803	0.09284571	0.054930795	-0.063252985	-0.0868989	0.077171974	0.08742295	0.0861756	-0.02307321
0.036222566	-0.026852438	-0.006907948	0.00859523	-0.09709339	0.04165108	-0.019128583	-0.018396024	0.036577713	0.017803041	-0.086429	-0.008628844	-0.0055475514	0.01796941	0.07049257	-0.017736873
0.084183566	-0.028890492	0.0558195	0.0153452875	-0.08437149	0.073691905	-0.055813584	-0.076379605	0.054537527	0.06820048	-0.022660403	-0.046986084	0.0026830868	0.07888832	0.02802859	-0.08960483
0.0005411256	-0.02485014	0.033629995	-0.0074141663	-0.080973044	0.07878047	-0.019061044	0.0067355223	0.06027525	0.010791195	-0.05526593	-0.057968896	0.006831375	0.078487866	0.040503766	-0.03178381
0.058381908	-0.08252874	-0.0068476675	0.05880848	-0.07289639	0.023218079	0.010298682	-0.0052079726	0.037636723	0.060929876	-0.016043177	-0.058455948	0.034903962	0.057023644	0.06563917	-0.006263492
0.09032239	-0.0377407	0.05091514	0.0671748	-0.0557571	0.08402053	-0.031055762	0.0032583661	0.08675403	0.0448608	-0.06559103	-0.05652932	0.0071371603	-0.00041781325	0.032892656	-0.041190278
-0.0013096607	-0.061079625	0.085623495	0.077497564	-0.02483543	0.018681953	-0.0065835584	-0.018326795	0.040540017	0.054700036	-0.035236154	-0.0006739907	0.045971833	-0.0045508505	0.07777822	-0.0580124
0.003804966	-0.035610538	0.032184865	0.05309184	-0.027410813	0.048995633	-0.037543878	-0.052602865	0.06348511	0.0028203516	-0.07755706	0.009069242	0.024292786	0.07184478	-0.0072410963	-0.023393542
0.022654498	-0.030806838	0.029354187	-0.0037485007	-0.06986059	0.028711237	0.0080430955	-0.031078879	0.048347626	0.049958233	-0.046720795	-0.06942067	0.041390482	0.083352506	0.054724842	-0.027933912
-0.004161345	-0.06154807	0.011969294	0.03530379	-0.016186923	0.0344319	-0.04138141	-0.075066	0.040795926	-0.0019609109	-0.01979937	-0.059494555	0.063001424	0.08044893	0.007239603	0.0072344015
0.024609283	-0.036002044	0.03744032	0.028684	-0.053704243	0.06582381	-0.0071583493	-0.061098948	0.057427324	0.075609624	-0.052514188	-0.019565672	0.033705212	0.028794438	0.052671768	-0.007433395
0.041783318	-0.05280443	0.042249575	0.05823797	-0.03247546	0.01140719	-0.029970516	-0.077629276	0.034165893	0.0770968	-0.06918751	-0.03856836	0.021272492	0.014688771	0.025034497	-0.025552073
0.0041153566	-0.02351775	0.034511827	0.057465002	-0.0068082465	0.08014537	-0.07210264	-0.08249511	0.028145175	0.059502482	-0.02164689	-0.0487179	-0.00015733759	0.018702125	0.07310551	-0.07865351
0.06661374	-0.058219466	0.0545452	0.0751396	-0.07650917	-0.00022286977	-0.04196385	-0.035704825	0.05835452	0.071265325	-0.026566975	-0.0833708	0.07342784	0.013381926	0.020796305	-0.058574367
0.027418654	-0.077280514	0.022201149	0.013864271	-0.054441765	0.041365277	-0.0616022	-0.05859385	0.09185737	0.064542346	-0.053768966	-0.053467393	0.051346365	0.03109766	0.0800734	-0.06508718
-0.0035780577	-0.074961	0.0009176756	0.017304866	-0.009710883	0.033884842	-0.0644732	-0.02383559	0.008978441	0.059209432	-0.03179885	0.00059637637	0.0069894185	0.027649984	-0.009503153	-0.044980418
0.019989694	-0.042796753	0.060933836	0.026646405	-0.023167145	0.07580702	-0.032099664	-0.002827915	0.09282144	-0.00037919657	0.0074394266	0.00078490644	0.014964978	0.0573711	0.050666384	-0.008779646
-0.0027751396	-0.03026024	0.07531173	-0.009253621	-0.030621424	0.04031721	-0.08915083	0.00038828817	0.030798798	0.014310819	-0.0455656	-0.059797496	0.07132919	0.0095031485	0.004727033	-0.05580987
0.0510358	-0.013820061	0.039276306	0.038632046	-0.028213672	0.0036890998	-0.07639277	-0.040700573	0.071359634	0.06865502	-0.03876273	-0.081075124	0.027775709	0.004067869	0.071953155	-0.018036438
0.045665532	-0.013832534	0.0062141195	0.059584368	-0.01580467	-0.004735354	-0.009556751	-0.0020386546	0.033562656	0.0504616	-0.08932218	-0.024141485	0.0743883	0.09034076	-0.011013858	-0.00040718826
-0.041092657	-0.006129043	-0.01326478	-0.043542154	-0.0041781412	-0.040032852	0.016302187	-0.010509537	-0.03633576	-0.058615718	0.052795503	0.040796626	-0.05341317	-0.0711287	-0.059766773	0.04190958
-0.029085083	0.015709955	-0.012556553	0.004740302	-0.018325426	-0.022866223	0.055225845	0.013183146	-0.047088634	-0.08443592	0.016149363	0.04959733	-0.041662533	-0.0045836815	-0.028033614	0.03760162
-0.039095394	0.006105666	-0.0057135206	-0.0060444265	0.00881787	0.0016222523	-0.0023360383	0.026689265	-0.045263816	-0.006363676	0.07214183	0.046583522	-0.055787694	0.0014457171	-0.016315162	-4.478671e-05
-0.011254987	0.017687945	0.013029248	-0.054968093	0.016369317	-0.022819849	0.07561261	0.014081086	-0.081614405	-0.082378715	-0.008460833	0.03470231	-0.06907032	0.017004788	-0.076464795	0.035512272
0.038134746	-0.07699608	0.06482059	-0.0024771462	-0.077976815	-0.0066484	-0.021531804	0.009101285	0.05407671	0.07734973	-0.016616384	-0.08254565	0.04001409	0.025814932	0.013389363	-0.018616779
0.041989744	-0.04442823	0.035871755	0.0031284352	-0.04794185	0.049271166	-0.08383807	-0.023651827	0.016131302	0.08599173	-0.013714489	-0.05992694	-0.0020913335	0.041580893	0.08389947	-0.077322625
0.05566814	-0.05747903	0.07550189	0.04977122	-0.06492531	0.0030440562	0.0073889047	0.0042484268	0.055300627	0.026047265	-0.031535484	-0.055674553	0.02058683	0.01028426	0.034197856	-0.028639367
0.0037121589	-0.06738391	0.011991714	0.035942063	-0.016484024	0.08830115	0.0073483977	-0.013006833	0.017214252	0.02533612	-0.08507121	-0.001047272	-0.011462567	0.07025455	0.07165266	-0.07758845
-0.036832888	0.009018092	-0.05378934	-0.024981111	0.08423746	-0.029079013	0.04279792	0.07614658	-0.09258156	-0.06827761	0.08191748	-0.0045816726	-0.05396408	0.013129592	-0.025429172	0.027105594
-0.059585553	0.036697738	-0.076664284	-0.021730892	-0.0014685346	-0.035844628	0.010757816	0.062393967	-0.04797271	-0.063519485	0.04015495	-0.001596614	-0.004366203	-0.013255236	-0.042238094	0.069427
0.0063416683	0.012495463	0.015283977	-0.07286661	0.07881821	0.01245414	0.031835288	0.0019681654	0.0025448797	-0.032334886	-0.006883181	0.043711297	-0.032022003	0.005704176	0.010808182	0.07312889
-0.0272062	0.07664339	-0.0751162	-0.049959715	0.060498126	-0.020968193	0.021511318	0.015845498	-0.05881055	-0.038739953	0.02323308	0.072639294	-0.067155905	-0.0011722283	-0.055776212	0.054144893
0.03809298	-0.016763149	0.054107703	0.030631553	-0.008377021	0.044583365	-0.048965663	-0.086003825	0.07944974	0.083337836	-0.061962504	-0.05284132	0.04530797	0.03764824	0.035744723	-0.08152851
0.04898058	-0.051145226	0.05093278	0.049013156	-0.014431724	0.041817136	-0.03698305	-0.07670195	0.010349448	0.07021926	-0.054040033	-0.030509887	0.07292364	0.045544825	0.07583314	-0.019121043
0.06146265	-0.05008594	0.06534714	0.030696606	0.0008372657	-0.0043271095	-0.028715728	-0.056852132	0.09425543	0.054504503	-0.035720646	-0.026979769	0.02157319	0.037401654	0.0017697987	-0.07032026
0.030241486	-0.05383368	0.07814858	0.07651513	-0.028320465	0.0088970205	-0.00878602	-0.06880384	0.046987496	0.06991292	-0.07851643	-0.060425293	0.058254354	0.038718283	0.0070559666	-0.07171428
0.003121679	-0.032858424	0.05662638	0.084380515	-0.0061874557	0.048929088	-0.06275231	-0.006286626	0.027991261	-0.00077521947	-0.067259975	-0.008110838	0.03337046	0.008349668	0.07163581	-0.06578769
0.0025593247	0.024698786	-0.055783864	0.007782811	0.049536828	-0.074903704	0.049319994	0.024037343	-0.07333959	-0.012383121	-0.0041735847	-0.003880545	-0.048967242	-0.038367767	-0.052027024	0.043998938
-0.08007315	-0.013951719	-0.019708699	-0.0192916	0.08171324	-0.028467191	0.010314243	0.005920477	-0.03677307	-0.027637525	-0.0060676546	0.023374863	0.017733451	-0.008839831	0.010868389	0.026864113
0.049523868	-0.00746082	0.07417766	0.054514248	-0.069878586	0.042597353	-0.054992218	-0.06073287	0.005114366	0.011252732	-0.003048778	-0.06117299	0.017901285	-0.0054006227	0.019864801	-0.04516325
0.047460176	-0.0026731743	0.06429786	0.036743134	-0.028904993	0.050537948	-0.032019947	-0.063663095	0.07232309	-0.00013670098	-0.01023462	-0.005517656	0.03367124	0.015199589	0.05386709	-0.046121515
0.061375573	-0.014742204	0.026744472	0.036794037	-0.017777521	0.035154477	-0.025823865	-0.08085965	0.018253705	-0.00050690665	-0.07535326	-0.026245974	0.08831801	0.067933954	0.014791059	-0.073596366
0.07313289	-0.014745534	0.043636438	0.084931254	0.006264106	0.011961308	-0.0007292971	-0.06684681	0.032940004	0.083397545	0.00907304	-0.05170209	0.06341389	0.046029456	-0.0011388867	-0.05061732
0.06379508	-0.07151	0.02659022	0.024990557	-0.044866215	0.05633615	-0.037205786	-0.007861986	0.04574515	0.042050876	0.008558118	-0.003239132	-0.008149359	0.03794431	0.07152999	-0.008343632
0.0055228104	0.0034320226	0.08129574	0.07612061	-0.012668238	0.064954996	-0.08688425	-0.06541517	0.013650119	0.06408602	-0.0034180789	-0.07972782	0.087519005	0.017504785	0.052952964	-0.051078748
-0.0020237032	-0.0675806	-0.007866978	0.037051223	-0.058056384	0.012016484	-0.007199199	-0.056741267	0.08452999	0.056080855	-0.066997744	-0.05377526	0.060575385	-0.0027759774	0.021825211	-0.068618044
0.030836899	-0.08964058	0.03174888	0.0123348795	-0.004050964	0.059164777	-0.034259547	0.007408213	0.08349834	0.037778955	-0.037225634	-0.042912297	0.018385826	0.06097683	0.010096946	-0.032979876
0.08363515	-0.081580825	0.017601574	0.03521886	-0.086410485	0.089766346	-0.050927408	-0.06330379	0.06596689	0.05124442	0.0026608575	-0.03699946	0.06967892	0.022127585	0.07375016	-0.015470932
-0.023377096	0.06777169	0.0005714622	-0.06400085	0.053304262	0.008974341	0.080042176	0.020112166	-0.070034	-0.02543591	0.03182319	0.08140111	-0.074326806	0.011379285	-0.044596393	0.0338321
-0.08774627	0.0005310224	-0.073937386	-0.044150718	0.030592293	-0.069055974	0.008451843	0.06716335	-0.06227167	-0.037467517	0.08573584	0.059424933	-0.051667735	0.005065376	-0.025857875	0.01766742
-0.050880343	0.013891677	0.005323483	-0.0519966	0.007242532	-0.0851396	0.04515759	0.05307519	-0.05483511	-0.07798626	0.072452664	0.04629011	-0.02138484	-0.009424344	-0.021442613	0.055253234
-0.006359744	-0.004530846	-0.030435512	-0.045764197	0.011602718	-0.053203583	0.07412788	0.035834707	-0.047642168	-0.04169163	0.06581304	0.0035758268	0.0017999931	-0.08013139	-0.073588125	0.0103520835
-0.047635116	0.004971358	-0.042014204	-0.06725887	0.091205925	-0.08829696	0.042132378	0.014293226	-0.09575466	-0.092095524	0.04251586	0.05732386	-0.01923627	-0.03278263	0.0052523697	0.04888642
0.07573207	-0.0825652	0.013687416	-0.0019330739	-0.074849494	0.05620361	-0.0072834026	-0.005959443	0.03992786	0.0033775158	-0.034707803	-0.061362322	-0.008254763	0.03724673	0.050563883	-0.067282856
0.04216846	-0.044030588	-0.0032046945	0.045050196	-0.081076406	0.021066418	-0.07692558	-0.015698258	0.05441923	0.030189425	-0.0107213035	-0.06988682	-0.013734407	0.029996919	-0.004985864	-0.041372325
0.07135577	-0.07472991	0.0515156	-0.0025995898	-0.008056602	0.017999584	-0.021192983	-0.0019896354	0.073633395	0.06867907	-0.044691425	-0.08474235	0.016403586	0.02354852	0.032360304	-0.085827835
0.07754594	-0.019062294	0.019640215	0.07788764	0.00257273	0.042820536	-0.06722976	-0.08198795	0.03537373	0.045691192	-0.07371924	0.001159706	-0.0008709832	-1.972058e-05	-0.00026043042	-0.0124494815
-0.05643461	-0.0024326423	-0.054729335	-0.04540556	0.00091677025	0.00533146	0.035432424	0.08691375	-0.08573628	-0.01010059	0.040541552	0.07763367	-0.065104276	-0.05928995	-0.0632099	0.08165204
-0.04398294	0.07168438	-0.025582273	0.0002078842	0.05784797	-0.051327843	0.0006606328	0.0145780975	-0.007881878	-0.017319331	0.074084334	-0.0043288013	-0.0039463667	-0.029007483	-0.023193022	0.043374643
-0.013535296	0.08305729	0.0035045312	-0.086104415	0.037018325	-0.04288199	0.056559224	0.07940024	-0.023707438	-0.035340175	0.034786966	0.07723291	-0.023810439	-0.055294815	-0.04834719	0.072491
-0.07200617	-0.009495882	-0.018210176	-0.08343188	0.07230468	-0.031643897	0.05689165	0.0646285	-0.011772534	-0.06958444	0.055846952	0.018026603	-0.07839616	-0.042962898	-0.032902416	0.07945687
-0.0016750564	-0.060882803	0.020301957	0.001367856	-0.023327783	-0.007878839	-0.046288658	-0.014474807	0.04763327	0.08431292	-0.06481429	-0.041401546	0.024945155	0.043755766	0.05408915	-0.053228196
0.058644477	-0.058026038	0.02794937	0.08410398	-0.041586973	0.014035258	-0.03774623	0.0002062192	0.09350402	0.052804857	-0.006981135	0.0051163905	0.031823434	0.046476413	0.07827154	0.0034360564
-0.07210912	0.058224153	0.008498314	-0.028062467	0.06427154	-0.054678164	-0.001157518	0.010271368	-0.050171226	-0.039632633	0.0855211	0.004000666	0.009902618	-0.06627503	-0.048965286	0.0006188261
-0.019333234	0.07374219	-0.07952479	-0.0036549098	0.0049391133	-0.06741041	0.04902881	0.010291714	-0.083816186	-0.03649373	0.031566303	0.08035722	-0.07724996	-0.0358993	-0.032423727	0.080467135
0.032334037	0.0065007573	0.00031652546	0.0597569	-0.010671372	0.072580546	-0.058782324	-0.020010635	0.07754161	0.04192264	-0.003703231	0.005830668	0.07075172	0.04046302	0.03703621	-0.01248203
0.045220263	-0.021489913	0.0017542338	0.07243781	-0.0052289865	0.0874222	-0.009127789	0.0066028084	0.016446652	0.09109964	-0.0077344733	0.0050197206	0.0038738325	0.05797668	0.033945266	-0.06448174
0.043936655	-0.027403932	0.04610374	0.02422481	-0.030022966	0.08257915	-0.024519622	-0.017873634	0.087724514	0.05674323	-0.08111389	-0.05066623	-0.0059468267	0.08230189	0.061551187	-0.055347335
0.0023886964	-0.007434007	0.077126086	0.06313416	-0.017080588	0.05115529	-0.08577853	-0.013824654	0.038585216	0.08986687	-0.04105284	-0.0085818935	0.081549674	0.07326403	0.007589414	-0.07234279
0.08087666	-0.025848333	0.028105631	0.05716362	-0.038929284	0.038272403	-0.034875747	-0.0851988	0.091405824	0.021688363	-0.00722609	-0.079700895	0.013626572	0.06443722	-0.00061951455	-0.07425065
0.023685869	-0.032108698	0.042323176	0.06211185	-0.020898094	0.08932897	-0.07339786	-0.08098403	0.06199129	0.026688825	-0.049727626	0.0025356174	0.07186302	0.0110767195	0.08121316	-0.07099921
-0.0664034	0.07291706	-0.036988072	-0.05758079	0.0017358038	-0.04456724	-0.0010291808	0.045801133	-0.011478867	-0.026303861	0.06355438	-0.007621543	-0.06273061	0.025400614	-0.016133925	-0.02261112
0.08999835	-0.037223693	0.06754444	0.01505821	-0.06729787	0.092632234	-0.012090837	-0.06550604	0.04108835	0.09550448	-0.026888931	-0.0370093	0.025762005	0.035876937	-0.0077432375	-0.050903022
0.07272668	0.004887897	-0.0059216116	-0.002519957	-0.07669917	0.019196428	-0.046500266	-0.06612016	0.06741453	0.07382527	-0.048598904	-0.014447453	0.087943226	0.040235206	0.043996274	-0.022417327
0.08423071	-0.011094173	0.074318275	0.047057547	-0.048020083	0.030342206	-0.08576156	-0.05742715	0.0580989	0.057984844	0.004647732	-0.067059726	0.02720654	0.013119299	0.06838506	-0.09101181
0.05489133	-0.077608824	0.026531084	0.021283835	-0.08546686	0.06647449	-0.053049017	-0.072564386	0.07922205	0.015228236	-0.08480664	-0.002448138	-0.006327113	0.06399439	0.0023484186	-0.051980525
0.09161128	-0.023820456	0.06921766	0.03915115	-0.017338496	0.07970562	-0.04223734	-0.06510287	0.023427494	0.05299127	-0.08208334	-0.038930867	0.030128706	0.0006531068	0.049056597	-0.006057312
0.046993077	-0.040035598	-0.0013842374	0.026776722	-0.053183746	0.046930607	-0.087669045	-0.06202242	0.06635365	0.029265083	-0.042262573	0.002279722	0.032465473	0.074856654	-0.011405096	-0.022108555
0.07973285	-0.018028112	0.044195093	0.07749858	-0.06397365	0.07695174	0.006832711	-0.027586045	0.051036797	0.08687325	-0.022899177	-0.0835479	0.078338936	0.017199406	0.063901216	-0.021053381
0.064686485	-0.012752945	0.045271315	0.05982638	0.0011376704	0.0034875593	-0.050067037	0.010157437	0.090807594	0.028466458	-0.033502873	-0.038880117	-0.0042902566	0.0142208645	0.08134249	-0.09016537
0.024048116	-0.0014442075	0.062271215	-0.006238462	-0.07412505	0.091496214	-0.0013733967	-0.028053531	0.06951934	0.07816942	-0.008182026	-0.034771528	0.006878673	0.04947508	0.0056990595	-0.08965398
0.05214704	-0.010170938	-0.007852654	0.06247116	-0.023561202	0.090469494	-0.08938681	-0.06624659	0.06349351	0.024932254	-0.07336383	-0.0104557965	0.015190333	0.059489235	0.056911387	-0.016818045
0.044739176	-0.014840682	-0.004724749	0.06003912	-0.0357869	0.0041319076	0.0068763327	-0.014796566	0.034384508	0.082318656	-0.014444085	-0.070314944	0.074493855	0.011180408	0.010096091	-0.04103993
0.035127677	0.00020480105	0.039830867	0.07422965	-0.07328645	0.07465201	-0.06245849	-0.029011043	0.082412906	0.0020743802	-0.06217806	-0.002674351	-0.0066035697	0.079986945	-8.7247463e-07	-0.0929371
0.030415732	-0.02327583	0.07381168	0.037318762	-0.06891175	0.0023220484	-0.01183562	-0.012943029	0.05108637	0.047464274	-0.053424165	-0.081407815	0.02227758	0.061353557	0.087201536	-0.08601358
0.034032054	-0.008501825	0.071258955	0.047511257	-0.081148915	0.0410722	-0.08383274	-0.010671154	0.068584956	0.012132282	-0.048507143	-0.025688104	0.08667233	0.07377266	0.063186504	-0.081636645
-0.06388501	-0.00090112514	-0.079344824	-0.04039216	0.07895997	-0.044487577	0.00549356	0.027450847	-0.0013217977	-0.029046597	0.009015026	-0.01464885	-0.05593504	-0.072208755	0.004949028	0.06084773
-0.029521309	0.074241176	-0.0670311	-0.05225358	0.017881058	-0.028297607	-0.013114926	0.07507862	-0.07510495	-0.031126244	0.05436236	0.0104999505	-0.06668067	0.010255848	-0.007773546	0.034472864
-0.011268835	-0.008797826	0.07073444	0.0703448	0.0027057836	0.06697683	-0.043961864	0.003967507	0.0752125	0.0131913405	-0.044238485	-0.008351078	0.01242206	0.004600103	0.022579776	-0.04426766
0.009964282	-0.04104004	0.060472474	-0.00022965553	0.007262377	0.042768233	0.015449166	-0.06992625	-0.004313343	0.036605906	-0.04371947	-0.056889102	0.07250624	-0.013159358	-0.0034043519	0.016765669
0.051018763	-0.073443055	-0.009966835	0.038362537	-0.035362814	0.0070009744	-0.023459544	-0.030619416	0.0018340958	-0.005078744	-0.040925074	-0.019516218	0.0428695	0.06492533	0.04707056	-0.07686894
-0.03680912	0.013177183	-0.047418203	-0.04262794	0.039787997	0.004779196	0.08254594	0.06799455	-0.07155983	-0.00022863633	0.0065011526	0.040716697	-0.056556348	-0.0064997775	-0.075398564	0.036911074
-0.01886517	0.08122864	-0.019027736	-0.00016929745	0.019097213	0.004439572	-0.0065284222	0.042541	-0.009331948	-0.0014413596	0.045437403	0.00046948783	-0.067662716	-0.0063235713	-0.05369237	0.01642414
0.01041994	-0.01011787	-0.052597232	0.0044720178	0.02962826	0.011586966	0.068400376	0.031215802	-0.00741441	-0.09125316	0.06844616	0.070775	-0.07877241	-0.082973175	0.0034295595	0.073742285
-0.07025688	0.010573691	-0.05465608	-0.03918259	0.006570386	-0.016898789	0.03828025	-0.0045437636	-0.062439356	-0.058295634	0.032132085	0.054680403	-0.015029994	-0.0047941757	-0.049804118	-0.0067837653
-0.074384935	0.02115898	-0.04055477	-0.026378514	0.013536468	-0.013084453	0.04217205	0.038110163	-0.062541634	-0.007663889	0.08223354	0.08042979	-0.03450959	-0.02599485	0.0012496901	0.0624178
-0.00015918021	-0.0060717	0.076608114	0.007912079	-0.047160495	0.079600796	-0.04341937	-0.049437948	0.026053833	0.004898923	-0.08973578	-0.021306535	0.081421725	0.064854465	0.061654486	-0.07974632
-0.05983841	0.06401044	-0.073862165	-0.032796275	0.08488774	-0.038338274	0.00029873755	0.067916885	-0.07495879	-0.03292572	0.06367876	0.025377903	-0.0502073	-0.05092934	-0.007315735	0.03974229
0.07670184	-0.07256009	0.07655501	0.009781936	-0.035350673	0.04400652	-0.025787165	-0.020770976	0.07395865	0.09462578	-0.00080584164	-0.060128152	0.023248134	0.08533286	0.01615461	-0.00970637
0.0899588	-0.062473983	0.053064562	-0.0009492491	-0.055784665	0.088940874	-0.069272704	-0.021181317	0.013107778	0.054368824	-0.021112014	-0.08644985	-0.009115629	-0.006421744	0.03484717	-0.0465209
0.044711366	-0.08576494	0.08213092	0.0215899	-0.04722516	0.03337907	-0.0101109985	-0.06423321	0.06461891	0.02882265	-0.07114457	-0.07505165	0.032121886	0.08972168	0.036484476	-0.05514512
0.054147463	-0.018201798	0.045117825	0.08171416	-0.08480057	0.07351974	-0.07283926	-0.067508966	0.044509906	0.07183072	-0.075784855	-0.03311521	0.07827322	0.031216474	0.025740094	-0.04591736
0.09235456	-0.06281086	0.081498295	0.01424839	-0.044490222	0.08259941	-0.02978281	-0.006300625	0.052290443	0.047327045	-0.015979448	-0.03980612	0.022573968	0.037073452	0.03164205	-0.0014763203
0.05406996	-0.05246679	0.03342885	0.069431506	-0.05951043	0.0115041295	-0.041483264	0.007616851	0.088920355	0.07697478	-0.0015192196	-0.084964976	0.019867258	0.050805937	0.035939567	-0.05856105
0.016813803	-0.0021595764	0.07345088	0.03074765	-0.049347702	0.032319468	-0.015767917	-0.061463706	0.019420622	0.0960495	-0.023726724	-0.05303918	0.084529065	0.05717991	0.0743675	-0.053710718
0.004037258	0.027428307	0.0018495669	-0.04031568	0.09428669	-0.07672595	0.0026577113	8.458598e-05	-0.057413563	-0.08913797	0.027307833	0.06751294	-0.016885411	-0.08298973	-0.06444638	0.0040948335
-0.064086184	0.004898881	-0.03220927	-0.030514171	0.011423893	-0.08879022	0.0022701968	-0.008528963	-0.058624715	-0.029209161	0.08212834	0.00058156456	-0.07656116	-0.038767733	-0.07044993	0.008324421
-0.07529462	-0.011513946	-0.033536877	-0.033085566	0.075837225	-0.087473094	-0.008454391	0.0011038533	-0.099148005	-0.021756243	0.046033774	0.03304495	-0.015498517	-0.024761895	-0.08643266	-0.0071333195
-0.024246411	0.0019333237	0.0035486843	-0.08288015	0.07390981	-0.032413952	0.019752419	0.035969567	-0.035873163	-0.051258393	-0.0043530376	0.07725089	-0.027435675	-0.0093240505	-0.04338718	0.08837825
-0.056983177	0.010787873	-0.05065972	0.0002596028	0.030150844	-0.017279547	-0.008299947	0.07658489	-0.07625687	-0.09220991	0.0844381	0.036441736	-0.04288392	-0.055407308	-0.0003121635	0.007616067
-0.005523959	0.0506696	-0.056024052	-0.021583358	0.059155695	-0.03060235	0.0023369994	0.045702856	-0.02194978	-0.035441946	-0.0112675205	0.038167115	-0.02204467	0.014681829	-0.06471117	0.05739116
-0.016734589	-0.012115841	0.01668379	-0.0014461873	0.070088215	0.014962512	-0.008418276	0.013953429	-0.04716779	-0.08598725	0.032862622	0.0029907306	-0.031173125	-0.06432534	-0.06208028	0.041603316
-0.012964246	0.06829042	0.013355893	-0.06915329	0.031764496	0.00037912372	0.061105404	0.063684195	-0.00091226585	-0.050347086	0.032901864	0.04969571	0.014731517	0.0077846036	0.0055026207	0.06863813
-0.048063874	-0.011977294	-0.052714486	0.010898576	0.07521539	-0.07809571	0.054727864	0.07139155	-0.042244736	-0.057959616	0.07292749	0.068406	-0.07787335	-0.03797303	-0.07987476	0.043291174
0.0129341055	-0.074116796	0.010030644	0.0070254714	-0.040516164	0.013753265	-0.05540379	-0.06087504	0.07084387	0.06658556	-0.0880121	-0.052212168	0.03589307	0.08389307	0.037746217	-0.033560093
0.079158574	-0.07856664	0.006002664	0.037172917	-0.060065906	0.026842317	-0.028054198	-0.058851488	0.0301732	0.08882227	-0.0036316945	-0.052379943	0.046835415	0.04527741	0.040386528	-0.030269647
0.028851816	-0.08588688	0.050044086	0.00018085449	-0.045683183	0.03130639	-0.037008822	-0.072497904	0.08906514	0.026864935	-0.04938279	-0.040934183	0.052791927	0.0064875274	0.02500768	-0.06197908
0.05137216	-0.0018614356	0.022992015	-0.004530775	-0.002466368	0.06933159	-0.07134998	0.00096617546	0.036762275	0.03426499	-0.008507887	-0.01866625	0.04950569	0.05630125	0.041426525	-0.0724196
-0.014180897	0.00067379454	-0.0043578045	-0.012175486	0.0034411862	-0.07851589	0.0082139615	0.05528276	-0.077368066	-0.056154747	0.031140704	0.075739585	0.00902336	0.011809876	-0.018478973	0.07764241
-0.041592907	0.051059853	0.0030163736	-0.05809959	0.07003917	-0.02349761	0.04810976	0.02612	-0.039687436	-0.08559185	0.002133434	0.01900895	-0.07883114	-0.06888548	-0.0050254576	-0.012579792
0.083609864	-0.012606058	0.048865914	0.05015116	-0.096284114	0.052961994	-0.008337801	-0.039805874	0.057651848	0.07942377	-0.058083348	-0.037019387	0.03706398	0.0045016096	0.00054320844	-0.034467444
0.09065191	-0.052954625	0.073151544	0.041461606	-0.045528658	0.08735605	-0.043346502	-0.041115995	0.011075837	0.046375457	-0.028453281	-0.0023672835	0.024406765	0.003422555	0.09158622	-0.042827904
0.028088784	-0.03025671	0.02421372	0.025318218	-0.09275439	0.04579511	-0.06413399	-0.09048557	0.009150014	0.06389033	-0.023495145	-0.08619012	-0.0075344085	0.038749143	0.052536927	-0.052402336
0.016200444	-0.07755315	0.03369857	0.013810335	-0.056011032	0.07519482	-0.051655244	-0.027000029	0.042694233	0.06593688	-0.03808638	0.006099799	0.057250798	-0.0027493516	0.015287996	-0.046724483
0.0375232	-0.0654829	0.0054643475	0.0842371	-0.0882006	0.05273009	-0.022407465	-0.068951346	0.0658777	0.050727636	-0.034092844	-0.05367815	0.0064376085	0.07672698	0.01799818	-0.079801835
0.035626214	-0.028360149	0.06286296	0.016721232	0.0014019939	0.08807427	-0.035184816	-0.037124783	0.03809683	0.065890945	-0.06825849	-0.03810367	0.03767519	0.030089138	0.07943454	-0.08238129
0.041882023	-0.07745884	0.018185528	0.020468999	-0.06820968	0.07640034	-0.038680375	-0.027806077	0.025148885	0.08148126	-0.043732625	-0.050252337	0.036464795	0.027875485	0.06694793	-0.089309886
0.0061977324	0.009451656	0.03503823	0.044577982	-0.008913595	0.06995341	0.010759002	-0.031150047	0.08347331	0.002875136	-0.024651837	-0.053469602	0.08218285	0.07445964	0.08581116	-0.06404276
0.07590391	-0.017133994	0.019432064	0.01303129	-0.022981673	0.0037699256	0.0025131057	-0.07737702	0.076448396	0.005801969	-0.048968624	-0.06922305	0.086071976	0.014434586	0.07384124	-0.036796395
0.00016468855	0.03792024	0.011836687	-0.048793435	0.010583993	-0.0824151	0.016675804	-0.006776875	-0.09541354	-0.07085236	0.03478472	0.03262294	0.0039609373	0.0009159375	-0.007201583	0.040223606
-0.07393563	0.055677336	-0.03979401	-0.047357067	0.00016824654	-0.037303258	0.04258617	0.012741698	-0.033431005	-0.029665284	0.048876174	0.06833875	-0.0634446	-0.054582603	-0.06440881	-0.0070667174
-0.013779981	0.03691329	-0.068433166	0.0058669113	-0.004504613	-0.026802585	0.05801287	0.0651114	-0.0728023	-0.059924062	0.07346175	0.07754002	-0.024578301	-0.07460068	-0.048324823	0.06405331
-0.017079417	-0.0006516854	-0.028916994	-0.066436894	0.03793423	-0.07513618	0.04596003	0.027523315	-0.0717178	-0.02728618	0.045801893	0.062864706	-0.06668091	-0.0131165525	-0.072911575	0.06925965
0.009254761	0.0068063224	-0.02345982	-0.012071051	0.03730527	-0.0073013757	0.07524509	0.015394271	-0.042662974	-0.018706502	0.02746535	0.08031185	-0.0793619	-0.019874463	-0.029158017	0.020216415
0.0034626753	0.046609465	-0.06280959	-0.008828335	0.0036507894	-0.044280265	0.03092008	-0.0062608286	-0.05026885	-0.0054805763	0.061066613	0.07415736	0.0048170765	0.006084345	-0.05073176	0.06200299
-0.029775873	-0.0010356212	-0.010719792	-0.01757179	0.020835798	-0.059111815	0.008183439	0.050109945	-0.055721354	-0.018373217	0.051008895	0.045170818	-0.04008942	-0.0023621225	-0.057207424	0.07180643
-0.025254633	0.07265199	-0.028788041	-0.045317605	-0.0015914605	-0.025730738	0.061390124	0.07667574	-0.08813789	-0.042166285	0.035261262	0.08418161	-0.02484969	-0.017538795	-0.08201637	0.015260051
-0.037144374	0.021940604	-0.07749791	-0.008191366	0.05847264	-0.054997593	0.083389506	0.007046594	-0.043856505	-0.0283941	0.06986898	-0.009619553	-0.008310934	-0.004485823	-0.03561403	0.06905582
-0.017084902	0.02712951	-0.07013287	0.0063907783	0.05602526	-0.026106762	-0.0072793714	0.066871315	-0.0059529454	-0.07256962	0.075701386	-0.01079533	-0.072567835	-0.07545321	-0.06786693	0.07061923
0.041991424	-0.04159096	0.056373373	0.040279925	-0.023823868	0.05480349	0.0020724933	0.0046813693	0.09134669	0.022018572	-0.071565084	-0.019925375	0.060569033	0.0024210736	0.039018426	-0.061703715
0.05940256	-0.041900713	0.0033764965	0.037430808	-0.010260717	0.005855925	-0.025835227	-0.003753416	0.04104828	0.08061392	-0.0069565987	-0.019992825	0.03514117	0.056857336	0.086193725	-0.009677384
0.034198694	-0.06523127	0.035681345	0.03666556	-0.06287677	0.07681504	0.0019964527	-0.012739668	0.016771343	0.02213156	-0.087187804	-0.047078826	0.045368515	0.0122344615	0.03782603	-0.0731326
-0.047676418	-0.009012723	-0.015000967	-0.07289292	0.038991	-0.06689546	0.05318516	0.02941224	-0.05580932	-0.054618325	0.0692554	0.06366051	0.015395049	-0.016881224	-0.050247338	-0.0044542523
-0.05796242	0.06048244	-0.016350953	-0.06974382	0.07275232	0.0017076667	-0.0010092211	0.057850793	-0.08965087	0.0077605722	0.0026907327	0.07336429	-0.03687319	0.014174327	-0.03528081	0.06914806
-0.05689514	7.835876e-05	0.012079181	-0.07101281	0.036405157	-0.0073234765	0.037853297	-0.015436398	-0.06827268	-0.07669937	-0.01856831	0.010921024	-0.018049695	-0.017681206	0.016892148	-0.0020271754
0.0218842	-0.032032806	0.031833645	0.040681206	-0.032506216	0.037835736	-0.04390495	-0.038515497	0.09658166	0.025849206	-0.0142833	-0.00042512693	0.010016054	0.06804835	0.023062998	-0.014149727
0.027754856	0.0066429446	0.03744519	0.07175912	-0.08502919	0.048619438	-0.02029669	-0.03722804	0.07632507	0.00993343	-0.011783593	-0.080201216	0.08058731	0.06657074	0.065905385	-0.033676792
-0.06278034	0.04867191	0.012004844	-0.07179511	0.04348467	0.006476835	0.005813508	0.044048727	-0.04621328	-0.02029494	0.082679614	0.00033491204	0.0153602185	-0.010059921	-0.059201527	0.07410825
-0.07676019	0.07725636	-0.041666504	-0.0368455	0.034590695	-0.0732891	0.009207905	0.047530297	0.006551119	-0.04825585	0.071429774	0.027996723	-0.011871346	-0.06449523	-0.05055273	-0.0027299856
-0.0064545483	0.06361502	0.005669136	-0.04101876	-0.0363834	-0.011175077	-0.008819037	0.014446765	-0.032845866	-0.0718437	0.025720043	-0.014515045	-0.07033185	-0.06872677	-0.0019326434	0.072900556
-0.07229633	0.016491555	-0.03203962	0.00404626	-0.012042543	-0.036325563	-0.0035337314	0.046268158	0.01977484	-0.08278749	0.033879887	0.0028082347	-0.032222774	-0.00092336733	-0.06348281	0.0020428365
-0.0033782513	0.081159174	-0.07993984	-0.020677196	0.022581816	-0.034628347	0.06545211	0.06493902	-0.05950491	-0.048483144	0.0010057145	0.04837498	-0.07597869	-0.020391785	-0.0023658336	-0.011652194
-0.05389961	0.02743419	0.015916945	-0.033632323	0.038338035	0.00020386728	0.009083979	0.0022667488	-0.00085431995	-0.05371122	-0.01138013	0.0751248	0.0062314915	-0.020074919	-0.061897658	0.049632076
0.02794959	0.0018481393	-0.011671223	0.038892336	-0.028799895	0.05649653	-0.076384775	-0.011885671	0.036965642	-0.005539218	-0.03548258	-0.057859913	0.0012775647	-0.00659034	0.052216988	-0.027872704
0.028001552	-0.011174877	0.0036323688	0.010823396	-0.030709917	-0.0023781343	-0.01460118	-0.03017219	0.030862646	0.07672804	-0.0024001196	-0.014997706	0.053920023	0.026226986	0.015184343	-0.01371758
-0.004085992	-0.078374974	-0.00051000196	0.08717047	-0.038613155	0.008572136	-0.013824174	-0.006098216	0.06750953	0.08081877	-0.024853004	-0.0103518525	0.025880396	0.027595185	0.023043945	-0.07888184
-0.024683751	0.028268171	-0.024820024	-0.06800945	0.08981787	-0.08939057	0.070161246	0.078541934	-0.011484793	-0.052121244	0.0060125166	0.038181767	-0.05909448	-0.076705165	-0.08226519	0.008404013
-0.019161208	0.08581474	-0.059638716	-0.04558967	0.030670945	-0.051741354	0.02719092	0.061299726	-0.053026978	-0.058061555	0.027149132	0.015953382	0.008850149	-0.03429304	-0.033267137	0.030284135
-0.05244563	0.029290775	-0.07437856	-0.007518365	0.038765907	-0.026421726	0.052865542	0.03916393	-0.070147194	-0.08009237	0.07859605	0.08322449	-0.042284176	-0.039275214	-0.064709395	0.04411822
0.010343767	0.059156917	-0.05493442	-0.054030985	-0.006088421	-0.051517267	0.052079156	0.037740134	-0.04060928	-0.04774735	0.036340293	0.013387447	-0.065397054	-0.045936905	0.015009073	0.01724167
-0.07371484	0.08380419	-0.030610451	-0.046850428	0.07286573	-0.06014693	0.06761995	0.015904652	-0.08308482	-0.0187675	0.0651833	0.058859408	-0.03164361	-0.027017895	-0.046094164	0.05529356
-0.05269831	-0.012087815	-0.0061749294	-0.039673563	0.021202749	-0.030348621	0.040673684	0.06138253	-0.037322234	-0.06499264	0.019164652	0.08275646	-0.026033964	0.012462978	-0.063569345	0.03908268
-0.058682352	-0.010747441	-0.028315626	-0.013941135	-0.00028395248	-0.076863505	0.03983517	0.06556223	-0.0775422	-0.008551356	0.056545146	-0.0072387424	-0.06732849	-0.07156494	-0.016078055	0.0774256
-0.088779084	0.04322202	0.0053630467	-0.008813271	-0.0032502955	-0.025985207	0.05000267	0.057309713	-0.07868601	-0.022874217	0.0367836	0.0045503518	-0.047512528	-0.02181198	-0.020065384	0.00095859746
0.06542861	-0.08794189	0.047352627	0.08616918	-0.029016014	0.016320152	-0.062158175	-0.030365275	0.04892993	0.004832587	-0.06456926	-0.086722404	0.056740254	0.017135408	-0.00046951225	-0.03530479
-0.037556082	0.07750877	-0.008426769	-0.050309155	0.035792354	-0.07858062	0.039256863	0.054498862	-0.020096488	-0.048309565	0.073407136	0.07903516	-0.056948695	-0.001797183	-0.0115646785	0.03923851
-0.06856015	-0.006648554	4.18121e-05	0.008502992	0.034834713	-0.06568475	0.07639602	-0.013231741	-0.07035253	-0.007001274	0.067680575	-0.008761825	-0.03601095	-0.058932144	-0.07705599	0.01781657
-0.08597087	-0.005633667	-0.04918025	-0.06465978	0.016849201	-0.019467333	0.012574268	-0.008777173	-0.069728404	-0.02762049	0.050076764	0.023903359	0.0031301202	-0.081635565	-0.08373917	0.071725205
0.0258867	-0.046091087	0.06448405	0.058869734	-0.06293791	-0.0045937714	-0.076270856	-0.07738466	0.07895571	0.07957752	0.0028356784	-0.031559557	-0.0030707715	0.004155019	0.0068266257	-0.060581446
-0.0827783	0.06784425	-0.046550114	-0.08562235	0.08693583	-0.052941013	-0.007070036	0.054908104	-0.05187223	-0.021911036	0.029228056	0.025543422	-0.0089333085	-0.08497089	-0.023261461	0.029140713
-0.014883699	-0.0056189727	-0.06266805	-0.022703473	0.016818766	0.0023772689	0.072713025	-0.0016025961	-0.086682245	-0.086207576	-0.010420227	0.028200828	0.0091579985	-0.046616156	-0.07370451	-0.0040754965
-0.079814225	0.021679047	0.0020303973	-0.011362057	0.08428065	0.0048951996	0.056780074	0.06199477	-0.036479738	-0.05659083	0.025487252	0.059049092	-0.047390494	-0.07461256	-0.07662272	0.067915834
-0.048113592	0.00405046	0.0142831765	-0.027920583	-0.0025016058	-0.08085628	0.034149367	-0.00057212013	-0.028043257	-0.054639105	0.06292879	0.043379717	-0.023057142	-0.044299874	-0.050219882	-0.0019895833
-0.07032561	0.08358501	-0.006672282	0.008961604	0.08276105	-0.07521567	0.03554009	0.0015480785	-0.0714581	-0.044482596	0.06607189	0.081728056	-0.071186565	-0.03116196	-0.004744482	0.07140487
-0.0407146	-0.009538799	-0.037247352	-0.00732145	0.03475639	0.0089337025	0.072780475	-0.01670595	-0.0033474003	-0.08905944	0.04578201	0.014596293	-0.060916305	-0.08287539	-0.045714714	0.045230053
0.03478702	-0.010483529	0.04143935	0.081520714	-0.069749765	0.06116416	-0.032093458	0.004268218	0.0059121023	0.06367485	-0.02734336	-0.074515656	0.011606407	0.084352545	-0.006053243	-0.092872284
0.05461177	-0.03591059	0.026123494	0.07016961	-0.047781024	0.03279422	-0.08576299	-0.0013938069	0.05931221	0.04504256	-0.029793838	-0.08904995	0.07945893	0.031627312	0.043652035	0.005476185
0.071877874	-0.039161064	-0.0073303115	0.025367573	-0.016435312	0.0060915705	-0.03947829	-0.08837029	0.017577792	0.07717923	-0.00565248	-0.04526854	0.04815185	0.011406258	0.023796303	-0.0062118326
0.039994694	-0.07967554	0.025992054	0.05570792	0.0022475496	0.020957306	-0.015678154	-0.072516024	0.080871716	0.00197018	-0.0022709032	-0.03360154	0.019142784	0.060488734	0.03252975	-0.055075016
-0.06234496	0.024912002	-0.037355434	-0.07489581	0.07354608	-0.01753963	0.070818536	0.049156666	-0.01086984	-0.087398544	0.06538879	-0.010472035	0.009873286	-0.049516637	-0.054097574	0.07024049
-0.0069305315	0.009421187	0.0008743245	-0.018213458	0.029017307	-0.004043011	0.0758139	0.04820204	-0.030600755	-0.012833373	0.0356135	0.078654096	-0.043087956	-0.00040690263	0.00010155613	0.060366284
-0.0649703	0.022727609	-0.049212378	-0.07692095	0.06452057	-0.05392972	0.04726252	0.014218785	-0.037125662	-0.049054425	0.027886322	0.008225248	-0.018952431	-0.027601376	-0.024435878	0.024162972
-0.008602916	0.027901037	-0.034721326	-0.027579281	0.081681706	0.006313932	-0.0029581992	-0.01528305	-0.040101536	0.001812928	-0.017200258	0.057423126	0.020796977	-0.02796872	0.002999491	0.006882194
-0.07262681	0.06648617	-0.06036893	-0.047661163	-0.0117800925	-0.07356496	0.05140654	0.07008525	-0.010484237	-0.018497847	-0.004584115	0.020747228	-0.013635752	-0.08110764	-0.026579343	0.008360243
-0.056209113	0.07919083	0.009834848	-0.0127547905	-0.010542404	-0.08544585	0.065401286	0.012546217	-0.07143338	0.0065698624	0.0044980915	0.009604942	0.0056143887	-0.012480707	-0.06478022	0.067016885
-0.05222078	0.06716675	-0.014778055	-0.06845996	-0.0010978751	-0.07889023	-0.013896145	0.052327514	-0.025096586	-0.0871223	0.036265712	0.04150265	-0.018721594	-0.05402042	0.01688514	0.011193586
-0.0014606988	0.07242219	0.012087449	-0.008413378	0.0052383733	-0.07503807	0.074139915	0.026043013	-0.016801545	-0.04071485	0.066389814	0.07385162	0.0011611432	-0.069167174	-0.070575	0.06410247
-0.011813648	0.050114006	0.0004640463	0.0040732673	0.045018565	-0.07217693	0.01616473	0.06884095	-0.076516345	-0.05504006	0.056308746	0.005672763	-0.059409197	-0.034612212	-0.004114002	0.041083943
-0.0700824	0.06185646	-0.06784126	-0.023468418	0.049297284	-0.01577674	0.049852453	0.080831915	-0.031821247	-0.08217697	0.0761974	0.049483296	-0.072948575	-0.0414869	0.00025886117	0.034184538
-0.08447635	0.051510938	-0.020287754	-0.022192357	0.021740338	-0.08026887	0.06951211	-0.007097469	-0.05887139	-0.0744695	0.017287431	0.07474945	-0.057068985	-0.00033001514	-0.08437594	0.022218324
0.03824581	-0.08047665	0.046938952	0.06411837	-0.03940836	0.065166414	-0.02446994	-0.058926694	0.035619013	0.0550168	-0.017703336	0.009498754	0.08795131	0.053620636	0.051615074	-0.032997906
-0.02753143	0.03998668	-0.055632763	-0.05860409	-0.0038468014	-0.07179079	0.012303734	0.070151985	-0.055612147	-0.068384364	0.001118813	0.035566837	-0.008010347	-0.01422691	0.014621138	0.010800339
-0.06999828	0.028248379	-0.0295436	-0.004962407	0.036148045	-0.0008857431	0.071180746	0.015365404	-0.01455641	-0.08609328	0.055796027	0.037240233	-0.011396018	-0.040004037	-0.081145726	0.0148027055
-0.051721565	0.033520404	0.009176783	0.011884134	0.0073274435	-0.07888907	0.012284709	0.03577318	-0.053596254	-0.08448966	0.07499217	0.004328542	-0.06426145	-0.065057	0.0077263946	0.036827214
0.0034134332	0.052856725	-0.014007868	-0.08237672	0.020248458	-0.00054907566	0.048474602	0.032045107	-0.09500357	-0.054429896	0.03224148	-0.006020423	-0.07979702	-0.017707245	-0.015930925	0.07424595
0.08658287	-0.009754388	0.05738867	0.07312118	-0.038829803	0.0242968	-0.028276365	-0.033548173	0.08969629	0.044823293	-0.08217542	-0.08367761	0.04391728	0.08430312	0.010441105	-0.04551569
0.046880815	-0.008534046	0.008863686	0.054415297	-0.04082585	0.018779015	-0.02632581	-0.044044644	0.011643648	0.06515783	0.0040767905	-0.068761416	0.057062633	0.012337442	-0.004633425	-0.01358777
0.034287132	-0.08007028	0.08780331	-0.001965843	-0.06258917	-0.002265512	-0.07318578	-0.017324813	0.075394034	0.035079673	-0.010454071	0.005071674	0.06487751	0.018514767	0.04214493	-0.008056499
0.04684132	-0.038508505	0.014041507	0.043108605	-0.024660086	0.0903551	-0.042745408	-0.06781888	0.045203116	0.06894067	-0.04624509	-0.033891983	0.079455085	-0.0007586554	0.084519036	-0.004272469
0.09389646	-0.029683854	0.00015859498	0.08407338	-0.052663684	-0.0032408014	0.000979902	-0.010662518	0.031465236	0.02843052	0.003950919	-0.06621734	0.052119974	0.051464126	-0.0057342458	-0.033280376
0.026820304	-0.019239739	0.061253957	0.08217781	-0.094871014	0.07032952	-0.069556415	-0.027609903	0.06461601	0.07113128	-0.015485127	0.0065798378	0.058661535	0.003448457	0.09026818	-0.00694641
-0.0061904844	-0.0021237594	0.00028227092	0.010876975	0.05753565	-0.054486487	0.073329896	-0.011690205	-0.047834598	-0.027148826	0.065350465	0.06242854	-0.036440067	-0.04968426	-0.060973156	-0.0073353574
-0.01042729	-0.0055283154	-0.049642254	-0.040994734	0.026448881	0.0051132673	0.07872676	0.027059788	-0.0689897	-0.012142385	0.04846706	0.025598707	-0.04011997	-0.01464569	-0.015451304	0.04291151
-0.009201595	0.049450014	-0.06559964	-0.060077958	0.06820801	0.0049624178	0.049139947	0.074973986	-0.022656623	-0.015640179	-0.011723801	0.077926695	0.009583288	-0.08071113	0.009798769	0.02245407
0.0059385444	0.03523974	-0.03496224	0.008407846	0.04085754	-0.04477282	0.0032669706	0.0044680964	0.0026940668	-0.037615843	0.07595939	0.013223332	-0.0012317073	-0.05526576	-0.05701345	0.010302277
-0.02070844	0.04101271	-0.007712431	-0.06141852	0.09130441	-0.036239505	0.017025063	0.03278732	-0.012312403	0.00405019	0.042474966	-0.012268246	-0.075460844	-0.005929188	-0.061448347	0.08027067
0.0769243	-0.0477907	0.030166151	0.053665377	0.00019901268	0.016048407	0.0064875903	-0.05426136	0.08566546	0.08758952	0.0052468334	-0.07672521	0.07472211	0.051147755	0.07261827	-0.052840017
0.013723893	0.002547494	0.05038318	0.074486755	-0.084417365	0.08001067	-0.053928956	-0.0103748	0.017427607	0.07786876	-0.027215336	-0.0021544178	0.0124185085	0.029592425	0.015740223	0.000529501
0.06027618	-0.06720937	0.08871383	0.0563661	-0.020868689	-0.0009238345	-0.0372597	-0.08588914	0.050933797	0.0073416713	-0.012525221	-0.011487932	0.058861755	-0.0025236898	0.074160196	-0.033874106
0.08230736	-0.03686138	0.0037085342	0.07160801	-0.08845811	-0.00043387368	-0.05028244	-0.08516769	0.03745279	0.05249764	-0.066417664	-0.06230497	0.07661578	0.025808543	0.0010851963	-0.01188889
0.07971477	-0.034551628	8.636771e-05	0.007675768	-0.01924553	0.017197626	0.00087202183	-0.054807376	0.05590155	0.040883362	-0.026749518	-0.049990956	0.088233784	0.015701657	0.036742568	-0.021911146
-0.07565861	0.080080844	0.007301158	-0.039740488	0.07440336	-0.06040823	0.04147772	0.05679469	-0.006804203	-0.060115546	0.07860254	-0.007976031	-0.068461664	0.014022295	-0.074337244	0.07488639
-0.05966911	0.0574058	0.0033808348	-0.06642768	0.05018397	-0.0785598	0.058668744	-0.0022269539	-0.0009283673	-0.04563341	0.07263776	-0.011701686	-0.04235894	-0.06157824	-0.05930217	0.06292084
0.09021924	-0.017165674	0.036589377	0.03756565	-0.019948056	-0.0016368434	-0.036169898	-0.039902736	0.049881555	0.088235795	0.0019536081	-0.08393896	0.06815559	0.07655245	0.00034031505	-0.012266335
0.06337057	-0.04390771	0.031844202	0.07677943	-0.037282538	0.055506352	0.009030506	-0.078406125	-0.008098237	0.03985753	-0.03422513	-0.013701348	0.031031927	0.07633184	-0.0020365044	-0.052154105
-0.012675235	0.0033918372	-0.021427235	-0.071748234	0.05632248	-0.03787606	0.009528184	0.046485946	7.7067445e-05	-0.07243567	0.05060341	-0.012543919	-0.012833747	0.012188535	-0.078544766	0.069143035
-0.075641975	0.054187022	-0.00258278	-0.058503546	0.06609953	-0.067579225	0.047840975	-0.009641139	-0.008849721	-0.07776894	0.05431464	0.052446045	0.008055023	0.009623928	0.016557558	0.01494048
-0.015737094	0.07304345	-0.07406769	-0.06808877	0.021284724	-0.0814299	0.07929077	0.048461616	-0.033237673	-0.07028133	0.017686356	0.027768714	0.017678605	-0.008452587	-0.040584713	0.07792103
-0.04114079	-0.0048367507	-0.040223606	-0.05038706	0.026763842	0.004184629	0.04561562	0.05735928	-0.023056917	-0.02200262	0.061486784	-0.005698507	-0.003310013	-0.08312648	-0.04933547	-0.002874509
0.06445982	-0.04463444	0.059388712	0.079644546	-0.019673834	0.011090365	-0.08368268	0.014210635	0.07710916	0.08109529	-0.076776884	-0.08054689	0.066564776	0.046148498	-0.009356204	-0.016060809
0.004381215	-0.035508268	0.0789319	0.01482381	0.00932345	0.002574408	-0.057064425	-0.07906484	0.08083846	0.03261735	-0.013417517	0.00030815497	0.050563402	0.0038244782	0.07846963	-0.020361235
0.0060629942	-0.04211682	0.08261681	0.04999655	-0.06586094	0.0899897	-0.011614602	-0.030202415	0.057898916	0.022819858	-0.083909355	0.0010181618	0.08565125	-0.004494479	0.08006426	-0.09380662
-0.04059085	0.02259342	-0.0019663102	-0.005166543	-0.0021607894	-0.051446386	0.076739565	0.03469146	-0.08743437	-0.043127347	0.0050757094	0.05615589	0.0067865397	-0.011998571	-0.063509606	0.08884144
-0.032099813	0.020169443	-0.026026376	-0.04359859	0.09274295	0.0071437866	0.016774612	0.06594841	-0.03009822	-0.02312237	-0.003726549	0.004040698	-0.026818153	0.00727596	-0.08093576	0.0068198126
-0.07937839	0.059325375	0.00902991	-0.0012947854	0.02036368	-0.010139296	0.032616213	0.008639068	-0.06777902	-0.0042575495	0.04939378	-0.014856781	-0.051637143	-0.06309185	0.019917434	-0.008761073
0.004187881	-0.0470694	0.05632108	0.04133411	-0.03190336	0.07437226	-0.06301062	-0.06990241	0.06498539	0.052519046	-0.064626746	-0.020497486	-0.005486741	0.047949005	0.051947303	-0.070360795
0.016381482	0.0049243146	-0.0015743786	0.00531004	0.0014427161	0.051186632	-0.0058889342	-0.086742416	0.055889547	0.09262195	-0.07252384	-0.042996947	0.04947992	0.038121644	0.07539081	-0.05424781
0.071124285	-0.026136719	-0.0037897655	0.030803023	-0.05333052	0.08084253	-0.07074616	-0.08909717	0.014893753	0.009831873	-0.06341865	-0.008886665	0.035564113	0.079336084	-0.0019024579	-0.04715835
-0.0019253582	-0.016092973	0.038346577	0.039565988	-0.0086907195	0.051677395	-0.0072043817	-0.048123408	0.08734062	0.055818062	-0.002805995	-0.059194766	0.010477447	0.062535115	0.044355873	-0.07728885
0.0014572828	-0.0425368	0.046626806	0.03289256	-0.0035454945	0.018454803	-0.029901108	0.0026866947	0.003420001	0.056224294	-0.06362549	-0.028972981	0.0882477	-0.0047505456	0.023137778	-0.04864479
0.046385363	-0.0051784054	0.06461824	-0.0053650057	-0.046635427	-0.0013042905	-0.034980156	-0.006481789	0.07325873	0.006915682	-0.087596945	-0.084222876	0.03005674	0.03658031	0.039870944	-0.05629849
0.05934889	-0.083236404	0.0723391	0.0019704183	-0.033574503	0.034637563	-0.07391061	-0.08870928	0.06847476	0.013867221	-0.029730218	-0.055279817	0.046092056	0.06452843	0.0028673199	-0.072109275
0.080513395	-0.026918406	0.062656455	0.0354919	-0.09054841	0.023586659	0.0043852446	0.006287694	0.08059246	0.007971735	-0.02995723	-0.057236858	0.030705081	0.0132828	0.068337984	-0.0033960145
0.059718914	-0.05324509	0.055692606	0.008167356	-0.06446377	0.048240196	-0.016374985	-0.07622755	0.0010641008	0.025377946	-0.014918393	-0.061213735	0.0075978953	0.016230974	0.05718983	-0.03388146
0.087201945	-0.056803845	0.08237159	-0.0050944565	-0.06136281	0.09106584	-0.019687194	-0.0287801	0.020907275	0.027684528	-0.022378176	0.0086398125	0.014590716	0.04787706	0.030992998	-0.00918478
0.063867696	-0.0016105851	0.05997057	0.0010106941	-0.070555165	0.066246614	-0.042443227	0.005853855	0.08584128	0.02403184	-0.08094793	-0.021831457	0.05539103	0.030052267	0.073842645	-0.0007406599
0.0102993	-0.037330467	0.07745688	0.07164758	-0.05278513	0.057114724	-0.044080067	0.0061969217	0.025830721	0.05701377	-0.03098544	-0.01262538	-0.0058618104	0.044556756	0.006261005	-0.087754644
0.058503643	-0.08917076	0.08823428	0.014633328	-0.033166308	0.013670959	-0.028855758	-0.028688004	0.0807425	0.053924613	-0.016491082	-0.012107073	0.015690906	-0.0074535185	0.079693735	-0.033348236
-0.064852454	0.038581755	-0.007336246	-0.076772526	0.03405222	0.004715321	0.03787459	-0.02059723	-0.075628735	-0.022819417	0.02887958	0.056430425	-0.03359459	0.0074003884	0.0016033441	0.0016882775
-0.07583921	0.031736244	-0.040904295	0.011564099	0.08237994	-0.041001163	0.029720748	-0.0106294425	-0.043972906	-0.044304892	-0.009911668	0.070999086	-0.05523952	-0.0006860682	-0.03431903	0.07864789
-0.08461523	0.011498948	-0.05153535	-0.07525831	0.061539017	-0.041145034	0.036760468	0.029338894	-0.0036976957	-0.012510194	-0.0016421779	0.0042199576	-0.01887124	-0.07263546	-0.06378814	0.014843169
-0.022783108	0.057708964	-0.05248457	-0.03869503	0.023729023	-0.078392684	0.015087682	0.038480744	-0.053317305	-0.049892202	-0.007954771	0.015638143	-0.06164658	-0.06923481	-0.01108772	-0.008976208
-0.06516094	0.070549496	-0.060867686	-0.047894288	0.036206603	-0.016913664	0.031728778	0.011663267	-0.029982904	-0.04287839	-0.0016298092	0.06794607	-0.047155105	-0.005898285	-0.03836443	0.026144367
-0.08903254	0.042879045	-0.051539775	0.0042677033	0.0077810343	-0.027843954	0.029063843	0.014520758	-0.081930354	-0.03796046	0.017649114	0.045039617	-0.044309054	-0.034023244	-0.071505606	0.07359712
-0.07845785	0.052938603	-0.06316877	-0.009817988	0.05804269	-0.041619316	0.08624045	0.035578758	-0.029474817	-0.022885954	0.060321424	0.0038027093	-0.048625488	-0.06136956	-0.051649753	-0.0066346424
0.016964663	-0.078684695	0.08500817	0.004092807	-0.046415836	-0.00022836322	-0.003178131	-0.08106859	0.07082189	0.07428925	-0.05119817	-0.053056207	0.0052076713	-0.002653016	0.07326668	0.0010099213
0.034975104	-0.015256568	0.09083436	-0.005126942	-0.010052307	0.0036679488	-0.06635068	-0.0012036588	0.024999723	0.07134503	-0.051501606	-0.06781248	0.024219053	0.045806795	0.00433842	-0.011554254
0.009146397	-0.0062989267	0.015775766	0.0030813057	-0.04377706	0.052829962	-0.0077330433	-0.0740227	0.04362624	0.058257036	-0.029612007	0.0042981156	0.06171856	0.043227457	0.0016270499	-0.055659432
0.03074018	-0.06856089	0.054790415	0.009284728	-0.052008197	0.004239426	-0.08654661	-0.07445842	0.0036859044	0.072400086	-0.015254276	-0.0109989615	0.037551176	0.03964134	0.071772605	-0.07792519
-0.048794866	0.011081275	0.011887948	-0.033503573	0.04971342	-0.073444575	0.009538771	0.027047155	-0.079914466	-0.036278304	0.076947644	-0.009978618	-0.02410556	-0.057744376	-0.053579442	0.030428551
-0.02567877	0.06418669	-0.046096914	-0.0822634	0.018792726	0.0029067032	0.044942345	0.032851994	-0.01888645	-0.027288089	-0.01054901	0.039142217	-0.06356194	-0.019116804	-0.045603678	0.026632145
-0.050468247	-0.011264153	-0.055000555	-0.07172665	0.08370448	-0.02167787	0.014275174	0.0010249111	-0.028443323	-0.058633786	0.04675932	0.054881845	-0.042659357	-0.016737906	-0.06275257	0.06008068
-0.04766609	0.0035237547	-0.051939	-0.07848093	0.054172423	-0.036944617	0.03666152	0.07184775	-0.011007944	-0.04457764	-6.1194456e-05	0.009693161	-0.043984104	-0.055998594	-0.06185401	0.06449757
-0.06876779	-0.011979191	-0.034228675	-0.077453904	0.043198355	-0.047231372	0.006055131	0.051848035	-0.038265407	-0.029111791	0.06204463	0.017579814	-0.08255864	-0.06611323	-0.06750238	0.086942226
0.0049032667	0.05680777	-0.048738226	-0.07669031	0.07799441	-0.0046912893	0.013863095	0.015519592	-0.023131745	-0.031490047	0.081735075	0.07801033	-0.063422166	-0.03935791	-0.068859875	0.012696196
0.007798419	0.047915008	-0.07198424	-0.0010896313	0.06607172	-0.0014431085	0.044815794	0.016197631	-0.03445096	-0.01207386	0.010757681	0.002214638	-0.049246624	-0.019212643	-0.05509968	0.052547824
-0.07573268	-0.0054334905	-0.026930055	-0.05704284	0.06565525	-0.0044816085	0.04332934	0.08659012	-0.03823316	-0.04638118	-0.012309517	0.07384606	-0.043611817	-0.06869787	-0.012041225	0.057414707
-0.013589585	0.023857493	-0.029877512	-0.040077493	0.05383891	-0.083253846	0.07937355	0.014914113	-0.057664204	-0.018830094	-0.002692765	0.03503852	-0.05402231	-0.004582553	-0.060566157	0.023049308
0.012895767	0.0677611	-0.06173963	0.00021639402	0.02945501	-0.07778549	0.0260535	0.06899196	-0.053236425	-0.042067926	0.07150274	0.06738916	-0.06632189	-0.016112207	-0.028421931	-0.014846452
-0.006755644	-0.016487801	0.08149123	0.08181702	0.00094715465	0.046761133	-0.017101152	-0.018711032	0.068113096	0.028181577	-0.037641853	-0.06368566	0.050953437	-0.00064298883	0.02955893	-0.05642979
0.065192945	-0.08150233	0.03613937	0.024274297	0.00753265	0.042350337	-0.03280338	-0.010346866	0.002040756	0.078874886	-0.03600753	-0.031558752	0.0839757	0.036957275	0.016354945	-0.010645321
0.025159288	0.002367916	0.040626764	0.0014841176	-0.0614192	0.08628043	0.0057426356	-0.018352782	0.08163099	0.015092559	-0.0159358	-0.046928637	-0.0020693266	0.09170849	0.08504855	-0.06356175
0.002477983	-0.017696515	0.070877396	-0.009247997	-0.069733985	0.018159656	0.0039596525	-0.08112729	0.09498643	0.07690669	-0.06276421	-0.030169532	0.009092366	0.008691572	0.048265245	-0.050563354
0.0801294	-0.02215916	0.049981833	0.003994428	-0.08282273	0.0910291	-0.046274725	-0.06900652	0.03638331	0.03338984	-0.04147357	-0.006393546	-0.010115616	0.060902044	0.063399985	-0.060997676
-0.016785646	0.06921436	-0.028129794	0.01374274	0.06800018	-0.05971904	-0.015443481	0.041289285	-0.050924852	-0.079685904	0.04328461	0.052570596	-0.010894562	-0.031801675	-0.032950684	0.07799328
-0.08346367	0.032133006	-0.008515946	0.00015773378	0.061661478	-0.045449056	0.038482975	0.07594861	-0.0006520365	-0.00047133575	0.048541803	0.08191839	0.009954163	-0.012704749	-0.031768396	0.04705769
0.026203513	-0.031483296	0.053757906	0.0016670404	-0.035103515	0.032503825	-0.008713889	-0.007430567	0.05367668	0.05247668	-0.04791437	-0.039243527	0.0014308082	0.06123846	0.013594896	-0.012261626
-0.016792618	0.022372875	-0.019296495	-0.01584749	0.011764586	-0.086891346	0.03944249	0.046062034	-0.09791253	-0.06626408	0.06095224	0.045329057	-0.06727385	-0.023536755	-0.076931186	-0.003006646
-0.02760634	-0.0014812157	-0.00765119	-0.0044722594	0.090042785	-0.062549114	0.07659333	-0.0029978445	-0.027898964	-0.015193856	0.06551845	0.06214811	-0.033596125	-0.004633475	0.0072373217	0.0043807495
-0.021420076	0.008031597	0.012115848	-0.05745186	0.049058836	-0.051829785	0.03510886	-0.00073128677	-0.028012734	-0.020654745	0.07099488	0.066461556	0.0026035423	-0.046978217	-0.03544413	-0.014315519
-0.020747725	0.0051265913	-0.054916266	-0.01658691	0.032838237	-0.042268235	0.023400594	0.04679074	-0.05614673	-0.009348452	-0.010559998	0.07574508	-0.046249874	-0.030638859	-0.006729687	-0.00073239976
-0.062693916	0.03706246	-0.008054655	-0.018759968	-0.006229574	0.013019415	-0.011913213	-0.01998643	-0.08232652	-0.039869875	0.0056578745	0.05058607	-0.053526472	-0.028442144	-0.0336922	0.06599528
0.013029041	-0.007412802	-0.023232067	-0.04740664	0.072135605	0.015103508	0.052537326	0.065424845	-0.04996522	-0.07134491	-0.018837914	0.050274633	-0.03195029	0.008117164	0.020365532	-0.0012662682
0.008197933	0.0070097945	-0.046666224	-0.046614543	0.036960553	0.0055904603	0.019006869	-0.021123638	-0.06749298	-0.06109543	0.024001295	-0.012781308	-0.03393673	-0.016789638	-0.011322056	0.059132867
0.070899956	0.009361921	0.030796	0.0024055454	-0.072999805	0.057089467	-0.00707217	-0.071777575	0.035048254	0.046855196	-0.08261345	-0.057963163	-0.0075891474	0.06380289	0.01032607	-0.019567529
0.047385767	-0.062536515	0.032218628	0.03177561	-0.008112822	0.0026483608	-0.052390665	-0.036377378	0.02116076	0.045081794	-0.052059952	0.0065479334	0.070186295	-0.0088896975	0.041969784	-0.08629644
0.053025804	-0.04371409	0.07641294	0.014556126	-0.013102117	0.023934793	-0.08435405	-0.052666172	0.012206575	0.08981553	-0.08107212	-0.048143744	0.028161705	0.0677324	0.07188311	-0.040910047
0.08204122	0.0071045985	-0.006427061	0.015942523	-0.065739125	-0.004824228	0.00943811	0.008027874	0.037010785	0.087914124	-0.07844317	-0.08323531	0.0028831635	0.004736493	0.054642018	0.0048928796
0.06449415	-0.050104704	0.020006986	0.025666703	-0.027711937	0.050789148	-0.07389271	-0.067210056	0.07680226	0.010771705	-0.06419331	-0.0057455236	0.061903205	-0.0014601564	0.07286699	-0.026947645
-0.021372136	-0.028606273	0.035771433	0.06937611	-0.056380022	-0.007165997	-0.004427186	-0.030767025	0.01762033	0.063438036	-0.02124257	-0.01931646	0.06283344	-0.010629819	0.046020817	-0.027352255
0.07091215	0.004762013	0.045251656	0.03707238	-0.055761084	-0.009589539	0.005930478	-0.063821234	-0.007416825	0.026044443	-0.047069162	0.01113446	-0.015695304	0.012912027	0.0015709277	-0.014718694
0.026988555	-0.05722625	0.059624095	0.017271968	-0.045236677	0.046452187	-0.018785482	-0.046131685	0.07187931	0.003934401	-0.024690093	-0.04850556	0.025906805	0.042391397	0.0839725	-0.0914629
0.02254279	-0.05748527	0.02868499	0.09091862	-0.06405918	0.038971085	9.1892776e-05	0.0014759596	0.01677846	0.04041604	-0.0446571	-0.031520907	0.02179369	0.06069079	0.07451715	-0.039383326
0.050287683	0.0018080662	0.046512116	0.0331301	-0.07647419	0.073208906	-0.056355376	-0.08397011	0.06041202	0.08149335	0.00011510418	-0.058360346	0.043528385	0.031174595	0.016707243	-0.047849324
0.050460953	-0.0059808968	-0.007909842	0.025292682	-0.07017381	0.005456444	-0.056477223	-0.02210064	0.07596628	0.058694627	-0.024065958	-0.02189591	0.053364642	0.006731552	0.039267544	-0.05258725
0.0055482085	-0.050412513	0.07783567	-0.0088816695	-0.07782272	0.055988394	-0.09010643	-0.009676795	0.014439025	0.022473322	-0.081324644	-0.07922422	0.016167	0.033329487	0.04622907	-0.01053803
0.017729776	0.0010814419	0.022401635	-0.008255702	-0.07787851	0.06858717	-0.018457096	-0.03652375	0.08328814	0.044021122	-0.07388441	-0.025647439	-0.0035713005	0.06616938	0.056384504	-0.08528306
0.0012851558	0.086289	-0.038336445	-0.015056805	0.0057694684	-0.055776615	0.07533272	0.07934172	-0.06838258	0.0039480757	-0.010000644	0.049706362	-0.051857445	0.0050481227	-0.022176327	0.046469517
0.06883948	-0.011215936	-0.007754692	0.08792489	-0.014661446	0.015954668	-0.014051734	-0.05944024	0.08374184	0.029250462	-0.08779967	-0.058305085	0.07104715	0.07787661	0.04360356	-0.04926343
0.073193856	-0.053052317	0.026160901	0.014868277	-0.053667285	0.063665636	0.0042941878	-0.043226555	0.0130256815	0.011809762	-0.08343744	-0.052721567	0.031017382	0.07287781	0.03996177	0.0037671272
0.011032441	-0.07104767	0.040143013	0.08371549	-0.049454935	0.05068054	-0.08290289	-0.006139346	0.09213037	0.08580296	-0.087551475	-0.07994497	0.028533963	0.011302388	0.07755434	-0.07633317
-0.044625036	0.06045239	-0.041418727	0.007387806	0.09228232	-0.06092091	0.025664046	0.07891481	-0.033136353	-0.017692154	0.014123345	-0.004908662	-0.062253844	-0.06936101	-0.018712286	0.06326637
-0.066422336	0.022155786	0.0031546163	-0.0703819	0.08632534	-0.025812004	0.076511346	0.049643733	-0.07134745	-0.07065325	0.08545219	0.080931075	-0.077111475	-0.06680799	0.006525853	0.007329971
-0.02375763	0.06702528	-0.06615082	-0.078403026	0.0062650084	-0.004878213	0.04963265	0.04862915	-0.0018939098	-0.0026673255	0.081166044	0.04274241	-0.041874032	-0.06608032	-0.026959546	0.036264177
0.072269656	-0.008610313	0.0005077201	0.030322425	-0.08290997	0.091950595	0.0010494835	-0.03448323	0.043765545	0.06481066	-0.05920518	-0.03805167	-0.0020813756	0.011054685	0.05019912	-0.021000255
0.04796145	-0.08338607	0.050606094	0.0047947895	-0.035758045	0.086743236	-0.09038994	0.0076141977	0.041647237	0.039511703	-0.054043815	-0.04885361	-0.0046374104	2.3753702e-05	-0.0010518476	-0.08331086
0.05564766	-0.03876095	0.08725424	-0.007864188	-0.08435957	0.08609399	-0.051424798	-0.017131433	0.0028562876	0.028972438	-0.053579934	-0.07333175	0.07334785	0.01912197	-0.0053402144	-0.015210817
0.066834524	-0.061629787	0.024065524	-0.0041131787	-0.0876844	0.042084526	-0.033015423	-0.06517728	0.021767069	0.06349783	-0.0010180596	-0.07700247	0.0131092435	-0.00039706618	0.088440925	-0.0738088
0.0069601065	-0.042653214	0.033879723	0.068357	-0.050596993	0.07770778	-0.02211279	0.006263795	0.020831741	0.09491015	-0.003209201	0.00022717155	0.048031546	0.024839725	0.07135197	0.00393193
0.015802301	-0.075428285	-0.004573586	0.03243804	-0.035279226	-0.0068324404	-0.01825424	-0.07146312	0.008331585	0.083643034	-0.0043053073	-0.088060096	0.073493674	0.07436192	0.012765173	-0.006645634
0.08067199	-0.057484303	0.07415798	0.054227512	-0.090730816	0.07221034	-0.050445233	-0.07767	0.0833206	0.07306951	-0.05851353	-0.018733375	0.03876286	0.0051883147	0.03692107	-0.025265217
-0.041484945	0.03163695	0.013674602	-0.07563395	0.08361773	-0.03733702	0.031322706	0.011807344	-0.06948606	0.005924857	0.0484084	0.06980396	0.009847253	0.0026587602	-0.064373605	0.044723727
-0.052200165	0.04279542	-0.0058890567	-0.06262569	0.046965037	-0.04148908	-0.0003651598	0.027402328	-0.014176341	0.002717632	0.032793596	0.037231706	-0.025052067	-0.020143881	0.0012510912	0.026499549
0.05285075	-0.043976475	0.00030178885	0.063932665	-0.0069919433	0.08582709	-0.0205477	0.009158782	0.060176183	-0.0067943726	-0.0751238	-0.036177	0.06382884	-0.0076263756	0.06865373	-0.074243195
-0.00873438	-0.033957742	0.05517328	0.07162295	-0.082818866	0.0033719083	0.014343421	-0.019726167	0.025716126	0.053380985	-0.020271832	-0.038305912	0.08127313	0.06795885	0.0011700984	-0.012520452
-0.0713019	-0.011866395	-0.048892025	-0.06308269	0.05385701	-0.054317456	0.02415945	0.008074509	-0.017191134	-0.05066217	0.07654753	0.008250969	-0.036074128	-0.025864942	-0.044308245	0.04230891
0.013921469	0.0473036	-0.033931572	-0.04206695	0.056520954	-0.022893317	0.0014854129	0.017168269	-0.02542791	-0.058844905	-0.009837498	0.033936188	0.0125901075	0.005430616	-0.069820635	0.08107679
0.0075412514	0.0734282	-0.06147448	-0.027272394	0.028362794	-0.06017902	-0.0012910553	0.0040610065	-0.059911188	-0.05647147	0.06303482	-0.0021601613	-0.0020335868	0.01392704	0.0037072161	-0.009612624
0.053832483	-0.037765086	0.04787017	0.08179951	-0.07530864	0.060356006	-0.077182956	-0.041195374	0.014412423	0.051239304	-0.050648153	-0.017939232	-0.007857188	-0.0012246048	0.047531337	-0.018657139
-0.0022241874	-0.053756546	0.031518362	0.085695356	-0.015938716	0.0028964905	-0.07361256	-0.075825475	0.016997848	0.063184716	-0.001727834	0.0037382857	0.073992625	0.036176775	0.048918165	-0.06583614
-0.0018847595	0.041285396	-0.021139683	-0.07511652	0.087323725	-0.0033374513	0.06687016	0.070105046	-0.07281944	-0.050957266	0.032586552	0.01611	-0.062556	-0.057427663	-0.0596739	0.08942795
-0.057377964	0.054968283	-0.08682236	-0.054731388	0.01571779	-0.056445453	-0.0021685674	0.004074441	-0.0942129	-0.0092551885	0.0569873	-0.0036368365	-0.029489428	-0.03422151	-0.0051993984	0.09134069
-0.031504855	0.048992872	-0.015313207	-0.028486526	0.05258865	-0.030553378	0.037186492	0.026572477	-0.03929176	-0.06882	0.07116653	0.024735922	-0.021156803	-0.008678483	-0.0033905327	0.015066541
-0.05423376	0.043903463	-0.08593649	-0.050485108	0.06254217	-0.0022674396	0.075260304	0.02743283	-0.025837056	-0.064642705	0.01884789	0.06012989	-0.06767116	0.0034060336	-0.034652155	0.079961605
-0.083407044	0.03464517	-0.084216565	-0.031760953	-0.0051332796	-0.076165356	-0.0045612254	0.05978032	-0.018945761	0.0044869673	-0.010295231	0.06570649	-0.07757388	-0.085722245	-0.022580432	0.05571681
-0.033400163	0.024071526	-0.018192945	-0.0034938394	0.035907637	-0.07043818	0.015473762	0.03774284	-0.023952892	-0.07204962	0.05699828	0.07982487	-0.04879433	0.010532068	-0.031509	0.06728003
-0.05015555	0.062115796	0.012343211	-0.0006677251	0.07879268	-0.056646213	0.03137283	-0.0029564754	0.0020776738	-0.07837446	0.026808908	-0.00034164294	0.011590234	-0.040365353	0.0013185085	-0.0038527956
-0.019796874	0.03451098	-0.01307242	0.015401611	0.01987293	-0.047844723	0.049228106	0.010088816	-0.010155799	-0.06610106	-0.016884735	0.0038342176	-0.027602829	-0.07845809	-0.07217354	0.046088498
-0.010534908	0.030165616	-0.07543322	-0.047788106	0.05806865	-0.041679293	0.036461562	0.008847501	0.0059401323	-0.073162384	0.0724084	0.028138833	-0.01592159	0.00616448	-0.04630294	0.073527575
0.0681832	-0.017185012	0.07748054	0.08781331	-0.034387957	0.05063606	-0.07520215	-0.049802523	-0.001866558	0.0106804175	-0.036175724	0.0027009065	0.054028437	0.062653504	0.019198446	-0.054950625
0.01637813	-0.022348557	0.050212305	0.05725776	-0.032984294	0.05140049	-0.051909305	-0.07033541	0.04395609	0.01717661	-0.037229653	0.0112642115	0.07902484	0.041929472	0.048926704	-0.010475723
-0.08825807	-0.009306964	-0.003415154	-0.01631419	0.090628944	-0.06076905	0.06351984	0.08182837	-0.0070916237	0.00072073337	0.08177679	0.039361868	0.008383342	-0.052074894	-0.020439824	0.0124796275
-0.00557928	0.048224997	-0.014896005	-0.035499323	0.06060924	-0.059825584	0.056398094	0.056211703	-0.06731303	-0.03968688	0.038201805	-0.008994424	-0.050015543	-0.07308053	-0.03185698	0.06183055
0.004797821	-0.0059757377	0.004867267	-0.0031847435	0.079633266	0.009657137	0.06902296	-0.0062958994	-0.057391807	-0.05575578	0.0061744857	0.03230263	-0.03173723	0.0016675331	0.0069719786	0.032870136
-0.0064989226	0.0550665	-0.04616431	-0.076375365	0.0103493035	-0.07153668	0.06380647	0.024456026	-0.045554362	0.0033920684	-0.0068832785	-0.0020153802	-0.03880107	0.002593644	-0.05589375	0.072587796
0.004771486	0.036744043	-0.01755445	-0.041451357	0.011509379	-0.0031505043	0.056383677	-0.0112951705	-0.026029872	-0.029855065	-0.0065015927	0.077756375	-0.043163236	-0.03851293	0.009060583	0.0822658
0.028034935	-0.027618354	0.06313964	0.024281533	-0.085765205	0.08949534	-0.07495423	-0.03919717	0.02167868	0.056357596	-0.08055726	-0.042192146	-0.007737784	0.0914723	0.07374658	-0.085521564
0.088747755	-0.025712268	0.056652743	0.028472183	-0.094925515	0.084470965	-0.018058041	-0.043680966	-0.0008959449	0.03821573	-0.04793526	-0.012909039	-0.009126478	0.025913782	0.012620889	-0.059709426
0.0039829602	-0.013110862	0.02633565	0.021465108	-0.02199285	0.030768758	-0.034455363	-0.05440065	0.003756381	0.056749165	-0.07612172	-0.060084675	-0.0077395346	-0.002372816	0.022573527	-0.021753186
-0.031198662	-0.011849524	0.019009683	-0.0007783719	0.02069993	-0.03573349	-0.0062877126	0.043437514	-0.053069267	0.0125503	0.05182437	0.068840094	0.015322196	-0.03244908	-0.07136812	0.00876799
-0.053021647	0.06851343	0.013387555	-0.026106108	0.0063947705	-0.0686878	0.058006857	0.055002306	-0.0007262168	-0.019250017	0.06281528	0.028382095	-0.01874956	0.011388691	0.00904891	0.00896041
-0.0051081902	0.034077235	-0.055308092	-0.071789704	0.011768239	-0.012492955	0.003569645	0.048069287	-0.074040085	-0.0012031791	0.002633232	-0.015116885	-0.059576973	-0.029696053	-0.012363291	0.078955114
-0.065314956	0.04222956	0.007883091	-0.05194955	-0.010557242	-0.01330073	0.07828663	0.04417001	0.0052939644	-0.002451603	0.01084606	-0.019230155	-0.0030871187	0.002238655	-0.020025516	-0.010513403
-0.074496694	0.006871243	0.0094729485	0.0024285528	0.01003376	-0.06726921	0.046064474	0.056730125	-0.07883171	-0.049987175	0.048301704	0.027947005	-0.08294068	-0.010248754	-0.06654985	0.06219337
-0.026773665	0.08304317	-0.013562043	-0.060838	0.079958394	0.0006434501	0.009592791	0.07295763	-0.09533128	-0.03337722	0.0072018164	-0.0078066536	-0.066606715	0.0049914382	-0.06224988	0.0859532
-0.0068406058	0.041370153	-0.054327566	-0.009510398	-0.0017749745	-0.06352789	0.015777456	0.0004675153	-0.03611938	-0.016817074	0.046740673	0.060133316	-0.07784282	-0.037985694	-0.002669496	0.086412914
-0.056194175	0.04575553	0.0049901037	-0.03445058	0.028080909	-0.06703585	0.040299423	0.056963723	-0.015469997	-0.026514044	0.050617725	0.0706361	0.0108354995	-0.05311528	0.014343358	0.05476084
0.0745721	-0.0064824624	0.044894766	0.056544382	-0.02209754	0.08174384	-0.041164532	-0.036187	0.0070637953	-0.0057605533	-5.988056e-05	-0.06804732	0.027470227	0.015050794	0.03436926	-0.041874893
0.032474477	-0.05013979	0.027886841	0.054201696	-0.042797104	0.039681133	-0.057554588	-0.045057755	0.08828655	0.08745493	-0.03412735	-0.03347705	0.03112502	0.081271425	0.03998236	-0.029295178
0.080211304	-0.012974272	0.04685347	0.07189963	-0.03326968	0.04957358	-0.08514865	-0.068875805	0.036061548	0.057273317	-0.03945906	-0.009025559	0.07408866	0.047711607	0.053106423	-0.051595535
0.06868247	-0.07525294	0.022207487	0.058473725	-0.03396417	0.09049022	-0.03872161	-0.023183603	0.070260346	0.0067260847	-0.07591169	0.0079496065	0.0058314353	0.006167299	0.021337133	-0.060232956
-0.08466802	0.0011868225	-0.060737953	-0.063673615	0.06538122	-0.05721733	0.013525191	0.030188646	-0.077087894	-0.04660566	-0.003306634	0.013272647	-0.06928448	-0.0023103005	-0.051209345	-0.0044471007
-0.038053688	-0.0075679272	-0.081032984	-0.06024301	0.08345521	-0.07871234	0.047050856	0.04670009	-0.015245468	-0.08606262	0.061161026	0.010906123	0.0026865716	-0.05123805	-0.06014417	-0.012198558
-0.031232096	0.009725899	-0.031600147	0.014738383	0.0012315705	-0.050584346	-0.006423957	0.00462337	0.0054146177	-0.05067601	-0.014227396	0.0077557936	-0.011526269	-0.07339405	-0.05293706	0.028017718
-0.0032728072	0.01746864	0.003556253	0.009284329	0.08387997	-0.08469841	0.042209428	0.040106006	-0.026335627	-0.08862776	0.0060276804	-0.004359922	-0.0728897	-0.05786739	-0.008617147	0.013874405
-0.03524541	-0.002030724	-0.059948232	-0.057454143	0.022727557	-0.00271469	0.08350395	0.048785895	-0.010264189	-0.08058374	0.021480791	0.065981835	0.010522289	-0.04369741	-0.05732098	-0.002315874
-0.00580483	0.083800055	0.00860791	-0.014681564	0.09031088	-0.0027480621	0.018354474	0.06795458	-0.031700898	-0.06454795	0.011634055	0.06163064	0.008178847	-0.03402679	-0.07936631	0.018080141
-0.02074717	-0.005968214	-0.020718537	-0.061527997	0.08237582	-0.012477632	0.018647442	0.068146646	-0.062495187	-0.0052773436	0.03523484	0.052764293	-0.079971515	-0.043751303	-0.025987385	-0.0038951337
0.0019344429	-0.044514842	0.07950391	0.07880863	-0.0220314	0.013259613	-0.024335371	-0.03859134	0.043926325	0.008064769	-0.079609945	-0.024379749	-0.0039161113	0.0680583	0.080114804	0.0003939456
0.014433918	-0.031763494	0.021967318	0.060347036	-0.03237219	0.08684787	0.0075721755	-0.052681983	0.056474045	0.022410676	-0.07365513	-0.005225199	0.003478559	0.004792474	0.012093829	-0.012950386
0.08827046	-0.012730071	0.025333676	0.079110645	-0.05757129	0.029149497	-0.07737792	0.009712819	0.04021407	0.044720244	-0.023445666	-0.083402894	-0.0014293113	0.010635888	0.035927456	-0.0012560943
0.009120737	0.07308196	0.009866182	-0.013686775	0.06020877	0.00011041889	0.07282665	0.03072442	-0.09072947	-0.025238847	0.028072383	0.048925772	0.019630266	-0.0030768411	-0.0678555	0.070632815
-0.0055008614	0.04339954	-0.07878034	0.0016227345	0.052815974	-0.02822233	0.08200175	-0.007426329	-0.090977035	-0.025614927	0.05600123	0.014511971	0.014658714	-0.065710366	-0.008713205	0.014052702
-0.06031765	-0.010893163	-0.04606701	-0.07499909	0.07156421	-0.009714859	-0.0052357134	0.051569745	-0.018698748	0.009330394	0.0016083852	0.061465725	-0.02991669	-0.010865665	-0.004737265	0.0715272
-0.088834845	-0.006013281	0.0014658626	-0.053716037	-0.008118502	-0.044164177	0.030915335	-0.0019835408	-0.00014239359	-0.04278323	0.05452504	0.070777155	-0.0662333	0.0046983957	-0.07791733	0.02737192
-0.028072238	0.02469725	-0.005580327	-0.039914925	0.004509423	-0.08228174	0.015913768	0.06117597	-0.07107546	0.0067321165	0.010700677	0.057609327	-0.066114545	-0.028667301	-0.07399038	0.020968761
-0.08843879	0.05238597	-0.07496293	-0.07291396	0.0026256652	-0.036809254	0.075241566	0.05219779	0.00053396623	-0.0711229	0.020192113	0.078497894	-0.019190539	-0.018615384	-0.01939686	0.011543167
0.0067598275	0.04061057	-0.01564928	-0.07262561	0.06338468	-0.02675565	0.040214635	0.039630923	-0.08949486	-0.03142296	-0.005201944	0.0010177565	-0.04699133	-0.033223074	-0.072013624	0.013545506
-0.03314136	0.044690292	-0.04324718	0.0029169125	0.07928573	-0.032116417	0.0401351	0.03661922	-0.06301804	-0.015690502	0.048304856	0.07100196	-0.05980293	0.0015189508	-0.0006443547	0.044416778
0.0005633527	0.0603751	0.006810891	-0.034328844	-0.0011981189	-0.01795288	0.038567975	0.05066446	-0.05054276	-0.03445324	-0.010950166	0.032577023	-0.07911684	-0.023740936	-0.079375915	0.08774663
-0.035814762	0.038049094	-0.047688946	-0.031761304	0.03321919	-0.0030011279	0.011306699	-0.012434487	-0.080471545	-0.034477208	0.057322636	0.011379734	-0.027657608	-0.06239347	0.008173936	0.02473989
-0.08349829	0.054291606	-0.005373205	-0.0037408094	0.053072814	-0.040094	0.06161199	0.013036876	-0.057277292	-0.05858349	0.033932324	0.00575755	-0.014347113	-0.01846704	-0.07941093	0.02476916
-0.08404861	0.078087986	-0.005107427	-0.04828171	0.057540927	-0.08353703	0.029776324	0.021498702	-0.05774604	-0.039036546	-0.015405717	0.04220041	-0.046335638	-0.023985086	-0.054673284	0.06898033
-0.08381028	0.032734547	-0.05569335	-0.062219437	0.034435216	0.004918987	0.0037787654	0.061927017	-0.08252957	-0.08052723	0.015236964	0.023079857	-0.029391034	-0.030205479	0.015921177	0.035161924
0.005227409	-0.010609408	0.04444447	0.041509442	-0.0026919316	0.018730344	-0.035042077	-0.044374987	0.027107447	0.08227581	-0.0072342423	-0.07648303	0.056772858	0.011155101	0.0075143836	-0.07926468
-0.061192304	0.007191483	-0.0065626027	-0.056496356	0.017512891	-0.051051475	0.08197935	-0.008228183	-0.01638234	-0.025921585	0.021679679	0.058313824	-0.0323895	0.0017563414	-0.021769881	0.06757817
-0.020148074	0.08087238	0.010648102	-0.021746827	0.024148723	-0.06870386	0.036639664	0.003886057	-0.08613253	-0.05437581	0.009617479	0.06617737	-0.072804525	-0.018527383	-0.030883318	0.008965743
0.012002851	0.012390014	-0.05070271	0.014514231	0.0090748705	-0.016946003	-0.0013058672	0.008437045	-0.059319127	-0.024914483	0.008827242	0.008726288	-0.008866708	-0.001255508	-0.07974174	0.03322195
0.05611119	-0.07593737	0.0033282563	0.019023666	-0.07862273	0.007974524	-0.0147944605	-0.07475737	0.017070215	0.0368976	-0.0060116663	-0.010743246	0.012958561	0.030393913	-0.010391395	-0.022038003
0.040533673	-0.052035574	0.07901545	0.029723877	-0.013291315	-0.0038812323	-0.0027645049	-0.03643793	0.0011965208	0.05517737	-0.0028655522	0.0053249104	0.015725069	0.022719217	0.010981342	-0.08417883
0.07789466	-0.08848522	0.056259964	0.07608559	-0.07239185	0.035278898	-0.027481431	-0.02216603	0.06875991	0.027514776	-0.012285846	-0.00042309426	0.036809817	0.092102684	0.07767218	-0.016258743
0.009038674	0.009326218	0.07872316	0.0060015856	-0.021304782	0.0050310125	-0.066255786	-0.065902285	0.042034768	0.020478522	-0.015017149	0.005007638	0.03898229	0.033001207	0.032701407	-0.017671233
-0.06771046	0.04694298	-0.011061057	-0.05887254	0.08919844	-0.08306418	0.06409219	0.041429557	-0.028649978	-0.048623435	0.07521699	0.064417526	-0.024318865	-0.08382548	-0.045974113	0.058195334
-0.031883944	-0.011294135	-0.0133289555	-0.060991626	0.0412798	-0.057527807	0.011981059	0.042953186	-0.058601737	-0.029149823	0.035549045	0.051177125	-0.063545376	-0.06373797	-0.01596445	0.031968083
0.00718544	0.03519037	0.0022212213	0.008860414	-0.015446394	-0.062463954	0.005537149	0.06749007	0.006949353	-0.060789194	0.055108003	0.0010671294	-0.054843783	-0.05263876	0.00896258	-0.0074203503
-0.060668267	0.00357582	-0.04462758	0.021381902	0.0044527943	-0.0064379754	0.030685926	0.009268394	-0.018597769	-0.0797528	0.084609315	0.044158973	-0.031653542	-0.055125672	-0.033901542	0.05639938
-0.027584108	0.030391281	-0.002946427	-0.011909977	0.042247646	-0.014916296	0.015223644	0.06114707	-0.03846384	-0.081964985	0.07840142	-0.011070671	-0.01531423	-0.06792788	-0.02109363	0.073562026
-0.0017747777	9.59544e-05	0.037754264	0.07843506	-0.027323347	0.035474107	-0.0458935	-0.008156793	0.04970106	0.082012326	-0.017039234	-0.018090406	0.004060804	0.015653795	0.047473613	-0.07242626
0.09089961	-0.05344389	0.052156467	0.041149754	-0.03684356	0.035122927	-0.03163958	-0.028543197	0.05871797	0.0388914	-0.0015599126	-0.016982812	0.035292074	0.025737979	0.07875765	0.0045420635
0.08031796	-0.0043683224	0.041688107	0.06364865	-0.027015502	0.06988647	-0.08530373	-0.07414329	0.06157808	0.012840274	-0.03655401	-0.00781698	0.060856294	0.01913328	0.08575593	-0.07738999
0.013515506	-0.0527894	0.029261028	0.060730245	-0.086004145	0.004458443	-0.043992046	-0.021450553	0.071760796	0.08361269	-0.031753093	-0.03335978	0.070619315	0.06983334	0.01839881	-0.037790976
0.014615474	-0.06988604	0.09007651	0.07293253	-0.049496423	0.083390325	-0.04440577	-0.0517573	0.049706332	0.067031525	-0.046574272	-0.010535839	0.06462185	0.060007293	0.008522145	-0.010133514
0.009660146	-0.037780132	-0.008132068	0.02874153	-0.07030154	0.022556977	-0.010216029	0.008518112	0.0337405	0.01975271	-0.056002073	-0.055644397	0.06479269	0.08770242	0.006576099	-0.016489252
-0.064115934	0.08715102	-0.056967687	-0.05787466	0.0047208993	-0.05463185	0.03447001	0.054997187	-0.08430082	-0.020246062	0.01732373	0.08428229	-0.056409113	-0.03682727	-0.04794303	0.08014731
-0.01579516	0.035674762	-0.023477942	-0.013874548	0.010770595	-0.054095086	0.080325805	0.00052726653	-0.0049154665	-0.038830936	0.059037473	0.053823486	-0.035627536	-0.019469034	-0.06978545	0.012346392
0.065645054	0.004067342	0.074684046	-0.006815972	-0.026223324	0.024566362	-0.04249703	-0.06305448	0.000898903	0.057546772	-0.06499199	-0.08314352	0.003567498	0.029698672	0.045713186	-0.03869316
0.044244196	-0.024920458	0.05527955	0.021973012	-0.078589685	0.072890066	-0.06709714	-0.011083504	0.078004524	0.08478521	-0.03313127	-0.0070257024	0.06962578	0.06558714	0.017909812	-0.039645173
0.05663514	-0.037804484	0.02654092	-0.0033510951	-0.057746932	0.012023604	0.006502074	-0.016799536	0.045216013	0.048926927	-0.037017528	-0.0045193774	0.06379363	0.04855947	0.007159152	-0.026568746
0.041811626	-0.078290395	-0.008718478	0.053452797	-0.071714595	0.06981396	-0.050363973	-0.06079611	0.06641599	0.026283555	-0.005617675	-0.08415501	0.08344995	0.07733065	0.026421282	-0.07583474
0.0066201556	-0.08298314	-0.010853812	0.04240474	-0.055730354	0.07497289	-0.02037111	0.014330453	0.017963419	0.04410895	0.00031927816	-0.036331784	0.031239973	0.014946108	-0.011887157	0.0069765653
0.031534746	-0.032164767	-0.013979163	-0.0059867017	-0.02845639	0.041504327	-0.03205819	-0.03393474	0.021268472	-0.0011718255	-0.066138335	-0.024696928	0.07190449	-0.006917369	0.016695261	-0.061839405
0.0029516332	-0.042170737	-0.015995393	0.074938096	-0.067753196	-0.008039602	-0.007538341	-0.043136515	0.07644655	0.06434629	0.0033274202	-0.0615252	0.017854497	0.040033597	0.03485935	-0.053806122
0.05310494	-0.045420997	0.00028062664	0.0070489976	-0.02927413	0.08520403	0.006629711	-0.05882405	0.037514076	0.056318875	-0.011427646	0.006327621	0.009171565	0.05461861	0.038636137	-0.070037395
0.08188853	-0.042816486	-0.004309614	0.0005691794	-0.03507979	0.02426587	-0.039009377	0.0010072781	0.011938956	0.03554994	-0.01116307	-0.032702163	0.04248623	0.02642708	0.06403052	0.007871986
-0.053349398	-0.00067912857	-0.022959275	-0.0810112	0.071367435	-0.073980436	0.08775777	0.019868976	-0.09054442	-0.006340147	0.04249721	0.05612139	-0.07822027	-0.02545188	0.012204614	0.01931135
-0.0125834895	0.08018241	-0.05377072	-0.008509444	0.052401837	-0.086938426	0.007288182	0.085697114	-0.035370737	-0.057671428	0.064178176	-0.009924373	-0.06976495	-0.0686156	-0.034182735	8.12695e-05
0.07661961	8.819494e-05	0.0790574	0.054370843	-0.051010087	0.025704766	-0.007292442	-0.00386383	0.082440294	0.08010649	-0.07556522	-0.06329206	0.00990053	0.07843665	0.04171292	-0.052924596
0.02865072	-0.00505715	0.0735336	0.010739539	-0.0023583716	0.012656057	-0.08292692	-0.0048564645	0.02738292	0.008080684	-0.07060203	-0.0742969	0.061572477	0.073361784	-0.008415436	-0.064027414
0.0066562486	-0.03225278	0.014178351	0.024015805	-0.037701383	0.030368945	-0.02964905	0.004894391	0.042315546	0.077383615	-0.008806035	-0.023697896	-0.007290231	0.07593036	0.030137297	-0.047090456
-0.04445904	-0.01281736	-0.013802163	-0.03173509	0.08321333	-0.024818927	0.0804526	0.07671463	-0.03565392	-0.049312107	0.024342302	0.081725694	-0.0064587006	-0.025781551	-0.011751296	0.08149988
-0.046050098	0.022166649	-0.06187633	-0.030914519	0.027417947	-0.084916666	0.08496493	0.04325299	-0.059766304	-0.0053648497	0.07156489	0.041278586	-0.062024403	-0.048136126	-0.030928073	0.041249845
-0.08233063	0.004754001	-0.036607545	-0.023301927	0.07191995	-0.003701595	0.07761596	0.01559713	-0.06635285	-0.08655913	0.028060451	0.06709559	-0.01884035	-0.033398435	0.011646252	0.026348108
0.0069417786	0.018305019	-0.08122512	-0.010327359	-0.0032657776	-0.028626163	0.029594302	0.07654757	-0.05372742	-0.06499122	0.017864153	0.019863302	-0.06559805	-0.03728437	-0.055040494	0.019505847
0.08770444	-0.0038930704	0.001608968	0.07810925	-0.0020797374	0.065002	-0.012316384	-0.06619106	0.032957517	0.020574262	-0.018625911	-0.04091733	0.050335295	0.016882775	0.039999623	-0.058558267
0.07037727	-0.0120251095	0.046647795	0.07759298	-0.07423877	0.06475975	-0.023090774	-0.06482799	0.02601554	0.036371738	-0.0054800827	-0.06401965	0.032422848	0.056971066	0.018469367	-0.030118959
-0.0065848245	-0.00682549	0.04521609	0.06402737	-0.011255666	0.05159274	0.0095127355	-0.07244634	0.08824604	0.08275332	-0.07783824	-0.013518831	0.021801133	-0.005918863	0.008816662	-0.04371599
0.00781362	-0.0020185045	0.0002581876	0.08615861	-0.018029632	0.08294053	-0.056602668	-0.055558182	-0.0010213449	0.0033594784	-0.084768176	-0.016378338	0.07085541	0.04498023	0.07604273	-0.0024669063
0.05797858	-0.017983027	-0.007669444	0.08072327	-0.010063983	-0.0081044715	-0.00010500305	-0.042050913	0.08296296	0.042205114	-0.03532966	-0.0690873	0.025207566	-0.009964925	0.047778416	-0.03920894
0.018395456	-0.013552486	0.03551427	-0.010565269	-0.07808107	0.07880544	0.0015709981	-0.04271518	0.10076307	0.0880406	-0.0037883099	-0.03888499	-0.0031900238	0.06501339	0.0012783789	-0.005705263
0.07991923	-0.021870509	-0.010666776	0.0009350513	-0.0037552158	0.02357055	-0.02906514	-0.008401868	0.059023965	0.07580888	-0.03608919	-0.016756272	0.0045071626	0.07987531	0.069516905	-0.08270373
-0.009102365	0.0071830447	-0.061699443	-0.016687086	0.012541863	-0.04708351	0.03642279	0.080410294	-0.07986823	-0.011676293	0.034175962	0.02451296	-0.08296491	0.00333898	-5.732247e-05	0.06900334
-0.024066329	0.04823948	-0.07433919	-0.02014859	0.020369358	0.009485324	0.06169075	-0.010681913	-0.068608165	-0.04833906	-0.0020134787	-0.0014354074	-0.05431723	-0.06340198	-0.014954975	0.042926073
-0.004372106	-0.044021785	0.0035483893	0.024405587	-0.011937502	0.06633111	-0.07964925	-0.072530925	0.062973805	0.047966283	-0.048066784	-0.08254159	0.08615317	0.03535969	0.07930201	-0.032959677
-0.017005507	0.040450767	-0.04889361	-0.08473742	0.028026652	-0.08548207	-0.005219121	0.017915972	-0.072917424	-0.040677786	0.058061965	0.05504492	-0.05576078	-0.027112085	-0.021931734	0.024832387
-0.06996884	0.065624416	0.0026307188	-0.078087315	0.04774816	-0.08650651	0.031471286	0.017147727	-0.014014576	-0.03675668	0.085803114	0.024356827	-0.03996655	-0.06981261	-0.0006004896	0.068843655
0.07878509	-0.07437121	0.027074412	0.007093239	-0.009447239	0.012484545	0.0035952008	-0.08182903	0.08801692	0.091551825	-0.005650353	-0.0034384592	-0.0018288598	0.02221876	0.05182154	-0.037986416
0.03570986	0.00016671499	0.06914702	0.073769584	-0.05860608	0.020081908	-0.07754256	-0.06760196	0.022252487	0.08476678	-0.041741222	-0.041161794	0.065389	0.011260868	0.017941328	-0.044707917
0.043000963	0.0051549664	0.042412635	0.031670716	-0.09231175	0.08988794	-0.01561319	-0.06773777	0.07612235	0.011707962	-0.06766706	-0.028666893	-0.009206888	0.063757926	0.0051680002	-0.06159573
0.043423716	-0.054235194	0.0605329	0.04039931	-0.018334761	-0.008018128	-0.053800713	-0.038786568	0.045349456	0.08810111	-0.059538316	0.0057831346	0.04148839	0.029987678	0.03786777	-0.059326258
0.01774455	-0.05305882	0.08230819	-0.0015368127	-0.03407713	0.0010043832	-0.0871743	-0.033629827	0.07319764	-0.0022486004	-0.07442979	-0.054149657	-0.006504669	0.019526914	0.039089903	-0.026555045
-0.004634334	-0.0131972125	0.024743607	0.006189184	-0.024319533	0.058553066	-0.028640792	-0.025345294	0.065177254	0.04618105	-0.079167046	-0.07547242	0.02559141	0.06798618	0.06788823	-0.017472202
-0.03309103	0.04009443	0.007972218	-0.05932482	0.015827268	-0.05353967	0.017544601	0.0058367867	-0.038691282	-0.0046033333	0.032861184	-0.0041449415	0.0038197758	-0.051055297	-0.033028256	0.016275235
0.0045895237	-0.00047976177	-0.06314644	-0.024395214	0.016019125	-0.03863633	0.07769368	0.06773664	-0.04202874	-0.01641791	0.009633797	0.05367693	-0.029351806	-0.0053268573	-0.07896679	0.028074857
-0.009991721	0.018057788	0.012814656	-0.053390577	0.002569742	-0.046668872	0.06117568	-0.007162663	-0.08378484	-0.082128204	0.03144541	0.050181504	0.0012165081	-0.009802626	0.0068435995	0.08171954
0.0032036067	0.03294892	-0.043824334	-0.0415252	0.057500046	-0.05383604	0.04907336	0.06960365	-0.09641901	-0.012581505	0.059650276	0.014571885	0.001649612	-0.02851488	-0.042982064	0.0068944287
-0.05989782	-0.0073551764	-0.067145556	0.0072926944	0.06390507	-0.0022413365	-0.00075815845	0.08361593	-0.020467492	-0.0074342843	-0.011959069	0.02427237	-0.043420296	-0.06389345	-0.03653895	0.053951416
-0.048018727	0.030985143	0.00281628	-0.050290626	0.009083427	-0.004684877	-0.008559331	0.047078867	-0.05909843	-0.061959993	0.054935496	0.06894822	0.0033198872	-0.031954557	-0.023859987	0.079748586
0.0011604131	-0.04269894	0.090626515	0.019413374	-0.043205485	0.08115959	-0.01632856	-0.03297758	0.08219047	0.0002891068	-0.024416067	-0.016031798	0.006605439	0.045870423	0.038677286	-0.019474903
0.03774008	-0.013472576	0.06406105	0.08279956	-0.015720148	0.016427808	-0.015300918	-0.009728549	0.03249897	0.060067892	-0.055293072	-0.08085844	0.030005237	0.022369841	0.08050537	-0.008034412
0.06318415	-0.022809979	0.044592336	0.035965975	-0.0915754	0.04757517	-0.08083857	-0.065212496	0.094560675	0.08672598	-0.0063391672	-0.02026237	0.013142071	0.019710863	0.004095325	-0.052073035
-0.024024524	0.0033589231	-0.07767106	-0.030501904	0.038994916	-0.07290001	0.033988845	0.023178827	-0.030245466	-0.056977134	0.031835336	0.036442205	-0.07828369	0.0026212442	-0.039561383	0.002854254
-0.088826664	-0.0076844483	-0.06707803	-0.048219156	0.027544208	-0.00517783	0.008177806	0.015678516	-0.022149472	-0.005752137	0.07704809	0.02009575	-0.014511368	-0.01504605	-0.015557541	0.0047531524
-0.009513148	-0.008384296	-0.06048736	0.012621827	0.021218749	-0.0395973	0.06646599	0.07191018	-0.04671576	-0.023683997	0.049911056	0.05043712	-0.012598446	-0.02009044	-0.049249895	0.05579795
-0.06666339	0.071054935	-0.03096141	-0.04142782	0.009292388	-0.073222116	0.026512519	0.020549541	-0.054173153	-0.048947368	0.039525904	0.03153885	-0.045871157	-0.07465427	-0.005809185	0.07243263
-0.035237983	0.077675804	-0.044133842	-0.01348983	0.035532854	0.002579636	0.07938848	0.013554236	-0.05985817	-0.07316817	0.018876782	0.048303254	-0.038348787	0.0014246318	-0.06614955	0.015079863
-0.042785108	0.0048670545	-0.06027668	-0.07096266	0.05557633	-0.07409574	0.053026386	0.067446634	-0.0393692	-0.029373176	0.080560565	0.030336564	0.005698748	-0.0062481896	0.01737706	0.033967473
-0.028448444	-0.010022705	-0.010824986	-0.05985074	0.043905284	-0.007311079	0.06722492	0.03162839	-0.054379568	-0.01080754	0.05293303	0.044961	-0.050211947	0.0024698144	-0.02383545	0.062116068
-0.016499735	-0.012498334	-0.018411415	-0.04180209	-0.015997475	-0.0466154	0.039370835	0.051425613	-0.040001936	-0.009901271	0.021009335	0.061438836	-0.016647939	-0.046547797	-0.02084655	-0.0055578533
0.03315705	-0.062489927	-0.0073665944	0.027248958	-0.037496768	-0.005947763	0.003172464	-0.033006474	0.02755561	0.03221959	-0.05931394	-0.07540023	-0.006462623	0.037461556	0.05689437	-0.05314996
0.048793565	-0.078663565	0.06570291	0.008095139	-0.06253656	0.04507425	-0.014018031	-0.0586345	0.07645945	0.078762606	-0.0070108627	-0.047252104	0.053517275	0.059784546	0.06740271	-0.01620893
0.015580774	-0.079203255	0.034256887	-0.003903343	-0.023565203	0.032563467	-0.07581401	-0.044213016	0.0871175	0.09071147	-0.030064214	0.00029721693	0.08865446	-0.0048111915	0.04953848	-0.05109085
0.053921912	-0.0070813345	0.045046464	0.029965417	-0.036651235	0.006217325	-0.032959875	0.002211175	-0.0056997	0.032704078	-0.036109697	-0.08553212	0.07973245	0.054394066	-0.0001289915	-0.08507072
0.062046435	-0.05272324	0.026068259	-0.0034165229	-0.076552704	0.012462084	-0.017319772	-0.0026936491	0.0024398346	0.06562744	-0.077472165	-0.025471542	0.085001156	0.056599148	0.015242828	-0.0677466
0.07483993	-0.07810134	-0.008223104	0.010927112	-0.083302215	0.061387703	-0.026874803	0.002805927	0.008128623	0.032264307	-0.012993361	-0.05343408	0.06969256	-0.009508509	0.0017527374	-0.07756098
0.010218644	-0.017732697	0.008329187	0.034162585	-0.04995692	0.044686694	-0.07257054	-0.002336222	0.0463926	0.015107446	-0.04404174	-0.07111272	-0.0042585204	0.076604925	0.07874277	-0.021073794
0.034010585	0.00031345032	0.0358397	0.059643485	0.00051458296	0.04086388	-0.06935103	-0.05930883	0.06912203	0.0007732737	-0.012758601	-0.019325346	0.041801065	0.045874156	0.05636902	-0.012318761
0.005227553	-0.043833725	-0.007943667	-0.0014393642	-0.083519526	0.02274592	-0.002877471	-0.03816935	0.019594243	0.04102684	-0.016210778	-0.07909696	0.009142771	0.041621637	0.043006346	-0.00023987156
0.004569166	-0.020671897	-0.0013498133	0.014900658	-0.0017786957	0.029360903	-0.021730596	-0.0107450485	0.0104503175	0.04435601	-0.06376283	0.0021954677	0.050651655	0.039220873	0.021870015	-0.0060186605
0.061307587	-0.03982812	0.0028716421	0.062296875	-0.044725247	0.0843732	-0.07171605	0.008467062	0.037056297	0.024943143	-0.08289878	0.0005772555	-0.0048915623	0.048729654	0.025085274	-0.052843727
0.0059749153	-0.053143073	-0.0021252867	0.039013334	-0.08020532	0.054069497	0.003609206	-0.06891046	0.08607291	0.06987915	0.0056671686	-0.035800073	0.037765533	0.042579275	-0.005593988	-0.08957078
-0.07554252	0.042077642	-0.006717512	-0.0035480126	0.015190713	-0.047716945	0.042446237	0.03819409	-0.039960522	-0.011707765	-0.0061334656	0.007520142	-0.080165654	-0.055612937	-0.028431801	0.06347761
-0.06828352	0.05359048	-0.08306505	-0.048912954	0.08589832	-0.06441705	0.04270788	0.009129769	-0.083915964	-0.031319182	0.065017216	0.06320067	-0.016209824	-0.022236908	-0.036546294	0.017304346
0.070474416	-0.08179666	0.018238787	-0.008589951	0.0050862357	0.049780626	-0.057790313	-0.0034425752	0.092043385	0.018042779	-0.029844796	-0.027172381	0.06922146	0.040360622	0.04074724	-0.002605653
0.074447945	-0.0432513	0.031918354	0.04515048	-0.04563211	0.012013234	-0.032131135	-0.06578613	0.027825093	0.060470022	-0.03323265	-0.081427716	0.04719155	0.052898113	0.006244389	-0.09108937
-0.0032653033	0.051311232	0.0004965622	0.004081237	0.056044202	-0.03363889	0.03238141	0.04131172	-0.02308669	-0.00650975	0.018547926	-0.00068243424	-0.08437693	-0.00085317367	-0.009621514	0.087922566
-0.088353686	0.08143317	-0.024349654	-0.0062536085	0.084594294	-0.045405332	0.061619803	0.0112913335	-0.019076802	-0.019152166	0.00854679	0.012884638	0.012532523	-0.07836602	-0.03602107	0.046048764
-0.066140115	0.08065497	-0.03821608	-0.08419568	0.065235145	-0.087958135	0.0442914	0.05143205	-0.080246925	-0.050701093	0.0636261	0.0053230715	-0.066944234	-0.02407288	-0.07183241	0.022081973
0.04625374	-0.0029033427	0.0032024507	0.03671667	-0.055218622	0.07694592	-0.039976206	-0.05964786	0.052022308	0.08637687	-0.014277037	-0.027718037	0.014523011	0.08076273	-0.00036341228	-0.034266982
0.0870902	-0.08125277	0.03875781	0.03995392	-0.07862921	0.054771364	-0.025726391	-0.044235833	0.0925225	0.03765526	-0.010589988	0.0030163978	-0.0021656172	0.06354287	0.033666268	-0.076742806
0.027083727	-0.08107385	0.055199273	0.008616284	-0.0037039325	0.0031430135	-0.085012145	-0.056455128	0.07472125	0.094545625	-0.07318301	-0.0044329474	0.0101444125	0.017701855	0.009815486	-0.03009575
0.05656839	-0.05569257	0.0411517	0.079353586	-0.023107875	0.060337424	-0.022059532	-0.039949358	0.06705205	0.018114936	-0.05160423	-0.008413246	0.06323219	0.03767665	0.08556991	-0.060977373
0.03967286	-0.014043411	0.0052989004	0.071607456	0.0036289305	0.037792902	-0.04460916	-0.002823035	0.033212304	0.01011589	-0.05257749	-0.038290143	0.047419984	0.08227341	-0.0002985596	-0.07079909
0.016193824	-0.0062194895	0.009460205	0.016027313	-0.015571826	0.07442497	-0.06678288	-0.028704533	0.073552154	0.08311771	-0.028586905	-0.0734082	0.029304098	0.024098871	0.04091841	-0.040999994
0.060965084	-0.047789883	0.058768556	0.08422478	-0.037664045	0.049068496	-0.036410134	-0.015347279	0.093263716	0.072473645	-0.008438502	-0.03174276	0.08532066	0.020405497	0.0252128	-0.060538065
-0.040891644	-0.0006904657	-0.051050223	-0.0058205407	0.06841898	-0.05345794	0.062179327	0.03358003	-0.06186727	-0.0643621	-0.0064605526	0.049833078	-0.07050716	-0.049773205	-0.024770064	0.01205925
-0.07975263	0.01984056	-0.07220216	-0.03504962	0.07941526	-0.059360232	-0.009129122	0.05430903	-0.0069379783	-0.014724231	0.036800813	0.063464835	-0.039481312	-0.06178261	-0.054406397	-0.0026306703
-0.07271108	0.08591713	0.011361204	-0.050865997	0.088342465	-0.028242642	-0.0053945207	0.040476453	-0.00800679	-0.052301854	0.021900471	0.02019713	-0.02093355	-0.031472832	-0.07606353	0.07069419
-0.00041551594	0.01926403	-0.059530146	-0.034397725	0.05015956	-0.06470518	0.060277484	0.067921564	-0.09548616	-0.08172721	-0.005426603	-0.004111329	-0.046171486	-0.048418194	0.014299388	0.049186893
-0.0074841534	0.06056489	-0.0457366	-0.07729311	0.03389448	-0.023899596	0.019139528	0.026438763	-0.06644267	0.003334642	0.04450307	-0.0055642766	-0.07454261	-0.06939714	-0.015310093	-0.0039238413
-0.086994946	0.0036457551	0.00056480215	0.012024198	0.023623522	-0.063916706	0.084328	-0.0018318004	-0.05163761	-0.086690485	0.018214578	0.0025838825	-0.0626804	-0.062203925	-0.027026286	0.073396355
0.007512496	0.08088538	-0.019670922	-0.02729384	0.015528767	-0.0053595942	-0.0080371145	0.044661243	-0.025713498	-0.06566861	0.058258545	0.077555895	0.003980881	-0.033872254	0.004882307	-0.0029129563
-0.037955247	0.02971694	0.0058479593	-0.07427828	0.024866004	-0.049763784	0.07940975	0.050611436	-0.0025042142	-0.019785307	0.010557199	0.018378293	-0.08302442	-0.026406989	-0.033959836	-0.00036894076
-0.0065562995	0.03916773	-0.021913344	-0.043092087	0.05614024	-0.07361238	0.016872909	0.0823908	-0.01741793	-0.08751772	0.0053187287	0.004814721	0.0029382145	-0.019962523	0.0102036605	0.07487765
-0.07837901	0.065627165	-0.07807673	-0.007727421	0.0769052	-0.021444062	0.013720198	0.03542026	-0.025279937	-0.07515618	0.018360524	0.025499796	-0.07790664	-0.033313762	-0.05413039	-0.009188199
-0.05357894	0.047402415	-0.030597892	-0.04889648	0.023281058	-0.036582753	0.01103911	0.04648759	-0.049046498	-0.052467566	0.029874403	0.042406794	-0.040740397	-0.010071992	-0.02173675	0.089546494
-0.015569111	0.041862022	-0.01628471	-0.01663482	0.06505275	0.007764644	0.076223835	-0.013643573	-0.060789872	-0.08067003	0.07164187	0.04971773	-0.05101389	-0.051331438	-0.064065784	0.005005149
0.047772758	-0.06253604	-0.0019968322	0.051356237	-0.035309568	0.009758732	-0.04707281	-0.0023954767	0.05998524	0.099373564	-0.042207725	-0.090253696	0.030816475	0.0044317637	-0.0035936623	-0.013915839
0.09575966	-0.04134986	0.03611116	0.08760575	-0.0495823	0.08410044	-0.048749723	-0.052145325	0.0021439188	0.06476264	-0.07845215	-0.034517337	-0.00010724892	0.08850921	0.06185057	-0.038952794
0.07591881	-0.05982706	0.088614464	0.03487438	-0.012031444	0.071393356	-0.012233863	-0.026309798	0.00957089	0.04307515	-0.03426873	-0.06780226	0.06641413	0.006476413	0.08569165	-0.08733752
0.009715022	0.0058555654	-0.0017981362	0.038388275	-0.025032956	0.002183531	-0.055521358	-0.025417294	0.0838061	0.028836422	-0.08549656	-0.04493006	0.04209855	0.010147383	0.06019187	-0.046827607
-0.054255284	0.08055794	-0.04013217	-0.050841484	0.020472875	-0.065486856	0.00072532456	0.020163558	-0.04891666	-0.022386732	0.003673528	0.015560697	0.0075211376	0.012215891	-0.0460057	0.036998954
-0.0030780714	0.05965766	-0.07516178	-0.04368956	0.04507513	-0.026399642	-0.0010340159	-0.009758616	-0.041578554	-0.05241464	0.064786874	0.05117826	-0.010158937	-0.08345943	-0.07619788	0.01430802
-0.057572454	0.00029064235	-0.033503998	-0.069685034	0.043734446	-0.077182144	0.013063972	0.06618889	-0.021272749	-0.037378132	-0.014026799	0.072774656	-0.08270457	-0.07464783	-0.036801353	0.08539102
-0.05899047	0.04628686	-0.041507512	-0.019029059	0.012297228	0.009283527	0.07562799	0.00257774	-0.024526063	-0.024458995	0.065757364	0.029299956	-0.033704113	0.005950213	0.012329316	0.0395499
-0.0877534	0.022452777	-0.028423097	0.011572212	0.016828883	-0.07979699	0.06780501	0.06269084	-0.0041095507	-0.030632732	0.0014848352	0.059978988	0.002270688	0.0049965936	-0.03917429	0.07071844
-0.055028934	0.05513768	-0.077922195	-0.0041442113	0.05539066	-0.04951533	0.01178951	-0.008460099	-0.045186635	-0.056436535	0.075127035	0.05511379	-0.042643722	-0.031580374	-0.05584852	0.05343912
-0.07004201	0.0034231301	-0.029934896	-0.070801176	0.04945523	-0.022595266	0.07979539	0.05650595	-0.0062285773	-0.014728528	0.05735071	0.0357572	-0.023053972	-0.0448659	-0.059889223	0.01025104
-0.0058858115	0.02767095	-0.07740173	0.012796401	0.016866434	-0.0639854	0.014741546	0.023289515	-0.021190852	-0.07897708	0.024555117	0.068358846	0.011180836	-0.015754854	-0.05752318	0.081020065
0.08967707	-0.031405073	0.02117259	0.047223885	-0.0245967	0.08765953	-0.025344275	-0.04297253	0.021636497	0.06208617	-0.059589792	-0.03675404	-0.0078479	0.073966764	0.06697678	-0.041386444
0.05595627	-0.0483063	0.03993404	0.038979992	-0.060497783	0.031802822	-0.0040805414	-0.009880948	0.016715325	0.029714253	-0.055782873	-0.069919474	0.009215	0.08436613	0.07481265	-0.09340048
-0.06652873	0.07577295	-0.036484867	-0.004017932	0.035272762	-0.050996244	0.01591903	0.01726135	-0.07755395	-0.061593164	0.056434464	0.0070977844	-0.010977105	-0.08138499	-0.052850895	0.007111832
-0.013350289	0.018805448	-0.079403035	-0.042203963	0.036969617	-0.02285842	0.032941543	0.0002719446	-0.09853784	-0.09380666	0.06732291	0.002707067	-0.007796946	-0.04514908	-0.03801451	0.037845254
0.005629005	0.038500685	-0.007963753	0.006468932	0.081916064	0.0034210915	0.07817852	-0.006839167	-0.022746602	-0.013918702	-0.0059928605	0.022792138	-0.013639669	-0.040413655	-0.073045984	-0.0005804955
-0.056491084	-0.0052887923	0.005585541	-0.028520774	0.04822508	-0.041407768	0.033465218	0.0016119208	-0.05340511	-0.0071108607	-0.0005330761	-0.010807865	-0.038873546	-0.0049581584	-0.047807954	0.04424828
-0.077207044	0.015261431	-0.012607455	-0.02925476	0.014329966	-0.018595466	0.048698854	0.074475564	-0.02226268	-0.020172598	0.052876398	0.028490972	0.011951095	-0.04630002	-0.010590392	0.031790547
-0.020528968	0.019256772	-0.0784029	-0.07683227	0.043824185	-0.074638605	0.049277555	0.053836145	-0.05816409	-0.08076987	0.004156111	-0.001163888	-0.06883486	-0.011949544	-0.005023844	-0.003217171
-0.032008596	0.0039030053	0.0028735425	-0.08101373	0.053130865	-0.019429175	0.023192154	0.04308936	-0.0739933	-0.02861385	0.040725585	-0.013201594	0.00070028176	0.0052025486	-0.03150979	0.07435504
-0.054425634	0.059514493	-0.024404481	-0.035185844	-0.0032894015	-0.032245446	-0.005721307	0.04333729	-0.08851721	-0.05650919	0.064834684	0.05713224	0.0011925492	-0.04160219	-0.06652456	0.0076094125
0.04893238	-0.026088245	0.0402141	0.0798845	-0.009996895	0.04842831	-0.0003652905	-0.018262453	0.052349307	0.06984777	-0.07709024	-0.082302175	0.026417335	0.07354165	0.0032364	-0.05137929
-0.038640697	0.0074066366	-0.038303193	-0.042189755	-0.0047202203	-0.07356931	0.04570271	0.058721423	-0.093039066	-0.0525197	-0.009941563	0.008674672	-0.06320574	-0.07770455	-0.06563894	0.02327508
0.010519917	0.051461075	-0.059339534	-0.068555646	0.00339213	-0.0026637057	0.012141701	0.06247803	-0.08683574	-0.08905633	0.011179237	0.026350353	-0.047775842	-0.017364549	-0.051885195	0.07803802
-0.020434335	0.07400707	-0.04513194	-0.005590472	0.06166097	-0.017639123	0.045663625	0.004418442	-0.023748472	-0.05488924	0.07497057	0.024600372	0.002181749	-0.0660092	0.0038386064	0.017815182
0.001585719	0.0032766578	-0.018416343	-0.00076200353	0.008871803	-0.084236704	0.05497551	0.043775544	-0.03762091	-0.0003465529	0.06666369	0.06930954	-0.014651541	0.0063203597	-0.04605407	0.07252577
-0.08615282	-0.0012308417	-0.085193515	-0.08599036	0.028347345	-0.016011164	-0.0065285563	0.03241238	-0.087851785	-0.07993999	0.052083183	0.0806505	-0.068934835	-0.056621905	-0.08477939	0.056447275
0.08246573	-0.02510134	0.020270448	0.015656073	-0.037687246	0.087923415	-0.07493488	0.006996474	0.028642995	0.073109455	-0.052999698	-0.057058915	0.036821038	0.0477043	-0.010077561	-0.034607843
0.09273145	-0.08451032	0.03370875	0.02968861	-0.018015703	0.05781888	-0.026377147	-0.044363722	0.08612656	0.059603762	-0.077148914	-0.07675485	0.06698122	0.018917775	0.07861853	-0.0039095385
-0.0063405926	-0.012417499	0.086369656	-0.007305191	-0.03910954	0.042115167	-0.011763517	-0.046278704	0.021200864	0.04635409	-0.04627	-0.08694616	0.014569806	-0.0042719324	0.0091919135	-0.014242127
-0.00556381	-0.03320888	0.06910215	0.020232957	-0.016731227	0.055078946	-0.02087189	-0.052070312	0.05388568	0.08497348	-0.03332066	-0.06007322	0.08742266	0.021360446	0.072927855	-0.0032424696
0.02766667	0.006098984	0.06750519	-0.006137104	-0.028821839	0.0013472652	-0.0602965	-0.07004158	-0.001859885	0.07326231	-0.08725687	-0.026071403	0.0772139	0.03399699	0.047176	-0.041288693
0.00031177496	-0.022805637	-0.002311516	0.011184504	-0.003884773	0.048069272	0.005482084	-0.019916134	0.07189501	0.090179846	-0.030732311	-0.02962073	-0.0039440035	-0.009240967	0.08050391	-0.04293994
-0.07721601	0.02408467	-0.06778565	0.0018753972	0.07310232	-0.022656305	0.0060249968	0.040200848	-0.014299648	-0.066863336	-0.011977841	0.0075041703	-0.034702048	-0.04923869	-0.0002603292	0.067069195
0.08008815	-0.018049972	0.086465955	0.03283576	0.0019132596	0.039758507	-0.046198476	-0.045788143	0.03950264	0.042262033	-0.037306726	-0.076326326	0.018347144	0.05454077	0.017205864	0.003966767
0.038281508	-0.015717141	0.021001002	0.06954039	-0.020873023	0.039259486	-0.055348385	-0.003333267	0.082731	0.04821269	-0.074986875	-0.042505335	0.06794154	0.07609272	-0.005799945	-0.0042395233
-0.0053639077	-0.008263008	-0.0044552917	0.08909755	0.0010165831	0.05475229	-0.060223095	-0.011702272	0.04643633	0.022309955	-0.03476867	-0.0019983517	0.004556717	0.08857016	0.07933903	-0.018402439
0.049629215	-0.021014558	0.047789898	0.011433321	-0.05200927	0.035824254	-0.008632121	0.00955897	0.07559291	0.09293793	-0.034036357	-0.07929492	0.05620377	0.07410453	0.052462365	-0.03934829
0.057399478	-0.07007317	0.043811563	0.05745003	-0.07220376	0.0032512064	0.0060439436	-0.047449935	0.025451895	0.0013260737	-0.064718254	0.004652652	0.065520555	-0.0055487487	0.078085214	-0.061255626
0.05827138	-0.04131188	0.0021419355	0.032720003	-0.035749324	0.044799354	-0.06746934	-0.020987483	0.019751376	0.020981621	-0.0038713445	-0.008454298	0.010977822	0.028959492	0.04429302	0.008238394
-0.011569293	0.035436373	-0.066311374	-0.002962941	0.0719549	-0.060545918	0.058533728	0.005436411	-0.034170803	-0.045379046	0.058765262	0.02996329	0.012768702	-0.0077199577	-0.0077083386	0.052163936
-0.08596591	0.05510767	0.012009418	-0.06254375	0.02950944	-0.084299855	0.031631105	0.07958921	-0.016787514	-0.011241743	0.07513968	0.0168178	-0.006098806	-0.07130903	-0.0021179852	0.028899837
-0.027892154	0.015022226	-0.02091818	-0.024498971	0.08593832	-0.062171955	0.055017836	0.064968854	-0.03632441	-0.08368251	0.04100339	0.06731153	-0.0033247164	-0.012952272	-0.022151792	0.023256507
0.023218993	-0.02686194	-0.0038950185	-0.0052350843	-0.039794113	0.036264397	-0.089374214	-0.036486026	0.0031966746	0.062752254	-0.03857339	-0.083649404	0.071404584	0.052408718	0.06718199	-0.0016485887
-0.012576616	0.061663125	-0.0707081	-0.017808111	0.019248264	-0.083211616	0.08204224	0.020924589	-0.024711508	-0.086455725	0.027850531	0.011130846	-0.08039858	-0.044887114	-0.048595116	0.043471046
-0.083855234	0.04973493	0.010974996	-0.06025971	0.007252758	-0.06304878	0.06377182	0.038859278	-0.019061925	0.0070866444	-0.014124958	0.034055267	-0.07383627	-0.016768426	-0.07849956	0.077559255
-0.07348518	0.057895537	-0.0028904334	0.005791655	0.07481856	-0.033879533	0.044901155	-0.0072332155	-0.059634604	-0.062926956	0.021737747	-0.0031657724	0.015067871	-0.017775653	-0.002840468	0.040242158
0.08389632	-0.056511674	0.021206586	0.013457786	-0.06171187	0.008589595	-0.041101277	-0.022331502	0.06603447	0.0810589	-0.069389366	-0.033096842	0.07141202	0.06577819	0.014373824	-0.066557
0.03168189	0.0020350495	0.044808768	0.05002995	-0.088789195	0.07006196	-0.053913757	-0.023174167	0.030175274	0.02863608	-0.058585558	-0.054590516	0.010193574	-0.0071640345	0.059398994	-0.019492233
0.06690457	0.009645064	0.07326207	0.06013182	-0.02818311	0.046210803	-0.029284986	-0.039726093	0.05358707	0.072881855	-0.0043433406	-0.06720631	0.05520008	0.0201607	0.0110967355	-0.07874042
0.045002207	-0.080068745	0.018314524	0.006934202	-0.003814231	-0.0074045565	-0.080103636	-0.08191368	0.037242696	0.003200019	-0.076950505	0.010832207	0.009315823	0.040561873	0.06740815	-0.051959515
0.008125833	-0.07130749	0.014406244	0.082010224	-0.093988255	-0.0076304576	-0.016217412	0.005976064	0.026066398	-0.00041009192	-0.08794865	-0.0498786	0.022474755	0.06636637	0.00027363154	-0.06300741
0.091234915	0.011039973	0.0014928575	0.04172038	-0.04999699	0.0049785357	-0.016894456	-0.038430113	0.08928429	0.078437544	-0.07493913	-0.084706284	0.083210185	-0.006402043	0.07063373	-0.08953703
0.05308915	-0.0042848415	-0.002899627	0.010351714	-0.009339629	-3.8934682e-05	-0.060453866	-0.0761071	0.08966773	0.03663747	-0.045530904	-0.0021669413	0.05982103	0.012810254	0.012970611	-0.033591397
0.082256906	-0.04258968	0.0051300395	0.062267017	-0.014563168	0.07591074	-0.051152017	-0.07283471	0.050682634	0.05973511	-0.0046745553	-0.0524093	0.044628248	0.07936021	0.04719969	-0.048844755
0.028041193	-0.079251416	-0.009048375	0.048277985	-0.03078308	0.0706332	-0.026298987	-0.017056	0.041962914	0.03233746	-0.063615546	-0.08764701	0.031253684	-0.00062574743	0.054356962	-0.065005936
0.074907	-0.055895425	-0.0043010036	0.088307604	-0.016166372	0.057478767	-0.058941893	-0.034691367	0.043046977	0.01633374	-0.083955005	-0.077814065	0.008857885	0.0014084881	0.0706365	-0.012290837
0.04979975	0.008666953	0.020564726	0.05949381	-0.06788007	0.027900005	-0.015827116	-0.02021246	0.06295258	0.02222444	-0.007240035	-0.06390992	0.024039492	0.006907589	0.0046011875	-0.08768598
0.045564555	-0.03208422	0.027392102	0.022095084	-0.0009945625	0.066959076	-0.0055442527	0.0015529757	0.0007055431	0.07609301	-0.037689175	-0.08347326	0.040646836	0.010703601	-0.0007869664	-0.06931951
0.06178369	-0.05431932	0.07620061	0.03267721	-0.056401167	0.019418512	-0.06250499	0.0029894356	0.011047006	0.031954262	-0.05559709	-0.020132903	0.08248169	0.060627297	0.05377627	-0.0678407
-0.005658846	0.07248341	0.012274485	-0.058589686	0.07403771	-0.068838514	0.068815075	0.07704777	-0.03206471	-0.049012173	0.050949823	0.058350146	-0.07342191	-0.086865634	-0.08172436	0.013238476
-0.002696704	0.043110806	0.010113391	-0.08191198	0.06288702	-0.03311942	0.062166933	0.0628222	0.00071537594	-0.018643377	0.05207989	0.030722016	-0.024982113	0.008671799	-0.06275754	0.0013319765
-0.08008282	0.06855241	-0.0688258	-0.035664313	0.06962377	-0.07236209	0.049644623	0.06741461	-0.03715091	-0.021786213	0.0037911132	0.08245301	-0.050141726	-0.006390441	-0.02116636	0.057000056
0.06737115	-0.062141187	0.07012781	0.06864018	-0.07159325	0.038118545	-0.040861275	-0.01294648	0.059334274	0.06695208	-0.017092949	-0.057525788	0.08004787	0.08828989	0.04852677	-0.05579658
0.06800886	-0.07630111	0.07341074	0.089082055	-0.005171599	0.07361792	-0.048340492	-0.035506323	0.093828544	0.030817043	-0.07899446	-0.08454081	0.008951826	0.0302017	0.07499641	-0.07682911
0.029313954	-0.046909336	0.08903762	0.034394987	-0.0015181612	0.027846467	-0.0072638495	-0.022424573	0.061805446	0.019220747	-0.04680309	-0.0865106	0.08092265	0.033192456	0.034776356	-0.040556192
-0.035276007	0.0038417892	-0.053327356	-0.042865567	0.057277903	-0.08114227	0.048679847	-0.0044019907	-0.0934911	-0.037322696	0.037678253	0.051957723	-0.04908117	-0.051898897	-0.07828513	0.051368285
-0.030600684	0.030929025	-0.01592797	-0.04857997	0.00813947	-0.06310683	0.021776091	0.038336128	-0.018448494	-0.043923907	-0.0102870595	0.004989512	-0.031400435	-0.08826752	-0.018190242	0.07490916
-0.08315739	0.04413257	-0.016435297	-0.06450581	0.070043355	-0.051444303	0.038178943	0.060732357	-0.023656152	-0.059777915	0.07576709	0.0028037452	-0.0009813736	-0.02359067	-0.019804833	-0.00031024835
-0.0842701	-0.0009415189	-0.06752533	-0.03443776	0.013405398	-0.010933957	0.07953309	0.02896308	3.888621e-06	-0.0018159407	0.07408262	-0.0044230586	-0.037132133	-0.018946758	-0.06772769	0.04953134
-0.055921927	0.03435318	-0.042639583	-0.00622122	-0.0002651318	-0.0040318267	0.033697058	0.035612166	-0.09003448	-0.09527927	0.00636112	0.005262462	-0.004841609	-0.034915995	-0.07613029	0.07267636
-0.017874662	0.05806008	0.010335253	0.006112485	0.07127173	-0.021857167	0.063412696	0.028323106	-0.009734366	-0.059822608	0.084491566	0.05578849	-0.07137993	-0.042154357	-0.0018904408	0.0053930827
-0.0878935	0.048453547	-0.003998084	-0.044823445	0.0071935575	-0.08475296	0.062427662	0.023889277	-0.10261548	-0.05348697	0.013866377	0.06264965	-0.025202574	-0.046221487	-0.041200045	0.032997172
-0.026657294	0.08695322	-0.012655479	-0.062360454	0.056376588	-0.06533697	0.08833744	0.0721074	-0.066693515	-0.055541698	0.044538774	-0.011524709	0.009518985	-0.051666968	0.002629755	0.033503175
-0.0337119	0.045209683	0.011428396	-0.08145451	0.03519888	-0.06896832	0.062528476	0.020815387	-0.06474367	-0.08076469	0.018073298	0.037939664	0.005322182	-0.081052035	-0.0042903223	0.07177218
-0.052243657	-0.008728976	-0.019079266	-0.059633974	0.044927884	-0.019276459	0.050363	0.0031938716	-0.054373387	-0.067665644	0.033654056	-0.0021080268	0.00917313	-0.051693633	-0.06172086	0.058698945
-0.031118596	0.01008006	-0.031587195	-0.07965553	-0.0020319058	-0.020312931	0.025616547	0.018494368	-0.014396817	-0.016405601	0.060285147	0.018137682	-0.034153722	-0.07230511	-0.03450803	0.0050428365
-0.035826888	0.014501406	-0.07040057	-0.018049438	0.03373832	-0.089343876	0.04903667	-0.005284212	-0.0020865828	-0.06263755	0.0019746413	0.04400757	-0.028902592	-0.059101902	-0.040047582	0.07434337
-0.08119345	-0.0059664636	-0.059442353	-0.040612802	-0.0139322225	-0.024341019	0.07490914	-0.016169196	-0.024458313	-0.014856107	0.00087671	0.058101468	-0.056120012	-0.06483049	-0.026813889	0.034972515
0.006105714	-0.002138252	0.035150453	-0.01021679	-0.061506197	0.03273237	-0.06414417	-0.001816684	0.038483363	0.03640091	-0.012424585	-0.07025084	0.031061526	-0.0007846713	0.038524263	-0.08796459
0.07242366	0.0017147703	0.030900488	0.035010777	-0.027918987	0.030283116	-0.018636275	-0.06920207	0.030670894	0.05235114	-0.0029935597	-0.05782358	0.02506309	0.0032483882	0.079840355	-0.0054802224
0.05007654	-0.0005827946	0.041932583	0.064274356	-0.073052205	0.06988414	-0.06308081	-0.06626055	0.02525354	0.016034687	-0.08771363	-0.073900044	0.03314308	0.07382765	-0.010647986	-0.021069555
0.041877892	-0.006561694	0.033043336	-0.010720655	-0.036135245	0.036354057	-0.04792909	0.0072230026	0.028209174	0.09146731	-0.08194451	-0.022804439	-0.005017828	0.026968675	0.06495407	-0.03560175
0.0010398442	0.018107178	-0.08115671	0.0018970761	-0.026798768	0.0104085645	-0.012361823	0.010290092	-0.008087773	-0.049531143	0.07600533	0.029540444	0.02597539	-0.06388587	0.0077629075	0.059906267
-0.01782443	0.05970014	-0.020030731	-0.056551874	0.014140743	-0.019035831	-0.006984718	0.023184884	-0.04485612	-0.059574217	0.02968126	0.024266923	0.009102388	-0.032021105	-0.059675533	0.016332801
0.010050072	0.075703755	-0.08301075	-0.053207964	0.052257825	-0.055090964	0.07708775	0.053685505	-0.065495834	-0.063096575	0.052769873	-0.009206461	0.026567753	-0.040302765	-0.026741015	0.069160655
0.0728884	-0.008187589	0.0005407308	0.01097267	-0.06439225	0.03935413	-0.05437404	-0.0020321698	0.023736978	0.045773152	-0.0369857	-0.007606363	0.04064122	0.05973456	0.082408495	0.0032327462
0.07083102	-0.039845455	0.033318765	0.013159701	-0.025672669	0.030623436	-0.035466604	-0.034107205	0.055374313	0.04629379	-0.06732105	-0.05961811	0.0053842845	0.002063725	0.04858128	-0.030291112
-0.002883817	-0.008584504	-0.0069774194	0.051179748	-0.081656896	0.08692387	-0.0716634	-0.006949436	0.0663411	0.027666692	-0.055531953	0.000271087	0.0056289136	0.04076613	0.08288161	-0.054562185
0.02669573	-0.054696396	0.08716739	0.019377125	-0.057739522	0.014396467	-0.057108674	-0.045461472	0.01100583	0.06582187	-0.016285026	-0.027057795	0.027656863	0.09092472	-0.009501607	-0.050750114
0.0072921314	-0.051471703	0.08346265	0.010214857	-0.021438697	0.045190908	-0.0017902828	-0.064467885	0.028817538	0.0475829	-0.012563194	-0.05079397	-0.008553785	0.040821597	0.08833988	-0.03970469
0.08636878	-0.019461503	0.038073406	0.055781934	-0.012277275	0.06667084	-0.056291696	-0.029027246	0.091135584	0.026839906	-0.059468795	-0.067111455	0.041633673	0.00040833803	0.021188173	-0.040693462
0.067696296	-0.07257024	0.065064676	0.013927779	-0.01742337	-0.0013999997	-0.0128558185	0.0010916869	0.09339731	0.026323205	-0.067766584	-0.082834154	0.021435803	0.07284257	0.07392317	-0.012219378
-0.033539873	0.015436116	-0.040872656	-0.03747967	-0.008455637	-0.07935918	0.020094784	0.0122819105	-0.011596747	-0.02496955	0.07439725	0.04459272	-0.054647017	-0.019403653	-0.015383553	0.068079785
0.018782578	-0.0044154455	-0.049100745	-0.06208206	0.0006835378	-0.022786546	-0.019235829	0.027168872	-0.06989243	0.010239009	0.07201054	0.039728444	0.017722003	-0.04232365	0.028329019	0.009853206
-0.05001927	0.057517204	-0.07992931	0.001996156	0.049135633	0.003293724	0.040586073	0.02469265	-0.033471372	-0.030950343	0.03288563	0.0058563743	-0.0023235837	-4.9644565e-05	-0.063450545	0.02275979
0.008051668	0.06496977	-0.050231833	-0.057425767	-0.010672916	0.002594428	0.031061498	0.0014102842	-0.02752952	-0.055556837	0.0787174	0.061968647	0.016326472	-0.048109587	-0.03761195	0.035529908
-0.042889636	0.0755843	0.00049807853	-0.010683909	-0.04017797	-0.04603242	-0.019555429	-0.01031281	-0.035094455	-0.07533399	0.07618625	0.07207624	-0.008694619	-0.032717243	-0.03965654	0.0027705259
-0.0036507146	0.005717926	-0.04128952	-0.07045891	0.05058492	-0.03844355	0.031896014	0.0057711704	-0.061069295	-0.033700433	-0.003774054	0.04145941	-0.052994575	0.02208581	0.017145442	0.021355173
0.07842171	-0.07193247	0.031367496	0.025949579	-0.031709768	0.006310033	-0.08045618	-0.026750285	0.07451367	0.010964642	-0.0040214183	-0.058640163	0.040470805	0.056617513	0.063132845	-0.025129607
0.040734548	-0.042121686	0.03837635	-0.0025247762	-0.009292263	0.06501951	-0.058408126	-0.039622527	0.06668641	0.025618635	-0.020214789	-0.05767538	0.029601354	0.041162487	0.0123154735	0.0013870244
0.02064687	-0.029426353	0.07049539	0.0512202	0.0014431089	0.016689623	-0.060470268	-0.06261276	0.040030774	0.016483782	-0.07665328	-0.072232686	0.00020748083	-0.0062036193	0.0635697	0.0018497056
0.040964767	-0.032825004	0.06727338	0.00601014	-0.0800765	0.010980695	-0.053095844	-0.0072708125	0.019266427	0.08366879	0.0016262647	-0.01402323	0.04673249	0.09139891	0.040504053	-0.045290932
0.011106859	-0.040567726	0.013206336	0.061519966	-0.05904621	0.058572393	-0.07322294	-0.06416695	0.08363855	0.082043685	-0.020580856	-0.06999889	0.029921103	-0.0025884924	-0.006781992	-0.0351301
0.0125724645	-0.028852452	0.03197046	0.04523406	-0.035444763	0.05632117	-0.02683898	0.008539217	0.0059561636	0.06260723	-0.007324252	-0.01758939	0.063314326	0.0071788225	0.08476748	-0.03293968
0.01625638	-0.0070357467	-0.008882704	0.0063691563	-0.041333586	0.09017297	-0.022630228	-0.06568768	0.09250152	0.0751122	0.002539637	-0.030084768	0.06521218	-0.00424748	0.009774742	-0.029032107
-0.031016523	0.024318682	0.00695369	-0.06890042	0.044042416	-0.0827576	0.07970281	0.07295122	-0.090502724	-0.042991094	0.08684042	0.07635133	-0.05613854	-0.005017953	0.0029139568	0.030434998
-0.009486333	0.034410484	-0.033652652	-0.006591728	0.017741568	-0.006030546	0.019453734	-0.0013713809	-0.07701691	-0.08818609	0.0002851903	0.060825456	-0.059485618	-0.08192518	-0.044467755	0.006684778
-0.043844912	0.035161648	-0.04175709	0.008401072	0.037239164	-0.03998547	0.05350178	0.0612321	-0.0835979	-0.053535335	0.025677646	0.04423848	0.004863455	-0.06050863	-0.034603108	0.053394556
0.006480208	-0.057163075	0.060409117	0.026719585	-0.026034651	0.009232776	-0.043801993	-0.05936711	0.09186073	0.07389335	-0.033980828	0.007819748	0.078471184	0.061063495	0.001859557	-0.00592084
0.07382478	-0.024928067	0.010115979	0.0016586492	-0.0025296826	0.00537935	-0.07026159	0.0067180116	0.07093163	0.02893995	-0.048614733	-0.08963254	0.028358847	0.0783475	0.035113186	-0.023084396
0.021734942	0.0004471963	0.032797705	0.031581227	-0.04196174	0.07809888	-0.067993194	-0.075986646	0.017241467	0.013851248	-0.040427305	0.0070629413	0.045714274	-0.001499073	0.026103461	-0.034179114
0.06502171	-0.06509814	0.04413926	0.037071176	-0.019066544	0.009563999	-0.04950997	-0.056589156	0.07705537	0.060228147	-0.03683932	-0.008042234	0.08062852	0.05878145	0.08838101	-0.07693434
-0.0028275994	-0.037129693	0.09147014	0.006755963	-0.015348173	-0.004310334	-0.004672853	-0.07554992	0.009226361	0.03674004	-0.011314296	-0.049977522	0.004183829	0.0076450473	0.007333065	-0.010648928
0.069257244	-0.0026308452	0.084349655	0.021242704	-0.08579712	0.029976724	-0.024866259	-0.08125322	0.05593457	-0.0017340932	-0.070482515	-0.06082972	0.017336393	0.03508536	0.026366172	-0.052740827
0.08837362	-0.0064680367	0.07163303	-0.008503026	-0.033152558	0.060534585	0.0053262394	-0.015046158	0.07750349	0.066922255	-0.04715599	-0.0066849543	-0.0020420034	0.07556546	0.05583594	0.0005743471
0.07783656	-0.06079567	0.019809116	0.007056535	-0.0040711	0.05810805	-0.01534163	-0.01855172	0.084741324	0.046869777	-0.059271887	-0.04036646	0.020398881	0.06840579	0.025859877	-0.05526734
0.05309593	-0.075917326	0.051541097	0.042981874	-0.020089881	0.08594786	-0.04723917	-0.024445038	0.087085925	0.064040706	0.006160005	-0.058008738	0.0056772428	0.07317685	0.055477552	-0.0012013003
0.0011741016	-0.011805935	0.013331307	0.025265122	-0.07104113	0.057970703	-0.04156078	-0.0033617804	0.020267423	0.00537753	-0.03556783	-0.09024004	0.04983207	0.07551743	0.087052524	-0.035384756
0.07450771	-0.019168204	0.0004220356	0.05944518	-0.053299915	0.08994059	-0.039604753	-0.08223141	0.07933097	0.05358888	-0.051338244	-0.056703977	0.045163453	0.052376244	0.07282869	-0.023570253
0.057174023	-0.07738675	0.08164086	0.0054802024	-0.06940627	0.054677136	-0.0016136032	0.011069612	0.07351955	0.07463442	-0.009447145	-0.014974314	0.08167387	0.059166957	0.018235285	0.009869938
0.03448394	-0.015187963	0.0809523	0.06402016	-0.07457468	-0.009254359	-0.070879966	-0.07593399	0.055225026	0.049359564	-0.06555013	-0.010917442	0.017469965	0.000522558	0.008118421	0.0080442475
0.012765843	-0.07487581	0.024672754	0.04742063	-0.03908506	0.07828742	-0.06286765	-0.08408704	0.0108984215	0.06107065	-0.06156447	-0.0087789595	-0.0035212196	0.09271265	0.037357286	-0.014309211
0.0016984169	-0.04133475	0.07700657	0.04649397	-0.015753483	0.012396619	-0.022445934	-0.08366037	0.069857225	0.056463912	-0.025902033	-0.047156893	0.027697477	0.046182677	0.018332098	-0.08902619
0.04005659	-0.07567584	0.039915096	0.07954508	-0.09575883	0.05648891	-0.083344124	-0.0009887427	0.037196573	0.029919315	-0.032010455	0.0019278295	0.044878937	0.0111932885	0.06699366	-0.068442136
0.08511011	-0.0736807	0.022427905	0.06664665	-0.0048565967	0.06641775	-0.04034251	-0.040751666	0.0070488863	0.04212154	-0.08329974	-0.00028348173	0.014725426	0.07334961	0.0668635	-0.07657444
-0.038150605	0.05545927	-0.0023743848	-0.0694369	0.080790095	-0.021117292	0.051288877	-0.012535887	-0.035539743	-0.07978754	0.07854707	-0.00018494493	0.011857662	-0.03179279	-0.06621447	-0.0023786316
0.004891704	0.083501406	-0.0031420926	-0.063850045	0.053689163	0.009108771	-0.011997177	0.008561945	-0.043429058	-0.055603553	0.04191275	0.079944074	-0.008594012	-0.0029876907	-0.0046185665	0.047154825
0.048785176	-0.067241885	0.03415634	0.08193001	-0.03958253	0.05708355	-0.07621785	-0.023024203	0.09536345	0.014161582	-0.08719427	-0.043365087	0.0046217744	-0.004117742	0.0061489493	-0.07011766
0.03662715	0.0076424372	0.036414523	0.07048907	-0.06047392	0.07142228	-0.07881056	-0.0014695842	0.09425226	0.0032501335	-0.08561499	-0.013347646	0.014484586	0.076651424	0.0022073158	-0.06853662
0.092264906	-0.090512425	0.08763035	0.012147735	-0.093568094	0.01625148	-0.07341607	-0.0016314695	0.05809877	0.026962318	-0.012702318	-0.013163885	0.03556107	0.03941644	0.05766453	-0.0015281558
0.004600858	0.067603305	-0.01107007	0.0031186987	0.027036909	-0.016577924	0.08222824	0.043613587	-0.07312914	-0.018576711	-0.009404358	0.017155828	-0.029851075	-0.053465065	-0.02674181	0.023516905
-0.04105638	0.010690694	0.008788052	-0.063924044	0.06957022	-0.033666056	0.056619123	0.05940377	-0.0319403	-0.05915704	0.007545151	0.05504788	-0.024169374	0.005110161	-0.029756121	-0.009849573
0.0058015105	0.065551125	-0.040455736	0.007405564	0.06631219	-0.081381865	0.012809946	0.03435553	-0.088448904	-0.03195183	0.04629487	0.040765718	-0.06751777	-0.07729005	-0.06156791	0.057776336
-0.07915209	0.04838492	-0.035861008	-0.064596176	0.020304035	-0.026052868	0.05129468	0.016090795	-0.018179085	-0.013079731	0.059547067	0.010141692	-0.036022216	-0.0042110677	0.0011799437	0.0010103357
-0.07895976	0.07335642	-0.055674642	0.0032794587	0.012542893	-0.06840518	0.07579637	0.06485389	0.0015304064	-0.051391408	0.07096752	-0.015716203	-0.050908156	-0.032915533	-0.034244247	0.010715302
0.0050925054	-0.08253977	0.049688537	0.020747675	-0.06934224	0.0109047	-0.040140536	-0.070459515	0.07828427	0.041096404	-0.055540495	-0.0022787892	0.05367642	0.068301156	0.08349323	-0.051865682
-0.05280427	-0.015427216	-0.011794595	-0.075946495	0.030768517	0.007958895	0.014992145	0.02014277	0.0029587955	-0.042424254	0.026986914	0.023355564	-0.059433773	-0.07430858	-0.024711777	0.040574104
-0.012101027	0.060681574	-0.04505829	-0.064160496	0.05995093	0.0118977055	0.011913081	0.07480103	-0.04432932	-0.086045824	0.07598791	0.062138997	0.012807099	-0.06115476	0.0046684016	0.006884599
0.020004956	-0.017521506	0.084385775	0.026055414	-0.020374373	0.020764053	-0.074033946	-0.049092256	0.03537882	0.045247577	0.005781221	-0.06791693	0.020123327	0.08136409	0.038169418	0.0053706723
0.06973395	-0.002261143	0.02055328	0.04103676	-0.009259949	0.01830579	-0.0079996595	-0.054808117	0.0055661593	0.020961711	-0.06442339	-0.07347578	0.029323123	0.05395069	0.014906592	-0.083652325
0.08950021	-0.035556547	0.021622635	0.06863142	-0.040554263	0.07690658	-0.0085052615	-0.039595436	0.018759578	0.009211251	-0.06395589	-0.030028064	0.034200754	0.007460421	0.04701945	-0.041442465
0.01742797	0.0060634166	0.0707943	0.0883775	-0.009711433	0.06061399	-0.08633729	-0.007957222	0.07968749	0.07152063	-0.015675047	0.00069274247	0.036066193	0.08147611	0.016683321	0.0033891925
0.07462351	-0.04654814	0.015068399	0.038662042	-0.026485167	0.06000172	-0.007297551	-0.0077324198	-0.0045062667	0.057267383	-0.0030505483	-0.04362477	-0.00820479	0.0516564	0.0547434	-0.068425216
-0.036586538	0.053758726	-0.0494654	0.0043097567	0.021570824	-0.012308845	0.043873224	0.059783746	-0.0019235438	-0.09119499	0.055169	0.07708771	0.013371733	0.012620302	0.0047132545	0.03242731
-0.023861691	0.01847782	0.0125094345	-0.037804566	0.065136276	-0.024489734	-0.008300904	0.04807366	-0.09446493	-0.05663773	0.029799415	0.064065866	-0.01271199	-0.04033352	0.0136875855	0.035133924
-0.049692	0.048238955	0.011754826	-0.056168515	0.0070432867	-0.07452159	0.05415579	0.040279064	-0.008448962	0.0014300343	0.031019831	-0.008706711	-0.017049568	-0.06444108	-0.012541044	0.050976187
-0.086905286	-0.010235216	-0.07492885	-0.027599275	0.04926637	-0.020631572	0.072970696	0.05552909	-0.03124659	-0.023308937	0.02858094	0.06469049	-0.013028351	-0.046846002	-0.05376705	2.1649466e-05
0.07533246	-0.0617763	-0.0061659077	0.017442489	-0.049025096	0.02954313	-0.073521204	-0.0044810115	0.09555132	0.030018322	-0.053196166	-0.03226061	0.060454637	0.07553623	-0.0051591657	-0.040098656
0.00011198329	-0.007569824	0.010658234	0.012657781	-0.007925986	0.062348727	-0.07970362	0.011467837	0.08859258	0.082174234	-0.021620661	-0.016142642	-0.009996643	0.018226936	0.03683597	-0.058286346
0.005713949	0.011489169	0.0783582	0.06431194	-0.07006214	0.079926185	-0.023218654	-0.004140003	0.039349202	0.008548087	-0.05034456	-0.0012288721	0.040510423	0.072948545	0.05149123	-0.06505279
0.040760424	-0.004792745	0.0571444	0.00354137	-0.076418035	0.053795096	-0.05226023	-0.069867305	0.012589022	0.026690945	-0.0117329685	-0.0065915855	0.08662076	0.041003834	0.048509423	-0.05854317
0.08857209	-0.050136916	0.0025048186	0.0048917965	-0.015060771	-0.0027936604	-0.0742407	-0.069433555	0.04815405	0.062344626	-0.053416077	-0.08554421	0.077964544	0.07482138	0.07157592	-0.08619382
-0.02522134	0.045564827	-0.04514245	-0.014426919	0.024620354	-0.017193131	0.06426005	0.029188095	-0.011424416	-0.050164927	0.04633422	0.019308755	0.0042230356	0.015977101	-0.05284291	-0.0016870198
-0.036355633	0.015183622	0.011785383	-0.06871241	0.0032757907	-0.008297459	0.08048674	0.06703715	-0.06139222	-0.040429316	0.06908232	-0.004751524	-0.024527341	0.0006112542	-0.058006864	0.010765586
-0.04959746	0.03137936	0.006832412	-0.06359791	0.0361272	-0.05984676	0.037952803	0.06159517	-0.037003383	-0.08229713	0.008648524	0.055251434	-0.0014359112	-0.000755607	0.014134575	-0.013463717
-0.023851762	0.017294267	-0.052522168	-0.02951265	0.0008823506	-0.07924871	-0.0041464386	0.0304544	-0.057946812	-0.059785657	0.07621053	0.011458138	-0.004938481	-0.03574895	-0.0031695308	0.02100217
-0.028206805	0.01856274	-0.031121174	-0.044116545	0.0012928346	-0.0047074757	0.045087844	-0.0052484404	-0.044224348	-0.09178787	-0.005494716	0.06858349	-0.047581665	-0.08528363	-0.034860082	0.0021965227
-0.026951673	0.031191347	0.014683432	-0.06719237	0.054779943	-0.0386233	0.054849327	0.03479345	-0.03917029	-0.07770746	0.07453916	0.074867874	-0.028728897	-0.017580451	-0.021970922	0.03390309
0.015216548	-0.07433965	0.011267282	-0.004482344	-0.0027664152	0.05418083	-0.050924137	-0.09073914	-0.0010625498	0.004859789	-0.08535024	0.0019466631	-0.009763485	0.06307623	0.031351484	-0.0328605
0.07084292	-0.015762523	0.07371033	-0.0040678745	-0.030809173	0.04305026	-0.04441975	-0.07579926	0.09706583	0.005525367	-0.049079277	-0.074469134	0.0018908211	-0.005029838	0.0692132	-0.05583187
0.0333229	-0.06379323	-0.008603472	0.0341213	-0.004780307	0.08618171	-0.023221614	-0.029226879	0.05786175	0.017114375	-0.0043457006	-0.053460877	0.007070779	0.020920161	0.008520166	-0.002138562
0.08769579	-0.074985005	0.069153704	0.07823769	-0.07139047	0.051393524	-0.0075119627	-0.049130563	0.09470366	0.032766126	0.006724401	-0.039356742	0.084408514	0.078151554	0.032394126	-0.038463254
0.051310398	-0.05816015	0.03459913	0.058919482	-0.04787675	0.06291654	0.0113358	-0.04354061	0.07258157	0.09173985	-0.045166988	-0.081232786	0.043237254	0.037058774	0.03054314	-0.04361213
0.07150071	-0.0315655	0.067774646	0.0846644	-0.05844378	0.0034859048	-0.07050067	-0.011551027	0.059657782	0.044697054	-0.041061778	-0.032852925	0.032527186	0.06275196	0.07233747	-0.011973899
0.08413195	-0.051924013	0.06836445	0.054224726	-0.09291491	0.05526303	-0.01683796	-0.030431097	0.00667481	0.0639753	-0.036620583	-0.07442085	0.037300434	-0.0020610725	0.08249896	-0.028535616
0.083709285	-0.07318807	-0.0016921842	0.009771894	-0.036903832	0.08839638	-0.08763421	0.0013304115	0.0916661	0.024490952	-0.07971452	-0.031118397	0.048755016	0.061009083	0.03317425	-0.016036192
0.070104666	-0.087209105	0.006040111	0.018475363	-0.06508066	0.015306471	-0.040201135	-0.016875787	0.05403437	0.046979092	-0.0025746857	-0.08610462	0.02747499	0.031761955	0.089119054	-0.035301868
0.07786954	-0.07829724	0.057029746	0.027225731	-0.031053647	0.088791184	-0.02126762	-0.06940244	0.028028145	0.00936878	-0.063874364	-0.057845797	-0.0049777515	0.02022951	0.037566453	-0.050536763
0.06321456	-0.05006255	0.08853875	0.07723002	-0.07812099	0.08254357	-0.042135272	-0.043332174	0.07927917	0.023222782	-0.06340264	-0.02866774	0.067212254	0.08736849	0.06013461	-0.00451427
0.052701022	-0.07760913	0.006743276	0.013953412	-0.067458	0.0016864743	-0.040720724	0.007095387	0.07890544	0.021065619	-0.04146383	-0.033765092	0.054925412	0.09094748	0.043264028	-0.058604583
-0.01751234	0.08528766	-0.030738581	-0.00987147	0.0183923	-0.078835756	0.048706032	-0.0040568253	-0.0009793482	-0.050951492	0.026445622	-0.008849233	-0.05128928	-0.085273184	-0.008158034	0.085825734
-0.07460344	-0.013646483	-0.05797949	-0.0155096715	0.019283151	-0.07841265	0.033727642	0.0020063543	-0.07856528	-0.0032980167	-0.015892077	0.0078012776	-0.0417541	-0.08190718	-0.05441879	0.060601335
-0.01979991	0.05679265	-0.017524304	-0.08042043	0.06288711	-0.011542494	0.056392033	0.040676482	-0.045061763	-0.03160011	-0.00029233404	0.0051260525	0.0068883332	-0.025739867	-0.011369564	0.009342716
-0.08253634	0.055867925	-0.0035377461	-0.07280827	0.049973823	-0.006795861	0.019428434	0.0037620587	-0.010146992	-0.03909292	0.044910543	0.064668074	-0.040440302	-0.008536233	-0.062668584	0.07514868
-0.074682735	0.007763421	-0.07650675	-0.062327996	0.068049386	-0.053572427	-0.0058502313	0.03320659	-0.03991933	-0.048553385	0.04615955	0.026601303	-0.037882663	-0.06611063	0.0069773784	0.069019124
-0.057289243	-0.008195751	-0.074618936	-0.019253654	0.022005504	0.0029453142	0.048919164	-0.019354692	0.003977838	-0.035113785	0.010409236	0.05880682	-0.0037030487	0.013776792	0.012329047	0.021290034
0.011539219	0.018940443	-0.037322428	0.019288735	0.009151755	-0.018102132	0.028987193	0.037092585	-0.059341192	-0.058613542	-0.019437587	0.053851496	-0.04338248	-0.058675446	-0.033439822	-0.007084624
-0.06749884	-0.008028598	-0.007666119	-0.0035323515	-0.0058801463	0.002802591	0.073122345	0.019162484	-0.0053539756	0.003382209	0.05365975	0.010475787	-0.0057082227	-0.024110893	0.0042289104	0.011281454
-0.047414474	0.058966152	-0.03239938	-0.020842733	-0.0062248623	-0.07350661	0.07045016	0.06608628	-0.049429655	-0.080486745	0.0011776388	0.039644	-0.05410388	-0.04012746	0.0039282665	0.0007383451
0.024342807	4.937913e-05	0.06530263	0.052416094	-0.06109204	0.07543277	-0.04656603	0.009187384	0.06210948	0.049196832	0.01700122	0.005319492	0.061499998	0.046109904	0.07855677	-0.082018524
-0.010011674	-0.00037264294	0.072474524	0.0767582	0.012742387	0.068286076	-0.03327792	-0.008400978	0.024737492	0.038809393	-0.053256262	-0.080367245	0.01968264	0.057556003	0.05144591	-0.04147925
2.1280139e-06	-0.010484989	0.015974855	-0.008481851	-0.027291548	0.052533504	0.00753796	-0.031984277	0.011482539	0.07531667	-0.05997679	-0.016184723	0.018801244	0.06658078	0.052253976	-0.06969237
0.08166619	-0.0014996966	0.020874554	-1.1741708e-05	-0.0475337	0.0023180025	-0.0040235794	0.0050149406	0.088173814	0.042840954	-0.06047976	-0.06687176	0.012315093	0.07345116	-0.012257553	-0.051351797
-0.023248889	-0.0097044315	-0.016909909	-0.008168145	0.08535323	-0.043915495	0.052028127	0.0631941	-0.076679505	-0.07127786	0.0057770195	0.02581344	-0.08469474	-0.032141656	0.008681768	0.054650705
-0.055385884	0.075603195	-0.08143462	-0.009189726	0.06295585	-0.049126245	0.06453691	0.049745254	-0.02494842	-0.016192332	0.049800567	0.023807775	-0.059094813	-0.07971164	-0.03331077	0.04150005
-0.06512341	0.066992916	-0.03150843	-0.056296624	0.008014101	0.008811371	0.08599437	0.013017722	-0.015068914	-0.051324837	0.015145814	0.032809746	0.012927229	-0.021220861	-0.0014572005	0.018160475
0.085001715	-0.0364279	0.05586534	0.037771672	-0.06154451	0.023839254	-0.07193351	-0.07809171	0.05846734	0.064502634	-0.034597322	-0.07090014	0.08030182	0.019153416	0.058219995	-0.031435583
0.0751196	-0.07202166	0.00047070326	0.059739288	-0.028276386	0.08016385	0.0077324044	-0.0592235	0.028260045	0.07736369	-0.06365101	-0.016599767	0.0023305875	0.086796485	0.083059445	-0.015095683
-0.028697558	0.08546539	-0.037186246	-0.05878271	0.0009947374	-0.08986389	0.03309751	-0.0010836965	-0.08062172	-0.079056256	0.06858293	0.04842512	-0.07863433	-0.081864715	0.0068072393	0.029415585
-0.020415649	0.07360958	-0.021631453	-0.009744585	0.0546079	-0.071323924	-0.0009660701	0.029082457	-0.09694318	-0.016748907	0.032994825	0.04553698	-0.06472146	0.00571627	-0.027863597	0.010573685
-0.06704522	0.058477145	0.0068155588	0.0013202392	0.04258072	-0.06369692	0.04151148	-0.0026919774	-0.04353247	-0.0742984	0.049864285	0.076227546	-0.049743738	-0.07749088	-0.077169836	0.07750965
-0.020905264	0.034143757	-0.05765865	-0.033443842	0.06280086	-0.022930743	0.08548311	0.0710353	-0.03344215	-0.08296596	0.015237401	0.03585546	-0.07129191	-0.07362139	0.0017713716	0.05866344
-0.07875377	0.03302394	-0.06990867	0.0018000798	0.06976436	-0.068337545	0.009474352	0.058457606	-0.058158997	-0.005951034	0.0009932198	0.03097214	-0.014318737	-0.003933512	0.007825138	-0.0010743539
0.065616675	-0.004630681	0.061860975	-0.0059598675	-0.06483053	0.017570913	-0.035385415	-0.089066155	0.052407276	0.029982226	-0.006030563	0.008496173	-0.008584147	0.069614045	0.07041013	-0.076129295
-0.05818415	0.047971062	-0.0378463	-0.05367685	0.0493003	-0.035683043	-0.0025384123	0.05700647	-0.06320884	-0.028179264	0.073832534	-0.0041708606	-0.027922003	-0.03194418	-0.057957277	0.06250697
-0.034613557	0.023946436	-0.023519646	-0.08464009	0.006082214	-0.00410811	0.06566983	0.03820407	-0.08120199	-0.04110741	0.0069872923	0.067386694	-0.028275138	0.020225616	-0.06740987	0.028167643
-0.058842007	-0.0032742312	-0.038870282	-0.080661595	0.041538924	-0.0647876	0.05093713	0.033931114	-0.04970934	-0.040049177	0.0314282	0.035854638	0.009051391	-0.029943598	-0.043254428	-0.007287502
-0.032121178	0.059951488	0.016857596	-0.0029173098	0.0025937487	-0.034749728	0.016956082	0.027014477	-0.05688124	-0.0031493672	0.06280769	0.025182305	-0.068571	-0.050615802	-0.024680492	0.042687744
-0.08333212	0.007400871	0.0134788565	-0.0052026073	-0.005469342	-0.008136038	0.055642333	0.04462553	-0.0892918	-0.06952865	0.07627998	0.043606818	-0.0375992	-0.0857452	-0.031949893	0.007859514
-0.056058593	0.043061607	-0.0023204847	-0.040602684	0.007585653	-0.046976093	-0.013302058	0.044435114	-0.098055266	-0.038556796	0.047372304	0.04612002	-0.062317215	0.011229361	-0.06752643	0.036508378
-3.373832e-05	-0.008628894	0.011940584	-0.046672624	0.050472967	-0.02314025	0.07055913	0.0057919724	-0.02066741	-0.04214034	-0.013553057	0.051265646	-0.002173736	0.00474802	-0.05963391	0.021942232
-0.027308764	0.059246346	-0.009760177	-0.07334072	0.032503564	0.0040491023	0.07634319	0.034686767	-0.01576032	-0.01572146	0.0081663085	-0.01396401	0.014513632	-0.041131295	-0.02593127	0.070416644
0.012109047	0.040242508	-0.046739563	-0.054130863	0.063199155	-0.023547405	0.038487457	-0.011358548	0.0037335288	-0.055188276	-0.013409792	0.06451996	-0.047053013	-0.06669532	-0.028899059	0.014847307
0.0702273	-0.012716609	0.011398302	0.014552708	0.0018289328	0.0122127235	-0.05331507	0.0029033932	0.07999015	0.046704803	-0.008982877	-0.06927482	0.08325544	0.014199048	0.042194888	-0.052217122
0.052338813	-0.009935465	0.08380145	0.024081808	-0.059833594	0.019207017	-0.015869562	-0.08294615	0.018403651	0.033159953	-0.0720425	-0.07755627	0.021266656	-0.0038491744	-0.004863902	-0.03285006
0.038089853	-0.049540717	0.044129178	0.082019635	-0.09792052	0.05745951	-0.054789323	-0.031077791	0.0073941397	0.0535643	-0.023458121	-0.015556706	0.048366234	0.0073835957	0.012697326	-0.05116965
0.06625119	-0.070369564	0.046930525	0.041560333	-0.073847234	0.0074844616	-0.046283312	-0.052309133	0.0344199	0.07352755	-0.073259555	-0.084219694	0.023389935	-0.0027102465	0.0737336	-0.060457103
-0.034175273	0.08023229	-0.0032880704	-0.009726373	0.07967649	-0.0853743	0.008836886	0.07080456	-0.0036730242	-0.0769068	0.013086703	0.042759903	-0.0034433776	-0.08393979	-0.04079637	0.04356502
0.033912227	0.00059301395	0.032476842	0.07838983	-0.047137365	0.004209163	-0.021148434	-0.04133412	0.060871717	0.06324704	-0.032599647	-0.07396623	0.049148735	0.05891238	0.021070365	-0.08273011
0.03782683	-0.023964485	0.012107169	0.038068738	-0.061401978	0.004477018	-0.04423309	-0.08475474	0.021551441	0.0466075	-0.043576185	-0.08086598	0.012283543	0.0101421	0.016294956	-0.04456519
0.0093868775	-0.06354721	0.065611035	0.04141878	-0.07724898	0.069202244	-0.08211601	-0.050132126	0.08463782	0.088097766	-0.07023187	-0.054598622	0.06089625	0.03761302	0.00012236684	-0.019102424
0.020061297	-0.044826955	0.023445738	0.07495625	-0.08822032	0.033303525	-0.01301279	-0.07727699	0.041188095	0.058080476	-0.08518489	-0.063525796	0.045020573	0.044109084	0.06268695	-0.06726699
0.08097658	-0.06381807	0.08158051	0.0777987	-0.06681807	0.023207353	-0.017683491	-0.033354536	-0.0030028203	0.053637903	0.005284175	-0.060788583	0.04466155	0.09032291	0.015238769	-0.016752562
0.091591656	-0.04081347	0.059892323	0.071916856	-0.014147468	0.012307421	-0.032326825	6.00412e-06	0.04188902	0.05040286	-0.005200911	-0.06639447	0.04149209	0.07233198	0.08782048	-0.034124125
0.011292343	-0.045453366	0.013249828	0.010421152	-0.07366137	0.038000487	-0.02262185	-0.01324454	0.033786412	0.02382877	-0.06830922	-0.030383434	0.085757405	0.06435876	0.032475743	-0.024648096
0.011169606	-0.026072472	0.034124557	0.06366174	-0.088447206	0.0373602	-0.05181724	-0.02430334	0.015482754	-0.000559247	-0.00031092972	-0.028596528	0.08899291	0.04385442	0.06531563	-0.038747713
0.0073366766	-0.07299302	0.08498369	0.032524697	-0.07570954	0.03977826	0.008001481	-0.02112369	0.07359993	0.060402602	-0.014220441	-0.006276974	0.085728005	0.073113285	0.08046003	0.0012636135
-0.0007698882	-0.038535357	0.07851228	0.025699915	-0.048804544	0.07724787	-0.034402736	-0.026107378	0.05279549	0.07212027	-0.030365102	-0.080638945	0.054814365	-0.0027270813	0.057654034	-0.034762867
0.07624768	0.004307699	0.05045593	0.06515928	-0.004699684	0.041829176	-0.058362126	-0.06456011	0.09274542	0.067232266	-0.07695066	-0.073657736	0.06392038	0.046241738	0.086114414	-0.040251795
-0.018216325	0.034660697	-0.006149449	0.012319679	0.070629604	-0.043829624	0.071266375	0.04261183	-0.06880056	-0.07066479	0.078250125	0.04407367	0.013532672	-0.009737438	-0.03799645	0.03638979
0.009799258	0.00669859	-0.06369092	-0.0779062	0.016598059	-0.0036571722	0.08219756	0.011761012	-0.059319764	-0.014514973	0.024361897	0.06854534	-0.025448002	-0.043350052	-0.070927985	0.08362788
0.003234871	0.06345719	-0.014718752	0.0037907383	-0.0046051084	-0.024532737	0.014374286	0.02689438	-0.06206403	-0.06277551	0.055981174	0.06349648	-0.020218015	-0.08415648	-0.053110827	0.06403169
-0.07030788	0.06906143	0.014726176	-0.08593088	0.08755621	-0.046080116	0.083276786	-0.0063911863	-0.08922801	-0.08014907	0.036646582	0.049869973	-0.05816571	0.0031886385	-0.025134625	0.025704414
-0.062700935	0.033575267	0.013671777	-0.038864322	-0.0029722366	-0.018501502	0.08562852	0.04531239	-0.04418518	-0.07068011	0.079692215	0.0045630285	0.012183503	-0.027338177	-0.0829317	0.05707138
0.04240721	-0.06859543	0.029481769	0.07946283	-0.07453352	0.052879803	-0.06765527	-0.07142796	0.060598474	0.06958731	-0.048211783	-0.048611533	0.019561261	0.07493401	0.01896296	-0.0650515
-0.07021355	0.046803955	-0.022777176	-0.0012143927	0.05124133	-0.053539626	0.04885222	0.08081662	-0.0095895305	-0.01448812	0.04433182	0.039972562	-0.08473336	-0.057546727	-0.06842419	0.025742657
-0.029622653	-0.0022412895	-0.079502694	-0.06053857	0.08452153	-0.032258816	0.020636154	0.038370345	-0.0642695	-0.068574645	0.019952472	0.003544306	-0.07418639	0.010857648	0.013032738	0.0030629633
0.0007605897	0.016637366	-0.07138547	0.011350934	0.055343576	-0.004657771	-0.0022677034	0.078336455	-0.06539745	-0.064395666	0.01902631	0.003745345	0.0063806353	-0.072465375	-0.033384293	0.069019906
-0.06978774	0.065662004	-0.022609701	-0.0419854	0.052632876	0.002589792	0.06138725	0.07106451	-0.0988563	-0.033805043	0.06036238	0.0075692916	-0.04454128	-0.024227817	-0.040919375	0.03750036
0.063293494	-0.05088641	0.020773789	0.013692506	-0.049176503	0.09085354	-0.016570317	0.0022205922	0.04086808	0.03521888	-0.03864416	-0.0107660275	0.021906333	0.028961284	0.047336824	-0.05344218
0.07190586	-0.024269257	0.010813817	0.05914479	-0.08239519	0.056379084	-0.08908059	-0.010096713	0.05925618	0.024764953	-0.03229289	-0.021773841	0.007253699	0.021986697	0.0061946455	-0.04204824
0.022289794	-0.024291169	0.06862839	0.08107903	-0.07606882	0.0030730828	-0.018480586	-0.003720804	0.068820514	0.06793623	-0.07775962	-0.037363846	0.023886371	0.051658917	0.07219076	-0.06476447
0.043129053	-0.006935113	-0.0047527957	0.0816126	-0.0049641076	0.051927153	0.0036178024	0.002803259	0.09229417	0.05301239	-0.038983576	-0.05656081	0.037232876	0.053899746	0.014158695	-0.055826478
-0.012150535	0.014753239	0.064282835	0.06752342	-0.041764606	0.033353228	0.0020869267	-0.011188565	0.018155083	0.008654194	-0.02649172	-0.08084835	0.054035276	0.016391557	0.011274394	-0.0447039
0.06852225	-0.061554633	-0.0084194755	0.014328532	-0.009836215	-0.009786941	-0.07093572	-0.06735788	0.0078311935	0.04450036	-0.005319121	0.012584753	0.00010416785	0.08384636	0.08204823	-0.053996913
0.031024957	-0.029645398	-0.009557852	0.026673757	-0.055803828	0.021522727	-0.06024133	-0.025621727	0.07684524	-0.0076774005	0.0029650978	-0.05596204	0.07426033	0.025398316	0.046139564	-0.08664484
-0.0075048953	-0.0098419385	-0.008672378	0.007638841	-0.017245848	0.08199531	0.004052108	-0.0031611123	0.086370744	0.0064526433	-0.053626966	0.007975368	0.020778695	0.040096138	0.06534131	-0.042481955
0.0543048	-0.043974817	0.010032038	0.020453207	-0.08798017	0.0929994	-0.036056023	-0.03425453	0.008451229	0.08978753	-0.037447833	-0.05580913	-0.00150878	0.014998659	0.063377336	-0.022917863
-0.036169045	0.061870072	-0.037431024	-0.049615115	-0.0011334193	0.0046580825	-0.00550713	0.05055915	-0.099489085	-0.013169511	0.051093247	0.0707699	-0.058280256	-0.026635597	-0.031667143	0.02525637
0.0026556603	-0.004820557	-0.022328833	-0.0372368	0.030561587	-0.04233595	0.07043209	-0.0026349176	-0.020323675	-0.08938998	0.031177424	0.065745704	-0.029067246	-0.08511152	-0.07356439	0.012619607
-0.009947638	0.07405843	-0.026511794	-0.053775407	0.041801687	-0.080769494	-0.01378793	0.02135016	-0.05123819	-0.058247667	0.081016265	0.045056153	-0.05423857	-0.08287628	0.0037570456	0.042713117
-0.076475635	-0.009333214	-0.06487873	-0.037453234	0.06993044	-0.015198555	0.027860623	0.055800937	-0.042471655	-0.007531575	0.019867212	0.010391951	-0.07810017	-0.06818575	0.011790802	0.05104086
0.047293376	0.007593111	-0.022192782	0.0098638795	-0.01784105	0.038461026	0.05770356	-0.026706649	-0.008668436	0.033510447	-0.025028246	0.036335744	-0.046111867	-0.009124212	0.012580168	0.055633217
-0.028638767	0.06510284	0.036853738	0.008272723	-0.0147301145	0.033721644	0.05358414	0.03554781	0.025485506	0.02755745	0.042285267	-0.021486998	-0.048661813	0.005750427	0.00035348634	-0.01017515
0.05585848	-0.033898957	-0.0026319034	-0.009880278	-0.033387754	0.003828281	-0.04496199	0.0010268441	0.03281905	0.089960694	0.004931584	-0.05182534	0.001325833	0.03750254	0.028263142	-0.048191212
0.010813796	-0.0029987998	0.039249953	0.052650083	-0.076147445	0.06928889	-0.06995503	-0.058724653	0.033531968	0.03656176	-0.0809552	-0.03719364	0.02387034	0.08614892	0.006392239	-0.0012495293
0.061510526	-0.005035075	0.043067254	0.07926519	-0.004538359	0.04413863	-0.06881474	-0.05118426	0.0050565805	0.065949574	-0.02742555	-0.046679158	0.04932431	0.021082457	0.050067827	-0.068582185
0.04774083	-0.066142894	0.05090141	0.04178329	-0.0058311694	-0.0042846138	-0.05803979	-0.06518199	0.062170178	0.009616785	-0.075884245	0.0056377198	0.006256887	0.06960474	0.07612697	-0.03212212
0.06582854	-0.04118802	0.027414193	0.0847208	-0.04778047	0.08551117	-0.051591575	-0.075210296	0.09442768	0.004723853	-0.067439415	-0.09001812	0.009066422	0.043454714	0.013132917	-0.08711366
-0.06650811	0.0073443307	-0.063727126	-0.07812334	0.034623783	-0.024452182	0.06515973	-0.0031658506	-0.011404654	-0.07409707	0.08284698	0.039357733	0.010995111	-0.0685525	-0.015449804	0.067649595
-0.0030266014	0.054285653	0.010385961	-0.0103151705	0.07052718	-0.088635825	0.044629883	0.08534245	0.0019536423	-0.0505117	-0.012177269	0.028004946	-0.06408527	-0.022422737	-0.03292799	0.08491133
-0.08120829	0.0232023	-0.031129958	-0.04280537	0.010649592	-0.017812036	0.054149147	0.0026737445	-0.0648536	-0.081249736	0.020892082	0.0035808224	-0.031780753	-0.041603614	-0.06809553	0.07794768
-0.07896688	-0.0013035543	-0.020489369	-0.010300193	0.07267449	-0.031780884	0.067714415	0.04859818	-0.05911491	-0.0062203277	0.04210566	0.029507937	-0.06283484	-0.024885707	-0.06649867	0.014914663
-0.072276995	0.03319672	-0.038431298	-0.0034054704	0.04151202	0.0063085933	-0.008508283	0.0014640888	-0.08191412	-0.06320501	0.02819244	-0.0067534405	-0.022945622	-0.034581006	0.013021571	0.08861094
-0.053457282	0.050544966	-0.081721425	-0.068471454	0.06675609	-0.082365595	0.029589217	0.028929716	-0.07030396	-0.0273997	0.024740735	-0.0042930907	-0.0105077	-0.0048748464	-0.018668609	0.04524172
-0.023682397	0.044901565	-0.0071057416	-0.04429052	0.09171472	-0.024061987	0.06858696	0.059503734	-0.011297682	-0.016776169	0.034563836	0.041988697	-0.053456936	0.0047871317	-0.020386634	0.009720683
-0.031134868	0.001208982	0.003946214	-0.024188032	0.08663262	-0.01767154	0.066252574	0.04463325	-0.07620014	-0.0004169466	0.015801191	-0.01491504	-0.070644036	-0.018046068	-0.05752342	0.076911114
-0.053545356	0.04000085	-0.013214742	-0.04147011	0.075584106	0.008939026	0.010494727	0.014019552	-0.033427447	-0.055055186	0.061556846	0.037037037	-0.028047627	-0.07614487	-0.0703688	0.0037072927
-0.060157135	0.06944238	-0.010720653	0.0072664274	0.08228961	-0.05648597	0.04411789	0.051203184	-0.0090610245	-0.08905155	-0.0016308889	-0.012644709	-0.07825324	0.0004883773	-0.016144112	0.024790898
0.007396404	-0.025547192	-0.0053887414	0.041868925	-0.0847454	0.059132323	-0.020362545	-0.033384148	0.08972141	0.024525477	-0.05608048	-0.067424245	-0.0008780728	-0.0063134553	0.039091967	0.0067641274
0.08412583	-0.03719934	0.073461115	0.07175851	-0.045564193	0.0039917654	-0.061935015	-0.068165354	0.037255883	0.040757712	-0.0754206	-0.037450176	0.06113075	0.034482535	0.04698433	-0.07706815
0.024115752	-0.07463751	0.07625318	0.04981178	-0.0091343485	0.0227892	-0.047582816	-0.017004268	0.0029238288	0.039672673	-0.024276726	-0.047416344	0.068510436	0.0125709	0.08603127	-0.07551269
0.05935882	-0.0010071394	0.06717158	0.04156465	-0.023289572	0.04393003	-0.0759103	-0.0652884	0.03265355	0.07052217	-0.008292319	-0.08556645	-0.00067640597	0.08582619	-0.009946462	-0.056899462
0.079617165	-0.021624563	0.008799758	0.0033250188	-0.092880994	0.040638875	-0.035389703	-0.013721466	0.020113695	0.08150396	-0.034516025	-0.036622133	0.02975923	0.0883098	0.06923096	-0.07962134
0.020900404	-0.08686776	0.077678695	0.052396078	-0.07193254	0.05959906	-0.017255474	-0.03640973	0.012047767	0.018187074	0.0031641999	0.005516329	-0.0010660484	0.058480237	0.03568691	-0.041923344
0.043080848	-0.059364796	0.08417371	0.072166055	-0.016918276	0.048681326	-0.022722626	-0.008945998	0.03630459	0.029169355	-0.029990746	-0.03720734	0.08560576	0.032774393	0.03457124	-0.06816879
0.06899945	-0.042024292	0.04426339	0.005622145	-0.08885259	0.054086752	-0.049531456	-0.008919399	0.042136583	0.06024173	-0.016144369	-0.016457748	-0.0069511365	0.04048493	0.017354833	-0.06135957
-0.029924067	0.03152048	-0.06394976	-0.06255966	0.027208736	-0.0464632	0.0019191895	0.02783072	-0.022582315	-0.018565066	0.047392864	0.057352085	-0.029506925	-0.054592073	-0.076510794	0.023476863
-0.07464802	0.028929502	-0.032613184	-0.06272828	0.031525668	-0.07521378	0.07537252	0.01890987	-0.025245465	-0.05639155	0.055329986	0.015010479	-0.031746387	-0.057691693	-0.040989615	0.028462512
-0.017881691	0.0054814424	-0.07294346	-0.062179662	0.039667152	-0.06779849	0.007671925	-0.016886517	-0.04436953	-0.027335906	0.020580316	0.037937008	0.0058102086	-0.08159606	0.01871216	0.046504773
0.017500954	-0.04314867	0.042043515	0.022197511	-0.052828763	0.033452354	-0.0448088	-0.06081991	0.0060715433	0.008603042	0.010609442	0.008055365	0.07765214	0.08877287	0.04966682	-0.08221549
0.07648704	-0.06686906	0.05523788	0.06063573	-0.07826729	0.046522204	-0.05522009	-0.019373493	0.089823335	0.03035054	-0.0519344	0.005931299	0.08108287	-0.0077853655	0.04680227	-0.03296208
0.051322456	-0.04282163	0.02807761	0.039795227	-0.06057107	0.05102754	-0.07689368	-0.035233907	0.03659807	0.10014485	-0.08324833	-0.043920975	0.07134846	0.05205157	0.008893683	-0.09016661
0.041096576	-0.043741487	0.08133866	0.06977991	-0.0056349584	0.028305346	-0.020346608	-0.081656314	0.07631911	0.024266057	-0.06812693	-0.043967944	0.014230806	0.044084694	0.07778572	-0.011332765
0.039027594	-0.07602697	0.013561317	0.0767066	-0.035798207	0.06404071	-0.050314777	-0.060988426	0.04790903	0.004278366	-0.004660814	-0.051047146	0.05290429	0.007835674	0.052075226	-0.07805511
0.0024458943	-0.03628934	0.07954564	0.005150025	0.00042698285	0.07266496	-0.056045026	-0.0701874	0.072080776	0.08250317	-0.03323582	-0.03413626	0.022061205	0.08049014	0.01224168	-0.07975364
-0.05249005	0.020845708	-0.003959942	-0.011928301	0.019407416	-0.085723214	0.015168342	0.07353166	-0.0675097	-0.037936747	0.0065678935	0.021086738	0.0011237764	-0.04046775	-0.06806419	0.06541384
-0.012175962	0.04848475	-0.04722971	-0.08117358	-0.00060380367	-0.0036076508	0.05950813	0.004874921	0.0074205915	-0.066119954	-0.0060607446	0.03527111	-0.02163389	-0.064356215	-0.005110787	-0.009426691
-0.007056786	0.033563152	-0.07884822	0.011469083	0.066463955	0.007846842	0.03909794	0.013631118	-0.07988731	-0.023524638	0.00938647	-0.0075663594	0.01760468	-0.07612726	-0.0053236578	0.00618895
0.027347969	-0.051263817	0.06623221	0.07693533	-0.053287517	0.011251825	-0.06322223	-0.028554987	0.0962214	0.042738724	-0.0018589821	0.010951171	0.037726622	0.049010053	0.042935412	-0.06904203
-0.00081105815	-0.014043392	0.04125311	-0.012235946	0.00034639874	0.0019054555	-0.0012943747	-0.03450786	0.067593046	0.01660237	-0.064333245	-0.025683958	0.02894548	-0.008297291	0.01506342	0.0055053513
-0.07273419	0.018963816	-0.010691441	-0.020673389	0.046428062	-0.035346195	0.01993031	0.005981844	-0.015168866	-0.050500117	0.057027042	0.023359101	-0.07493353	-0.072084405	-0.047705017	0.08681273
-0.07273595	-0.0012174753	-0.07339229	-0.014325405	0.008248658	-0.023685498	0.035934806	0.072500534	-0.096738555	-0.08707858	0.049795263	0.05421628	-0.069009334	-0.03937084	-0.032843195	0.080907844
-0.08004893	0.086019926	-0.044881787	0.00042844604	0.036792617	-0.0330183	0.08275937	0.08388028	-0.07892059	-0.034066625	0.06387454	0.013517488	-0.07443033	0.00038447353	-0.04412402	0.06434643
-0.07986823	-0.012668915	-0.012491642	-0.024609236	0.068252034	-0.027131531	0.0830069	0.05684672	-0.0789748	-0.045492496	0.054009825	0.028503358	-0.02342777	-0.01910322	-0.03211148	0.018788097
-0.043661043	0.020631101	0.005501786	-0.056411006	0.016795315	-0.08802825	0.028186891	0.04749086	-0.039435748	-0.06871649	0.012061733	0.016053531	-0.010150298	-0.030540133	0.0007941833	0.08918322
-0.06396308	0.07992209	-0.071479	-0.043409534	0.012069242	-0.012810541	0.065210864	-0.0073878183	-0.019072674	-0.047421634	0.061672248	0.06670899	-0.028574504	0.006994821	-0.060872614	0.06968364
0.044955425	-0.076456554	0.050920226	0.008891853	-0.0066861175	0.036681112	-0.050239038	-0.076010615	0.09935153	0.011457245	-0.050262444	-0.07903254	0.00395142	-0.008095155	-0.01012248	-0.01275317
-0.018287573	0.04916979	-0.028008925	-0.04121648	0.064049624	-0.04092132	0.041842252	0.0059858602	-0.04740865	-0.0018676507	-0.006461497	0.048314605	0.0039628358	-0.0021091332	0.008995383	0.084854305
0.003653022	-0.07350575	0.02325773	0.0037874917	-0.04442048	0.053085074	-0.041200206	-0.025178852	0.049409937	0.0033853771	-0.003211697	-0.06464336	0.006564503	0.0847121	0.035536453	-0.06997296
0.07795613	-0.03363502	0.033310335	0.031523164	-0.0012853702	0.0290209	-0.061769553	-0.046642456	0.028840477	0.027987337	-0.03800262	-0.077916704	0.034923084	0.01699563	0.07866141	-0.059192505
0.033457443	-0.057109874	0.016328806	0.031946275	-0.02297088	0.0794478	-0.010780333	-0.076145045	0.09615173	0.07556444	-0.021525962	-0.036103334	0.024673263	0.010913257	0.05830804	-0.032614782
0.055416435	0.0030401277	0.015181338	0.011980641	-0.047485292	0.07856393	0.0018154102	-0.06147999	0.06756218	0.043020632	-0.014430255	-0.075688034	0.07561625	0.08157819	0.022022408	-0.06259064
0.0018519723	-0.005539891	0.03553178	0.013297956	0.006793486	0.023540962	-0.059560012	-0.032472704	-0.0007390543	0.072103485	-0.02293571	-0.061245166	0.0021093339	0.07156084	0.055068962	-0.038253922
0.030291378	-0.052372646	0.05536431	0.02625913	-0.051972035	0.06435366	-0.07908733	-0.035657275	0.07751999	-0.0012560613	0.013758909	-0.024792247	0.068364434	0.080426864	0.05831299	-0.04972314
0.062717095	-0.03113045	0.08227076	0.037224047	0.0049583754	0.07150327	0.008460665	-0.018285086	0.081502326	0.060108088	-0.038466528	-0.042169236	-0.006894236	0.04984524	0.05931882	-0.08371919
0.0073050545	0.02378668	-0.017705917	-0.033109933	0.08489064	-0.06509607	0.07870111	0.003979606	-0.058653887	-0.03774792	0.0017530669	0.047026914	0.0016822024	-0.039569225	0.0032904977	0.06680993
-0.0856732	-0.0009221426	-0.03449088	-0.057045963	0.031645924	0.0017606836	0.0067456365	0.059845705	-0.08345984	-0.07890428	0.08121839	0.06515027	-0.028518353	-0.035575505	0.0053505516	-0.007977385
-0.012172644	0.048212346	0.0032533274	-0.0032203048	0.024357578	-0.013750982	0.038760185	0.047487218	-0.014753012	-0.039273437	0.052128058	0.06498116	-0.0046823453	-0.06517584	-0.0064907176	0.0055699013
-0.088267684	0.002031106	-0.009899374	-0.018770665	0.022795023	-0.03418166	0.066312686	0.04592522	-0.012572907	-0.08058721	0.06436361	0.028493065	0.0032568322	-0.084697664	-0.025459034	0.08806913
0.0032890227	0.08227783	-0.009560938	-0.020029882	0.055388186	-0.08099199	0.07853729	0.08652635	-0.09184938	-0.067527	0.0056578396	0.012618021	-0.06155471	-0.07226655	-0.0027164174	0.052875154
-0.044437993	0.026211634	-0.016421966	-0.016776333	0.051718187	-0.005365804	0.015841449	0.06577018	-0.028913474	-0.013607468	0.052492414	0.02081287	0.011243794	-0.028508613	-0.03141888	0.04706257
-0.008713059	0.06912215	-0.012590703	-0.06643558	0.013329333	-0.047924444	0.047959123	0.0074114883	-0.03376916	-0.0021942877	0.06815726	0.063812375	-0.08238162	-0.011414706	-0.07010483	0.025128461
-0.0015839294	-0.0068658283	-0.07897103	-0.013903477	0.0052172164	-0.00078210403	0.02736998	0.0636278	-0.06001461	-0.022839757	0.07205848	0.039748725	-0.007106406	-0.03818041	-0.055594098	-0.0014776823
0.084209494	-0.08697553	0.0005878054	0.021254972	-0.045255452	0.026086904	-0.04335582	-0.040737502	0.0315953	0.06907452	-0.027780226	0.0035843225	-0.004156798	0.004371668	-0.011841579	-0.045443613
-0.043432206	0.07274821	-0.055270746	-0.061089713	0.045146313	-0.022346145	0.011354839	0.039347343	0.02612839	-0.07106023	0.05859355	0.013318532	-0.014542403	-0.021410322	-0.054113403	-0.005362985
-0.05692002	0.04648798	-0.08365955	0.019353062	0.032792266	-0.0556951	0.022749526	0.021626065	0.01676204	-0.06563668	0.0620549	0.03080294	-0.02156089	0.00251287	-0.04205669	0.018638467
0.06351091	-0.002455782	0.029441742	0.012168087	-0.08240365	0.05682456	-0.09264119	-0.023131462	0.018931461	0.093897715	-0.08136513	-0.040164746	0.073828645	0.086847134	0.058717377	-0.025975587
0.08795734	-0.04667806	0.024285752	0.028517015	-0.049730897	0.06236713	-0.078373745	-0.036332574	0.07444647	0.062799916	-0.052393302	-0.008860212	0.051593553	0.023534557	0.0052586375	-0.06841914
0.06294216	-0.019073997	0.07583665	0.019023178	-0.01709946	0.0706139	0.0006811111	-0.048558444	0.070695765	0.081936456	-0.043520935	-0.04731475	0.011524373	-0.002290991	0.010319246	-0.050517865
-0.08166273	0.031027056	-0.023603203	-0.062377278	0.0098328395	-0.052322235	-0.00017047826	0.01620884	-0.060621615	-0.06495967	0.0017222621	0.06164776	-0.026032833	-0.04371243	-0.082417205	0.015135408
-0.06701221	-0.01263356	-0.036648646	-0.018303093	0.01358386	-0.038236406	0.028579183	0.0073182774	-0.009863529	-0.020973723	0.04197587	0.0686715	-0.08213766	-0.008082233	-0.024233524	0.009486454
-0.025998786	0.06676115	-0.05352764	-0.052823763	0.025937475	-0.060293168	-0.00019154101	0.021374706	-0.08703845	-0.038657032	0.004415572	0.0119639905	-0.0841913	-0.0013674212	-0.030761804	0.07958642
-0.03727481	0.03961275	-0.08224386	-0.0175625	0.034316618	-0.04121516	0.04807192	0.06871082	-0.0009348969	-0.014793819	0.03923837	0.06541073	0.0052620913	-0.037392188	-0.05266675	0.060850117
-0.047217976	0.061037134	-0.07021202	-0.00656212	0.04193733	-0.018066915	0.05411427	0.053286947	-0.039717205	-0.08792345	0.06062514	0.013719939	-0.045706406	-0.07624	-0.04987536	0.050957654
-0.06322919	0.07277751	-0.03460938	-0.040775698	0.0076097636	-0.079507045	-0.01094296	-0.014855258	-0.01703613	-0.03997311	0.059775334	0.03780373	-0.010885832	-0.073205814	-0.06875105	0.036262255
-0.052249245	-0.013425604	-0.04732974	-0.07151583	0.042506807	-0.0020217272	0.052593384	0.004990994	-0.0902458	0.0013173146	0.05741619	0.01621787	-0.030376976	0.0015221933	-0.055980094	0.081957236
0.00823853	0.004616979	-0.06202928	-0.060135093	0.06652652	-0.032463674	-0.0026059246	0.060185254	-0.04338238	0.0040270593	0.028335808	0.024652703	-0.05073861	-0.0139271505	-0.045651868	0.031942185
0.0043976074	0.0660547	-0.039442744	-0.051680163	0.0032364083	-0.06001409	0.04111154	-0.014858994	-0.09621753	-0.082709424	0.006091909	0.059716817	-0.0787241	-0.0017114171	0.009763091	0.016167924
0.0065368465	0.029607378	-0.04576602	-0.045104243	0.010490305	-0.08004671	0.04965686	0.027437367	-0.015331752	-0.07071445	0.06748425	0.044508297	0.005471759	-0.07374268	-0.03290478	0.03976242
0.0050663254	-0.058572955	0.047398128	0.06725684	-0.0658874	-0.0008897919	-0.06763698	-0.051597606	0.055526946	0.019454813	-0.049888313	-0.058086544	0.074592	0.023047099	0.0016623121	-0.07994563
0.059286885	0.0041234912	0.028135851	-0.008492735	-0.0023212272	-0.005004257	-0.073579125	-0.02989142	0.023143012	0.020279482	-0.07458027	-0.06974757	0.014692828	0.049572527	0.086835176	-0.05047935
0.054941103	-0.08502485	0.025022402	0.0029944812	-0.051268127	0.013725226	-0.01770287	-0.04618924	0.09408139	0.088828616	-0.013254286	-0.068441465	-0.00515989	0.08017905	0.0022304547	-0.01662032
0.01990294	-0.0749995	0.017974308	0.046305887	-0.012502295	0.045864478	-0.04567573	-0.075509496	0.09837899	0.036285333	-0.05345436	-0.010853176	-0.0025182837	0.015448719	0.036832146	-0.0898343
0.028018953	-0.04729608	0.0037167312	0.028649349	-0.030697912	0.036557335	-0.0010960988	-0.044169042	0.06241808	-0.0018368034	-0.047798753	-0.043498177	0.036254868	0.03454707	0.042710163	-0.018326595
0.002721674	0.009701717	0.06385687	0.0780256	-0.036359847	0.0019610662	0.005893182	-0.034906063	0.041901376	0.019423597	-0.01863021	0.003996354	0.0773184	0.023428975	0.08696005	-0.009911992
0.05097018	-0.013170634	-0.002658664	0.07617817	-0.004398067	0.0826814	-0.061132077	-0.031288356	0.094813354	0.0143223675	0.004418241	-0.059972946	0.06022282	0.006832003	0.07860444	-0.0739401
0.067683764	-0.033941757	0.005412711	0.023490913	-0.044615254	0.029735614	-0.028045647	-0.0406963	0.021997552	0.008013158	0.008577268	0.0021291035	-0.003985477	0.029095765	-0.00792368	-0.026776426
0.051281694	0.0073683667	0.013526134	0.02762972	-0.073026285	0.005323952	-0.05973423	-0.08652145	0.064164855	0.059135865	0.008575025	-0.06850534	-0.007794938	0.02577582	0.044466257	-0.06735648
0.03675435	-0.0150192715	0.069165796	0.05328634	-0.07299645	0.041983794	0.009865762	-0.05925801	0.075362295	0.06777616	-0.07847387	0.009625432	0.076161265	0.078390144	0.068659365	-0.025743434
-0.06177544	0.079345815	-0.020349687	-0.054227676	0.07036689	-0.0065416642	0.06590771	0.0043851016	-0.035206713	-0.053624853	0.031759907	0.063819036	0.0045676674	-0.06656731	-0.07682191	0.0084238835
0.013237412	-0.08431554	0.0871864	0.042938918	-0.077275686	0.07643344	-0.03672979	-0.06832833	0.023284229	0.013219571	-0.07161202	-0.071263656	0.06931572	0.046658866	0.0779652	-0.09264046
0.04556112	-0.07188952	0.07345892	0.015449422	-0.024228778	0.030714612	-0.062726416	-0.06827212	0.0716997	0.027534336	-0.062367767	-0.048933376	0.0017243935	0.018298259	0.035232466	-0.009850297
0.032981854	-0.031104084	0.08434165	0.06335591	-0.04243958	-0.004418298	-0.065811925	-0.034738466	0.08434958	0.02761181	0.010024975	-0.06424186	0.016152745	-0.005976755	0.07417509	-0.041325048
0.018625602	-0.07381682	0.016400864	0.012868904	-0.053341955	0.04026539	-0.090810396	-0.04348037	0.011264191	0.034945842	-0.019157035	-0.074807055	0.0052265986	0.031641982	0.03158048	-0.06251868
0.059644744	-0.061737753	0.08438718	0.05395922	-0.060427953	-0.006556871	-0.04614258	-0.087989666	0.06738936	0.005522391	-0.051295336	-0.008530965	0.027763497	0.021764528	0.04290977	-0.07754823
0.030383509	-0.06157881	0.0019264665	0.065366566	-0.09101788	0.05297148	-0.00094495056	0.006307424	0.09090854	0.042012215	0.007733159	-0.036597036	0.058568265	0.07927034	0.03153605	-0.025098952
0.03182731	-0.053594977	0.033255838	0.08500623	-0.042473704	0.06865041	-0.018245816	-0.010449801	0.04152642	0.05141854	-0.018703451	-0.012318813	-0.0019640233	0.078362726	-0.006936726	-0.08154817
0.031376697	-0.06040635	0.017517762	0.039692953	-0.0379996	0.08189649	-0.03391834	-0.06921564	0.035866354	0.09400259	-0.06933638	-0.047990404	0.05203486	0.08300173	0.007700636	-0.085931696
0.02767771	-0.023861842	0.05883098	0.049216315	-0.021688003	0.0901508	-0.08158882	-0.03299411	0.05297934	0.047920443	0.003685779	0.0008825325	0.046108697	0.086564586	0.051125012	-0.004112755
-0.01937616	0.06770705	-0.07713412	-0.07975031	0.09317962	-0.0816309	0.048761003	0.013902091	-0.06756644	-0.024704512	0.041593168	0.07200355	0.002152437	-0.07934446	-0.057950716	0.017681524
-0.027242193	0.017705586	0.0006763582	-0.044645004	0.03477757	-0.012919008	0.032483224	0.0867248	-0.030765634	-0.04704512	0.061487637	0.072010815	0.008666461	-0.011073794	-0.064065576	-0.0032308495
-0.020391585	0.028098248	-0.010025635	-0.019676441	0.03410008	-0.0119084865	0.022688175	0.048919287	-0.09140452	-0.031124383	0.035936445	0.01782033	-0.0051826234	-0.045337234	-0.02247466	0.0812907
-0.06934794	0.045843456	0.0062968913	-0.06760421	0.08760692	-0.082556576	-0.0036007059	0.032618023	-0.05857621	-0.050344642	0.067698546	0.008723871	-0.010471393	-0.073789746	-0.053593535	-0.00597325
-0.034314606	-0.015834074	-0.068667956	-0.050643656	0.038920566	-0.06146338	0.08002291	0.04341537	-0.04763583	-0.05101733	0.055694412	0.03340383	-0.024322072	-0.02361486	-0.039280698	0.018793335
-0.054630384	0.0020124489	-0.032452837	-0.07053329	0.059476547	0.0043969527	0.040121555	0.07930465	-0.060891315	-0.053367242	0.0052124974	0.060779776	-0.06409592	0.01336719	-0.00602705	0.008671388
0.075523965	-0.0122112725	-0.006916527	0.07306429	-0.04934553	0.08506543	-0.0824248	-0.032782465	0.093587935	0.044242647	-0.0625258	0.009715604	0.0010167575	0.021225369	0.0004827132	-0.019888923
0.07912043	-0.031599954	0.06357647	0.026709769	-0.06711021	0.049589206	-0.020273542	-0.060741022	0.084238335	0.06561038	-0.071777254	-0.03735384	0.04546014	0.04406358	0.013517137	-0.04443644
-0.0026314412	-0.014749425	0.03138725	0.06506555	-0.0026727426	0.026427781	-0.053442296	-0.01770445	0.09405744	0.079650916	-0.0002788271	0.0015222499	0.07284826	0.013908789	0.07385098	-0.08197446
0.08784082	-0.01029249	0.009555762	0.06023013	-0.04791503	0.06261718	-0.0047174995	-0.04737241	0.08977095	0.047927916	-0.053745713	-0.0569911	0.067453064	-0.005294166	0.06617622	-0.0056801233
0.08591976	0.0063543767	0.021616446	0.036665205	-0.01402392	0.08794827	-0.018502316	-0.07169784	0.06520067	0.04672414	-0.060063772	-0.08401568	0.014689663	0.061788	0.0808808	-0.08010393
0.055910725	-0.025486512	0.017403927	-0.005148022	-0.052871197	-0.0016120726	-0.04433919	-0.08336093	0.06779203	0.01580671	-0.06057375	-0.055571243	0.0069433055	0.07828049	0.0052914713	-0.077806324
0.04597698	-0.038871977	0.025331406	0.027177218	-0.081807286	0.07470416	-0.032590367	-0.08674743	0.03609854	0.06802469	-0.043355994	-0.027173528	0.03823947	0.052315872	0.047071885	-0.052544806
-0.05393169	0.0175509	0.0007799539	-0.009857435	-0.0058898735	-0.042231936	0.069461524	0.036293138	-0.07344678	-0.051046267	0.061594937	0.008502108	-0.014231727	-0.07256102	-0.050892986	0.059173957
-0.02208912	0.065950915	-0.07574034	-0.059076294	0.07695741	-0.057578143	0.07909801	0.013144077	-0.07164542	-0.05914661	0.021173662	0.08199782	0.0121638635	-0.0710477	-0.026941856	0.022079855
-0.036030263	0.05100603	0.0090889	-0.0020789667	-0.015326801	-0.07551914	0.053506207	-0.01877762	-0.023101926	-0.022931254	0.02908613	0.037922177	0.014503268	0.012470841	-0.024443028	0.011353393
-0.0011645032	0.0190899	-0.015948499	-0.0016641484	0.08046176	0.000665887	0.014795799	0.023250885	-0.06712619	-0.045409665	0.03914058	0.047677472	-0.005394135	-0.011046552	-0.006074619	0.02548291
0.011430085	0.0835798	0.005912734	-0.07037057	0.06898586	-0.016110051	0.017402172	0.059518717	-0.06940948	-0.045776933	0.035835296	-0.0059239627	-0.04822777	-0.077357635	0.016481364	0.06594323
-0.07332151	-0.0152245825	-0.06842801	-0.05278381	0.020485606	-0.08024502	0.0200689	0.047298264	-0.06662569	-0.06710595	0.056408584	-0.00038508326	-0.07773085	-0.029261285	-0.036842532	0.0065771216
-0.0034663028	0.04474973	0.0032085301	0.015101624	-0.0021232064	-0.054659884	0.022941472	0.052632734	-0.07002175	-0.022900775	0.070014715	0.06284254	0.007996165	-0.037487894	-0.07824446	0.007949745
-0.021151347	0.014213614	-0.03527992	-0.002080164	0.056629375	-0.010085712	0.048912592	-0.015421929	-0.080111824	-0.008458102	0.031591047	0.07581638	-0.029934946	-0.02055591	0.007063026	0.051656824
-0.010735203	0.0028849018	-0.020543776	-0.036221746	0.056872584	-0.012647828	0.008286694	-0.003095354	-0.079112135	-0.02116775	-0.012894737	0.06206072	-0.009594006	-0.07562029	-0.049486134	0.028885907
0.07544954	-0.06424526	0.07518149	0.0047193696	-0.038234312	0.012141845	-0.06211837	-0.060845472	0.087128	0.028234687	-0.07117183	-0.020842455	0.079320975	0.02879534	0.03721086	-0.08869858
0.054037735	0.00237153	0.08198493	0.029981282	-0.06220282	0.039416343	-0.019989334	-0.03742114	0.07846382	-0.00016959137	-0.052436467	-0.053252466	0.055270243	0.073378794	-0.008451604	-0.03717743
-0.013297398	0.044733763	-0.012214939	-0.0042598983	0.015831592	0.002606314	-0.009835783	0.0031959969	-0.09730053	-0.006072806	0.005883933	0.08386075	-0.05313581	-0.08812359	-0.047039818	0.079387546
-0.009313509	0.01779051	-0.076790094	-0.04946213	0.04269779	-0.04835794	0.058577154	0.08040262	-0.085696146	-0.030620987	0.07059862	0.05312801	0.00026176614	-0.016276568	-0.064771354	0.00798276
0.040139224	-0.05701207	0.057781465	0.0061473027	-0.002094712	0.076867424	-0.08466901	-0.07826318	0.035552964	0.086338	-0.068914995	-0.039587073	0.068594374	0.07529076	0.0408605	-0.089346156
0.08467219	-0.059158888	0.037338365	-0.010968766	-0.05765737	0.07091704	0.00408882	0.0036753505	0.09854237	0.049819797	-0.08333673	-0.08435084	0.0010214647	0.0017608246	-0.010840958	-0.06837628
0.08824796	-0.0073815547	0.068582356	0.033872075	-0.056504264	0.046977665	-0.07255411	-0.0071157375	0.015088452	0.03922584	-0.05444279	-0.059409596	0.033537295	0.034909934	0.033516	-0.029956963
-0.08549027	-0.0045278254	-0.06707595	-0.06722412	0.08496121	-0.06732215	-0.0012119475	0.052166097	-0.049231548	-0.035293832	0.021092867	0.019897448	-0.055464357	-0.029051824	-0.08380076	0.089873075
-0.05610476	0.08033621	-0.04197317	-0.045494143	0.00836241	-0.035304826	0.01081326	0.052590407	-0.032642353	0.001727184	0.08326438	0.03290551	-0.048109937	-0.005317281	-0.0046394253	0.016413502
0.018830871	-0.03362986	0.008096153	0.059408348	-0.018121859	0.044552606	-0.07906844	-0.04920824	0.03361208	0.049972534	-0.017931173	-0.038210377	0.032757804	0.058805875	0.0019118219	-0.026456876
0.08857413	-0.013013323	0.007133853	0.0506555	-0.029881578	0.05971664	-0.03199496	-0.038970083	0.07188891	0.06953268	-0.012133985	-0.039640427	0.04584917	0.050175786	0.029454751	-0.03383402
-0.029462347	0.030818528	0.01492382	0.005103053	0.008275175	-0.0695375	0.0022567692	0.0064389785	-0.02358459	-0.090020604	0.023801098	0.023993483	-0.03931646	-0.040993817	0.0052038794	0.054015897
0.06303531	-0.046235695	0.020843964	0.082459636	-0.052971855	0.08279058	-0.023404473	-0.026667872	0.022743374	0.03813963	-0.010812394	-0.039999213	0.063876264	0.008936691	0.08207851	-0.08935881
0.0065598246	-0.04824286	-0.0022219638	0.0717999	-0.02983452	0.035650317	-0.04219294	-0.039384503	0.057240635	0.056901835	-0.09043583	-0.01858529	0.08549612	0.016164336	0.021972701	-0.07324489
0.08762943	-0.039889857	0.025323223	0.0035901712	-0.09500151	0.0067865564	-0.06003941	-0.006138101	0.048743926	0.06247977	-0.0027823653	-0.0798722	0.08746008	0.08568022	0.031850897	-0.06989011
0.016712394	-0.014140404	-0.0034048525	0.047694594	-0.015621395	0.049657047	-0.0069334093	-0.035098616	0.059424005	0.020227104	-0.055263698	-0.045536347	0.043236714	0.08521715	0.024550278	-0.07229785
0.0146417795	-0.0407221	0.027257606	0.03587537	-0.06025139	0.08952276	-0.039098643	-0.031098863	0.06398048	0.097062625	-0.06931781	-0.08731572	-0.008059191	0.060891856	0.07176145	-0.032495476
0.001175415	0.06693515	-0.010297037	-0.030154012	0.08099393	-0.023169292	-0.014230356	0.0679533	-0.04584498	-0.009252638	-0.015518985	0.0801462	-0.080865085	0.0080144685	-0.028422521	0.024156634
-0.00090084557	0.077412605	-0.0049665617	-0.039323017	-0.0039598863	-0.018372603	0.07831519	0.04536875	-0.01552843	-0.07001647	-0.0142778745	-0.011334542	-0.049351256	-0.018721646	-0.00315521	0.02576089
-0.011916876	0.028869327	-0.010209015	-0.0042369883	0.05159276	-0.036207773	0.034998592	0.07909793	-0.069877476	-0.08191955	0.0009052625	0.058426697	-0.07047996	0.0077516926	-0.05080206	0.039745774
-0.07933174	-0.0030887432	-0.00742636	-0.054375805	0.0054128794	-0.06410143	-0.015022112	0.03984394	-0.07500796	-0.062265366	0.016809497	0.03001009	-0.06711497	-0.040201955	-0.01459028	0.01826336
-0.076690786	0.01912925	-0.03625064	-0.0069303974	0.06437201	-0.014888066	0.048434798	0.014594503	-0.08438735	-0.07795423	0.04468895	0.076711774	-0.0549379	-0.08264743	-0.07892205	-0.013552891
-0.018802736	-0.0045086187	-0.07650493	-0.005802819	0.054208357	-0.07020665	0.072406515	0.020502053	-0.08373235	-0.032062437	-0.01143363	0.08226444	0.00022957587	0.0022791403	-0.078663245	-0.003206113
-0.07381266	0.042145494	0.012231478	-0.032392554	0.02391653	0.0094594825	0.01729967	0.039948024	-0.043494392	-0.06315667	0.03803952	0.07390082	-0.06606247	-0.06734244	-0.07220025	0.07256865
-0.022316782	0.08367602	0.0076574543	0.0045090746	0.03906232	-0.023254601	0.049805503	0.039356157	-0.019479599	-0.06027779	0.0015821278	0.049888473	-0.006790046	-0.034994174	-0.0330707	0.060779992
-0.0048426557	-0.03287538	0.010027315	0.045428798	-0.045381542	0.019071689	0.0060377987	-0.032048956	0.0031944583	0.0680377	-0.0052746986	-0.08315222	0.033880476	-0.0047688843	0.053304944	-0.01168915
0.032251403	-0.012097402	0.0039572474	0.00035839077	-0.032741956	0.0268345	-0.032995783	3.2096985e-05	0.09112356	-0.0009847702	-0.07439096	-0.028781917	0.05192818	0.0853077	0.0035856774	-0.04379489
0.0759026	-0.04119035	0.044221368	0.050736513	-0.024956238	0.056055717	-0.047963884	-0.024737943	0.027842244	0.058267206	-0.014076348	0.0041911476	0.010662488	0.027406482	0.001223282	-0.02814198
0.03809833	-0.06629983	0.056108836	0.00031661335	-0.045643568	0.024876392	0.00767234	-0.017976496	0.08426139	0.026449235	0.0065555093	-0.07022944	-0.0060202694	0.017606756	0.012802103	-0.043313466
0.06574629	-0.0297508	0.012323617	0.0011729095	0.012398357	0.008539982	-0.07604535	-0.06301293	0.048970416	0.0027921307	-0.035422057	-0.028236086	-0.0003019169	0.015446512	0.043140143	-0.06752881
0.014116317	-0.049968272	0.090373956	0.061064698	-0.040532634	0.05897968	-0.07083674	-0.013910091	0.049292676	0.016156072	-0.09222658	-0.05346798	0.08945385	0.0090164505	0.012340421	-0.036137532
-0.039632298	0.010460222	-0.0016449912	-0.020239813	0.058474116	-0.06567336	0.06861758	-0.012653014	-0.057655215	-0.043516308	0.011327211	0.044680472	-0.07943647	-0.05547019	-0.012766828	0.02666613
-0.008136167	0.081953764	-0.027898533	-0.03965871	0.03501424	-0.044978864	0.07257521	0.08269823	-0.076835275	-0.08163441	0.04030046	0.011586249	0.0014008037	-0.047069203	-0.0411228	0.017880496
-0.035215646	0.064558476	-0.03513574	-0.011463499	0.017119894	-0.0057116062	0.07076341	0.067940034	-0.005380112	-0.0027935535	0.0052837566	0.021372981	0.009687269	0.0033409193	-0.06166376	-0.004857692
-0.0077227424	0.056123737	-0.024140451	-0.012327929	0.0739954	-0.0884534	0.056832977	0.013200698	-0.012255264	-0.031438585	0.06410393	0.0107312035	-0.034582216	-0.029835874	-0.042895444	-0.0007077818
0.008145855	0.08071241	-0.058489863	0.009425307	0.07497101	-0.042168375	0.014589139	0.045392796	-0.09551104	-0.04102018	0.06757201	0.06309172	-0.036091924	-0.08415033	-0.071186356	0.01701701
-0.00042212044	0.00572972	-0.0026731407	0.0133023625	0.011175102	-0.030221773	-0.0072998363	0.070384964	-0.042844925	-0.0282746	0.067501985	0.07560684	0.0033165764	-0.03213886	-0.0040002284	0.040855408
-0.083476655	0.060815454	-0.043977886	-0.023547327	0.008030206	-0.037471615	0.055356644	0.0077509126	-0.029836588	-0.03920054	0.020245796	0.0088070175	0.009907673	-0.059279855	0.007388605	0.07706822
-0.08672695	0.07591028	0.016816447	-0.04198147	-0.0021421823	-0.051520184	0.0022655774	0.012270647	-0.0955217	-0.051049575	0.025841648	0.03845967	0.014962877	-0.072555	-0.024305252	-0.0010691574
0.0663583	-0.048697524	0.026560511	0.074837565	-0.08413389	0.008687933	-0.0575898	-0.059038565	0.051576193	0.008459235	-0.03586067	-0.0284728	0.06409121	0.03868655	0.005203582	-0.07829444
-0.05810854	0.003908364	-0.06754308	-0.03695249	0.08202162	-0.0604733	0.021734366	0.012988999	-0.0808083	-0.04942856	0.08110121	0.029213635	-0.06496715	-0.017897066	-0.07486337	0.027887149
0.016063727	-0.065480106	0.07301017	0.038821425	-0.021124532	0.05474765	-0.015506314	-0.035498932	0.039259188	-0.001956887	-0.029154701	-0.0829998	0.028273612	0.08045658	0.047104973	-0.070639536
0.01224497	-0.03245216	0.017541928	0.015386221	-0.07401085	-0.0015395386	-0.043462664	-0.042441763	0.030748986	0.020053163	-0.059219413	-0.049030744	0.029150745	0.089671694	0.048729002	-0.043919314
0.056581598	-0.037118267	-0.006551826	0.08574345	-0.021847088	-0.0026469142	0.008936517	-0.04372752	0.064387195	0.037510056	-0.070803374	-0.079588085	0.0792614	0.011659478	-0.010778295	-0.03096647
0.008867835	0.00971323	-0.06543008	-0.00065984525	0.03762361	-0.05307315	0.01849053	0.018678932	-0.08501086	-0.052527647	0.041145243	0.04235391	-0.0412132	0.012561693	0.012549924	0.030370407
-0.025982453	0.04922919	-0.016142199	-0.056509156	0.047119208	-0.050606888	0.07525673	0.03875745	-0.06383909	-0.059956323	0.013798548	-0.005047675	8.658986e-05	-0.060413606	-0.0034703955	0.0016731609
-0.017811744	0.046504743	-0.08330182	0.007063941	0.09111719	-0.054104786	0.026228588	0.078168765	-0.0047505903	-0.011542605	0.05332555	0.083264574	0.014471434	-0.06813367	-0.067751095	0.0779057
0.024292441	-0.050234146	-0.0004350797	0.08390725	-0.030263497	0.060653146	-0.012021639	-0.053563237	0.08471883	0.010600761	-0.018565703	-0.003920049	0.07228902	0.029327683	0.023360655	-0.005229448
0.037732456	-0.026728325	0.06938309	0.02393762	-0.043571807	0.039824214	-0.025459765	-0.015101705	0.0059443214	0.081749655	-0.06522288	-0.03880544	0.022265663	0.08383755	0.060339905	-0.049211062
0.058182523	-0.039413944	0.023787687	0.05091259	-0.036138173	0.060186785	-0.07200364	-0.039554764	0.027803991	0.028329382	-0.08830607	-0.055723287	0.055040434	0.03519752	0.051888138	-0.049317934
-0.04760566	0.056005657	-0.0022440508	-0.04233289	0.036800675	-0.053673416	0.026812224	0.025612058	-0.056818478	-0.09037356	0.025488567	0.040763736	-0.008857701	-0.06544416	-0.062859304	0.050110433
0.009978101	-0.004975513	0.011650492	-0.017498106	0.008187381	-0.08652138	0.009724763	0.006766354	-0.03753844	-0.07570242	0.05392125	-0.004318212	-0.017938172	-0.0031253556	-0.044881217	0.017660089
-0.069162935	0.066095755	-0.069410406	-0.051516835	0.034946706	-0.017859194	0.045289267	0.055120137	0.0014291686	-0.0060138684	0.047852844	0.06268451	-0.014757174	-0.026219057	0.008470562	0.008596956
-0.058105204	-0.015825467	-0.055840757	-0.056400377	0.033643845	-0.0067511294	-0.0061241374	0.055836666	-0.0083123725	-0.011749324	0.020485597	0.0008601929	-0.07272824	-0.01256989	0.0176176	0.05966346
0.045204613	-0.0043307096	0.037541807	-0.0045541837	-0.053470403	0.05531769	-0.035472754	-0.06551617	0.09496076	0.08014521	-0.05690053	-0.0005074055	0.03509013	0.040897656	0.012872436	-0.057785273
0.07463078	-0.01576244	0.060588203	0.041883156	-0.061437767	0.05640081	-0.0826675	-0.0029136762	0.060581252	0.022776319	-0.045530915	-0.061242677	0.030029142	0.071783066	0.034823585	-0.055596843
-0.06980463	0.011934462	-0.044236988	-0.05363678	0.04225863	-0.089343525	0.018558614	0.07544769	-0.026924148	-0.073448755	0.039594565	0.008042747	0.0115788365	-0.013721617	-0.0057808827	0.087851614
-0.089968905	0.01608332	-0.028989388	-0.078651406	0.037689123	-0.056403268	0.04402832	0.012697025	-0.08259458	-0.014406216	-0.00073015684	-0.0044237874	-0.010517881	-0.015726263	0.001576518	0.020684522
-0.07448825	0.031951085	-0.020165494	-0.061725806	0.017103719	-0.079654105	0.043007813	0.031479463	-0.050432175	0.00018948044	0.00602782	0.07628831	0.005060617	-0.038378727	-0.014667684	0.08033066
0.08607702	-0.04311318	0.00333937	0.021270163	-0.01984373	0.06357799	-0.050429102	-0.08862458	0.056546662	0.08343068	-0.05626034	0.004258947	-0.0007635956	-0.006335679	0.041096915	-0.053491812
-0.00221261	0.0052755056	-0.0048821014	0.063214034	-0.0135720335	0.062955044	-0.089130186	-0.08432411	0.019683942	0.036868453	-0.019725548	-0.0010503362	-0.0062332745	0.06046402	0.06268394	-0.035100188
0.02903192	0.009165235	0.031643264	0.022253223	-0.06865753	0.07897483	-0.07521924	-0.07816844	0.065051146	0.016527055	-0.023831919	0.0040757745	0.079918265	-0.0076636514	0.021811865	-0.006450839
0.015881767	-0.078121275	0.075514145	0.033070005	-0.03823168	0.010031387	-0.03979915	-0.027622115	0.09809956	0.07449468	-0.011288683	-0.039420485	-0.006291238	0.0020671973	-0.00053271995	-0.06111347
0.043270893	-0.008487026	0.062537245	-0.0032586746	-0.08756497	0.08583288	-0.0035249577	0.004456951	0.015961062	0.0086617265	-0.03582069	0.0040231883	0.01432502	0.01953845	0.0697423	-0.012401756
-0.07985628	0.0018676451	-0.027014937	0.0113566285	0.068559185	-0.005546247	0.0068270783	0.017476393	-0.07418513	-0.077286996	0.035881285	0.033788897	-0.01702892	-0.03865312	0.007961178	0.023130404
-0.028827418	0.004678476	-0.05970778	0.007501135	0.08285764	-0.05850286	0.0062785954	0.010517097	-0.07464394	-0.076720126	0.07495472	0.03811672	-0.020026026	-0.056596357	-0.0216587	0.045823816
-0.007963542	0.0036077215	-0.05613697	-0.040405575	0.015596218	-0.03952483	0.032122284	0.049576893	-0.096543066	-0.013120866	0.03951861	-0.0077439747	-0.055855848	-0.010825934	-0.018783908	0.035661656
-0.0010070454	-0.0028705066	-0.007585029	0.06755707	-0.086489916	0.0070115505	-0.03231073	0.0023597712	0.023880148	0.064187005	-0.041513793	-0.086516045	0.053941514	0.0831388	-0.009005903	-0.02423654
0.050736975	-0.051429085	0.020480577	0.0213171	-0.06327692	0.06057671	-0.09193653	-0.045859806	0.063545674	-0.0019966252	-0.07263687	-0.029241154	0.01460446	0.0009295332	0.07670814	-0.09134894
0.038776223	-0.04046558	0.084842965	0.08409891	-0.016404893	0.078215614	0.010170869	-0.042234614	0.061333194	0.04423879	-0.0144279115	-0.08624599	0.02165727	-0.005421738	0.049911827	-0.020697942
0.023580335	0.011123508	0.030459862	0.02890744	-0.062461212	0.088084325	-0.07618351	-0.032534998	0.024281733	0.061266117	-0.08300021	-0.009343885	0.022470022	0.003993218	0.07074793	0.0032156492
0.0005154127	0.06518588	-0.011867818	-0.0028759344	0.040859606	0.00079665036	0.05753158	0.060967147	-0.050504494	-0.07367696	0.024171095	0.028815774	-0.010557912	-0.061193444	-0.06659623	0.0021186853
-0.012910945	0.080187954	-0.025652993	-0.06162224	0.023321608	-0.050644614	-0.0016798599	0.0106755085	-0.00088208984	-0.07052854	0.01609515	-0.0006203629	-0.06451675	0.0064199828	-0.048332646	0.079407364
0.0014432864	0.006514363	0.081444174	0.05016132	-0.015476098	0.044307046	-0.058174074	-0.01870708	0.002613297	0.04064519	-0.051403224	-0.07393485	0.00082723267	0.046334278	0.052433547	-0.02309007
0.065015435	-0.0025132678	0.066208355	0.05516618	-0.057729382	0.010727821	-0.06661556	-0.0875751	0.01641604	0.06551439	-0.08742943	-0.061041996	0.045042176	0.05591378	0.08099783	-0.053204525
0.0120347785	0.005669959	0.06618112	0.033108447	-0.076304965	0.0402674	-0.057253685	-0.09061772	0.03118435	0.08849291	-0.025012882	-0.026303276	0.07174393	0.0036549252	0.032491267	-0.07117345
0.07697259	-0.07167099	0.026569273	0.06625117	-0.059391234	0.067654066	-0.06206878	-0.016185768	0.073651455	0.054198056	-0.027603583	-0.034799095	0.033728678	0.019844376	0.01725676	-0.027809728
-0.00034271518	-0.06369572	0.07274959	0.07583433	-0.08565939	0.042901188	-0.047886796	-0.005988489	0.0058794064	0.00226709	-0.023978055	-0.06409051	0.00042563377	0.079500854	0.065744564	-0.07560302
0.08713252	-0.03275599	0.074878134	-0.005544475	-0.0060610278	0.051303983	-0.041413885	-0.010696248	0.058344863	0.08922791	-0.059179712	-0.06437275	0.05443984	0.0063124737	0.0009991575	-0.02725117
0.07322433	-0.02420031	0.061823525	0.017788468	-0.08352277	0.052594777	-0.07780339	-0.014212221	0.074578606	0.04665518	0.007869951	-0.08407485	0.06361181	0.030375693	-0.009528753	-0.09200571
0.039250083	-0.08110057	0.08642577	0.006293352	-0.09388178	0.04520541	-0.0164434	-0.07195536	0.062781334	0.07526276	-0.019480329	-0.018943919	0.08098244	-0.0063725337	0.07359635	-0.07447194
-0.032159675	0.04680475	-0.08329595	-0.08354173	0.0135723045	-0.042514883	-2.156461e-05	0.048050605	-0.089424945	-0.0667856	0.0018943697	0.08212791	-0.076405965	-0.052113153	-0.010855726	0.020083966
-0.04282454	-0.0023749468	-0.026314488	0.010837817	0.012476415	-0.028283974	0.034435876	0.05289942	-0.08452722	-0.05935346	0.0046958905	0.024299582	0.011251014	-0.02462125	-0.045199074	0.030348063
0.027612375	0.00734304	0.08818316	0.04976636	-0.052686248	-0.0004114323	-0.013320373	0.0077687246	0.011850658	0.06747541	-0.05139986	0.0064572054	0.014123123	0.022382991	0.049859386	-0.06641977
0.055180535	-0.061785147	0.024467127	-0.0033563212	-0.083616905	0.08167839	-0.08122244	-0.011120128	0.04549563	0.016717229	-0.036360875	-0.04126163	0.046215285	-0.006151402	0.059435833	-0.06809092
-0.024763687	0.06172449	0.0004938771	0.0015621039	-0.0033145198	-0.02332042	0.005379019	0.033341434	-0.015280592	-0.058298502	-0.0072951103	0.04725556	0.003768602	-0.047467425	-0.02338095	-0.010719085
-0.011892934	0.07212565	-0.025250766	-0.026270911	0.04902743	-0.06281374	0.08088377	-0.014989573	-0.09566124	-0.0467946	0.019266868	-0.010875101	-0.04579509	-0.06374717	-0.048569787	0.057972014
-0.06939613	0.0687521	-0.06130293	-0.019587623	0.016470492	-0.025103796	0.052536525	-0.0097072655	-0.07707203	-0.08386123	0.018109899	0.04568551	-0.028530698	-0.07517935	-0.07684718	0.042775165
-0.07790876	0.06377591	-0.05225742	-0.05600341	0.01059705	-0.05569101	0.050120343	0.008664249	-0.049055595	-0.017249936	0.04121954	0.014781642	-0.055598684	-0.03367363	-0.048086863	0.0712247
-0.032556213	0.023956524	-0.0117871575	-0.041591745	0.035174012	-0.0017648226	0.017123792	0.057649966	-0.05044777	-0.024690246	0.06514841	0.013080103	-0.061631903	-0.052311003	-0.0051969844	0.084069595
-0.01660209	0.018738482	-0.05624916	0.0025116734	0.09033308	-0.02821257	0.07786969	0.026236583	-0.0029541976	-0.048225846	0.0069579217	-0.0002924546	-0.048275303	-0.034680843	-0.063725784	0.01748448
-0.0012900447	0.07455376	-0.0063513285	0.003530642	-0.017572524	0.0019426738	-0.008969857	-0.010595101	-0.06775448	-0.049706113	0.085832514	0.056462724	0.019231936	0.0052986434	-0.032651525	-0.008570377
-0.02972931	0.06653916	0.004083789	-0.026988491	0.04146257	-0.023623774	0.08832419	-0.018530786	0.013980243	0.00095577235	0.07849966	0.059096687	-0.031626943	0.0027034557	0.0014185524	-0.009794924
-0.012917322	0.00586542	-0.03264993	-0.030640168	0.02505452	-0.032638416	0.056209248	-0.0046051024	-0.0023433778	-0.06084875	-0.014983028	0.0027568666	-0.063001044	0.00028544693	-0.08122748	0.03921234
-0.05645982	0.023176784	0.00920775	-0.022512788	0.07968576	-0.077465735	0.0015714361	0.030726302	-0.0032655	-0.021512218	0.0050232676	0.0020701569	-0.011678171	-0.06315902	-0.023328329	0.02305277
-0.053377688	0.056559328	-0.014211562	-0.017940458	0.070424795	-0.019059831	0.02489318	0.028291656	-0.050980568	-0.019564731	0.03864247	0.061283566	-0.06909125	-0.060727112	-0.027099002	0.060622867
-0.004551024	0.020640906	-0.0013260792	-0.06210842	0.026169835	-0.072179034	0.018189158	0.018468363	-0.085208274	0.00169297	0.009079653	0.04001625	-0.046786208	-0.009334264	-0.025378693	0.051163577
0.011036243	0.043979563	-0.025761887	-0.05013572	0.01203487	-0.017070526	-0.011530245	0.0025761933	-0.020166997	-0.058928255	0.07450529	0.020797983	-0.017138772	0.0015845819	-0.06100375	0.083298706
0.008659868	0.040268354	-0.035816375	0.012372006	0.041115105	-0.048436545	0.062098343	0.06916495	-0.058206916	-0.010679186	0.06734744	0.06864978	0.006873971	-0.06924505	-0.05538049	0.07189404
0.038315352	0.08725659	0.019032495	-0.035384562	0.04191195	0.0018492932	-0.025072437	0.0073036924	0.005163622	0.036408264	0.031704523	0.05148141	-0.039666448	0.022417435	-0.011797803	-0.030131904
0.038819138	0.03185895	0.01873714	0.00959378	0.0030454858	0.0060636536	-0.025622018	0.048198346	-0.02508687	0.035205644	-0.036584016	0.0024329945	-0.03436103	0.03629121	-0.02891145	0.010720448
-0.013736561	0.090054505	-0.04907938	-0.02453925	0.030738482	0.021394057	0.006725978	0.024251025	-0.039394338	-0.01446015	-0.04687409	0.030924672	0.028924853	-0.007230305	-0.033058945	0.030634727
-0.08828201	0.009312705	-0.07985982	-0.05898731	-0.0009997077	-0.021020487	0.019766415	0.040251654	-0.0058833337	-0.055510756	0.08203556	-0.01172403	-0.06339562	-0.066959076	-0.026260354	-0.011588089
0.00046904053	0.0186992	-0.014111638	-0.071918845	0.07612824	-0.035894778	0.06274597	0.057181194	-0.067027345	-0.037589487	0.06156867	-0.013925305	-0.030211829	0.0028150955	-0.048204623	-0.0083337035
-0.0805258	-0.0015627188	0.008504637	-0.07113985	0.088500045	-0.052030798	0.030706659	-0.010576821	-0.0065010763	-0.007888775	0.011164076	0.031023981	0.0042250752	-0.07512369	-0.057001594	0.0364397
-0.0027029254	0.01100786	0.0072703795	-0.019447366	0.07647706	-0.029208168	0.024922885	-0.0065261717	-0.006930794	-0.009299413	0.0123366825	0.04083029	-0.05542865	0.0032508199	-0.026611263	0.048670735
-0.0036379271	0.060261454	-0.025947506	-0.0060882447	-0.0034608915	-0.05562416	0.07690474	-0.013226518	-0.020938363	-0.019143535	0.06259118	0.054056257	-0.02679228	0.019658202	0.019629667	0.012461566
-0.014712658	-0.0138695715	0.0026251995	-0.051332474	-0.014147545	0.012238188	-0.00493551	-0.017961267	-0.049663864	-0.0761199	0.035681143	0.038273804	-0.0021334114	-0.05413636	-0.05996292	0.06411239
-0.052306134	-0.010295975	-0.058007848	-0.019242212	0.08890431	-0.069155365	0.029097805	-0.0027927873	-0.049865864	-0.07167703	-0.0032800208	0.021866735	-0.017617295	-0.009921091	-0.065703236	0.021889962
-0.0705872	-0.0048029996	-0.020574842	-0.06471468	0.06117461	0.00031332445	0.041099302	0.008787635	-0.08691493	-0.04238062	0.05267283	-0.009004935	-0.009476308	-0.03624568	-0.069985084	-0.008377433
-0.06207939	0.029671833	-0.0076676207	-0.0031835865	-0.0066669662	-3.699425e-05	0.083242185	0.040641014	-0.0732646	-0.067867406	0.010311682	0.079894535	0.0025840825	-0.030259954	-0.046327144	0.049985874
-0.07288474	0.06472542	-0.043042455	-0.038282566	0.037605297	-0.03989826	0.05169539	0.02156032	-0.011195692	-0.05706587	0.023904514	0.06937161	-0.010966193	-0.020119121	-0.022551592	0.06950797
0.0708939	-0.042101346	0.02777581	0.0005103284	-0.020720685	0.089044765	-0.0720378	0.0051977695	0.07973046	0.055196192	-0.07470001	-0.06181091	0.06370818	0.07613321	0.057299122	-0.08554059
0.07231616	-0.07449655	0.020454295	0.06410261	-0.072084405	0.02414481	0.0043002227	-0.021454355	0.046238933	0.034475524	-0.07443979	-0.012476379	0.05973005	0.06492675	0.0590212	-0.056148764
0.063045666	-0.03276967	0.052962717	0.003212561	-0.039325856	0.086135246	-0.06722713	-0.08859956	0.075666435	0.043672502	-0.029224517	-0.0022994855	0.05147019	0.07308071	0.002634824	-0.0692496
0.05200581	0.010746144	-0.00977408	0.064209454	0.010080337	0.032159284	-0.025199382	-0.07981804	0.040202215	0.055619236	0.0014298552	-0.072346374	0.047297183	0.0026485724	0.08631445	-0.0726463
0.061176214	-0.01171411	0.0863863	-0.009950306	-0.076372005	0.034259666	-0.083059825	0.00016180158	0.057272345	0.020212902	-0.033397667	-0.088091105	-0.008681941	0.053938035	0.0293069	-0.016964989
0.04197647	-0.06860957	0.092012115	0.05402076	-0.018160164	0.037967134	-0.0133523075	-0.019086787	0.09614052	0.03075281	-0.087297276	-0.03848136	0.077733256	0.011442058	0.045726474	-0.077467404
0.009278158	-0.09055804	-0.0040653236	0.035861734	-0.020752843	0.06398098	-0.049411625	-0.08402463	0.050767325	0.034710735	-0.07217377	-0.045244195	0.07343261	0.03254472	0.048798162	-0.09259482
0.06845462	-0.04981723	0.011201865	0.08140469	-0.052721247	0.07828745	-0.0364501	0.0033464595	0.07366544	0.08615506	0.011266548	0.008107541	0.042790294	0.003513727	0.0054190876	0.00013551966
-0.042031985	0.07860261	-0.034852285	0.004926147	0.0507912	-0.018220134	0.057842884	0.03128033	-0.0070446976	-0.008656215	0.061565097	0.04492013	-0.0010209137	-0.059212886	0.013749068	0.015044028
0.042596158	0.0062917476	0.006015903	0.010051118	-0.0041285497	0.0033371793	-0.0032435914	-0.022780322	0.06716865	0.013448807	0.003468941	0.0021713944	0.087461546	0.02283586	0.08239498	-0.0906597
0.02653549	-0.0001769216	0.07612548	0.001298684	-0.041738752	0.041803904	-0.008535475	-0.02833484	0.0076733287	0.037658505	-0.024452427	-0.0811221	0.044871833	0.07525519	0.014377488	-0.014259301
0.011120412	-0.072656654	0.055875212	0.005712428	-0.024063347	0.065948024	-0.040349837	-0.02763149	0.0060272925	0.019208245	-0.08316966	-0.047821242	0.041169625	0.049805384	0.01989573	-0.057462048
0.052688506	-0.041464183	0.024978332	0.07669411	-0.009098453	0.011708324	0.007974605	-0.024889756	0.025671508	0.022735806	-0.083213255	-0.07802513	0.06440035	0.035585593	0.009774735	-0.037925117
0.049259137	-0.06456709	-0.004836054	0.059584912	-0.051391404	0.08896625	-0.02741291	-0.046937875	0.0866862	0.036330152	-0.07751744	-0.005264719	0.040722355	0.05874769	0.06456243	-0.025221474
0.047180776	-0.06837714	0.052988444	0.07549552	-0.085175775	0.080299206	-0.08366675	-0.047780912	0.099738665	0.07495205	-0.09140677	-0.0145841325	0.090321995	-0.0024184147	0.0067283814	-0.01004456
-0.0820623	0.058670577	-0.058990866	-0.055912733	0.06935192	-0.044155948	-0.0013930807	0.0043806895	-0.019690812	-0.04526771	0.04587344	0.0029387083	-0.054482732	-0.049390562	-0.053733822	0.04049045
-0.08727793	0.021356212	0.015033617	-0.040609427	0.014602817	-0.07345785	0.0143930735	0.06871657	-0.054701794	-0.091332816	-0.0039577126	0.08168579	-0.07345674	0.00010884816	-0.029645536	0.0044274996
-0.016055156	-0.0070565417	-0.024006229	0.0039397324	0.020600975	-0.076202005	0.044591952	0.028374165	-0.07916259	-0.009321246	0.068624884	-0.0035164359	-0.034443922	-0.01421286	-0.07986405	0.00070959073
-0.06590213	0.002657288	0.011203295	-0.061062686	0.0027960688	-0.0017003706	0.076707564	0.012800526	-0.044289295	-0.0728718	0.053471062	0.011131012	-0.05071592	-0.0016449541	-0.08258174	0.044551395
0.050122045	-0.04148636	0.047460213	0.059750233	-0.08396308	0.027923442	-0.013128606	-0.074413076	0.049277328	0.020571597	-0.0570577	-0.08542542	0.07597421	0.03282751	0.08488081	-0.08789817
0.056100193	-0.007250032	0.03885313	0.028928358	-0.002032512	0.03787234	-0.026397264	-0.030396149	0.017623758	0.090210244	-0.07569699	-0.088942915	0.016954595	0.07463305	0.0623949	-0.0034667763
-0.080084905	0.052849386	0.0043796985	-0.042094417	0.05952995	-0.038021475	-0.0071084206	-0.017283116	-0.049308218	-0.014909783	0.02847556	-0.0061527356	0.0054908334	-0.0036840355	-0.061516345	0.08224705
-0.041284535	0.05018446	-0.0532237	-0.059339404	0.076237164	-0.0254882	0.06928796	0.00024408728	-0.023972997	-0.047552392	0.04260383	0.07809622	-0.028519198	-0.009945594	-0.051476482	0.062384054
0.042181127	-0.07209932	0.06862317	0.016386904	0.0018286539	0.009735502	-0.04443909	0.013889637	0.020861065	0.005417701	-0.034584474	-0.054108236	0.037226122	0.04729299	0.040366296	-0.043964706
0.06612498	-0.026640594	0.009567341	0.037692577	0.023854649	-0.014486027	-0.0028790173	0.0030778407	0.010160413	0.037001256	-0.017573822	-0.015236002	0.0015545303	0.06500883	-0.00181129	-0.048677962
-0.033701822	0.035644215	-0.008241473	-0.051553715	0.03245757	-0.07733777	0.012403371	0.017843464	-0.037420698	-0.0791975	0.011475011	0.004084251	-0.024385214	-0.049719993	-0.045034543	0.064316764
-0.0173145	-0.0075616064	0.0039359177	-0.05721479	-0.002694046	0.0009430747	0.07290313	-0.008915839	-0.0318307	-0.062475715	0.027344087	0.0040757884	-0.06854997	-0.01281913	-0.065253966	0.056620043
-0.006841844	0.04592948	-0.0067450134	-0.02425204	0.03288963	-0.030778345	0.041884534	0.050854206	-0.029757848	-0.02506696	0.051355496	0.0057295426	0.014380036	-0.071979806	-0.06832746	-0.001168291
0.019916892	-0.0679917	0.0317143	-0.007724669	-0.077912346	0.08546037	-0.019179095	-0.04414754	0.052159	0.022906044	-0.055977996	-0.019790083	0.008850412	0.01564072	0.0529346	-0.08761459
-0.079289325	0.0689336	-0.0854125	-0.035781804	0.06922346	-0.045683824	0.0468081	0.05854754	-0.041745257	-0.05147326	0.039856993	0.025716351	-0.07427824	-0.081700586	-0.002568252	0.082193345
-0.04275113	0.04173488	-0.058680873	0.007244924	0.079346724	-0.038615882	0.05728548	0.04617082	-0.03335213	-0.024121195	0.029823996	-0.009823682	0.0095281275	-0.08342119	-0.0796378	0.045161206
-0.01935195	0.045339394	-0.07166974	-0.055557415	0.0056285225	-0.061324574	0.0128126	0.049355607	-0.029698202	-0.048292894	0.018554583	0.05420108	-0.029553717	-0.057010088	-0.069058545	0.061742067
-0.05999826	0.04488249	-0.049142182	-0.044179667	0.023510236	-0.011305358	0.054346263	0.081932455	-0.043333337	-0.014222472	-0.0055562356	0.056315765	-0.06343394	-0.0895764	-0.008152853	0.030570835
-0.06796884	0.06999835	-0.05568104	-0.017007422	0.05397039	-0.051256035	0.016390374	0.07635167	-0.014303316	-0.015097909	0.0799179	0.08697769	-0.055637788	-0.019284923	-0.080321215	0.086881064
-0.08775096	0.04059268	-0.0034169701	-0.010328937	-0.0021342237	-0.06890923	0.08364343	-0.009813341	-0.021500487	-0.024938293	0.040902827	0.013065374	-0.077822305	-0.07641925	-0.05644828	0.07697403
-0.07758654	0.083139546	-0.033564195	-0.050519962	0.08265526	-0.08646819	0.06451693	0.03175892	-0.080465436	-0.03919874	0.056454204	0.08732442	-0.05168217	-0.062377136	-0.038768657	-0.00087747903
-0.04017279	0.041546147	-0.019747775	-0.020397192	0.086286545	-0.013247916	0.042291522	0.03731555	-0.024896272	-0.071552776	0.011247081	0.031218529	-0.015415042	-0.041191142	-0.02511883	0.07730017
-0.05255029	0.07205223	-0.0027051119	-0.039157443	0.0236858	-0.032354735	0.08303593	0.030137572	-0.04520189	-0.05224445	0.025380468	-0.0012509691	-0.027481845	-0.05884223	-0.06101504	0.055284638
-0.04989833	0.04950219	-0.03267002	-0.034231402	0.05715202	0.0017775163	0.029258776	0.051460695	-0.006898186	-0.082521535	0.056294788	-0.01908295	-0.07546778	-0.030455781	-0.044937506	0.008770798
-0.051606122	-0.010847958	-0.043024972	-0.03966983	-0.003024323	-0.010969078	0.06946486	0.054869846	-0.02989853	0.0008769058	0.03451319	0.00030157552	-0.043311108	-0.032354888	-0.05698523	0.0006922712
-9.228688e-05	0.070538394	-0.04542144	-0.08242837	0.06146194	-0.051778216	0.04090746	0.052893225	-0.021422097	0.0005221874	0.045231637	0.011516072	-0.047565278	-0.058274735	-0.07566831	-0.010017036
-0.0032716414	0.01010609	-0.0012034031	-0.04710773	0.0022867844	-0.073966	0.012017853	0.054907292	-0.06606197	-0.005678862	-0.00908047	0.03449	-0.0044244854	-0.04285304	-0.010435866	-0.015152794
0.072962634	-0.05898436	0.044637743	0.021868514	-0.07509952	0.05613088	-0.013777384	-0.0011069407	0.07652162	0.08812634	-0.055734754	-0.0768493	-0.010910306	0.019928567	0.024918722	-0.028000727
0.048980042	-0.0788055	0.00781582	0.065572515	-0.048118047	0.038879216	0.0015063462	-0.07187944	0.03670113	0.0571978	-0.049736083	-0.015883353	0.07832107	0.07570145	-0.0021439563	-0.019511852
0.011772286	-0.05690155	-0.014071421	-0.01613972	-0.059124716	0.0573233	-0.043724548	0.005438628	0.06850591	0.023181086	-0.07088279	-0.02437597	-0.011898555	-0.012619644	-0.0006646081	-0.049764898
0.087085776	-0.04468165	0.03209525	-0.0008925088	-0.020378726	0.07403232	-0.087828554	-0.07259448	-0.00049983204	-0.0010064987	-0.0049885707	-0.0852537	0.039044205	0.0007648346	0.061673075	-0.058153357
-0.050281208	-0.019932156	-0.067773685	-0.07009781	-0.018804222	-0.07807189	0.04450723	0.06991384	0.0072136703	-0.012694063	0.03221929	0.042280138	-0.049782213	-0.05466258	-0.049850896	-0.020114534
0.012359983	0.036109403	-0.07238481	-0.069702126	-0.026327021	-0.018349381	0.04220618	0.0327774	0.018751962	-0.081073046	0.03764259	0.036117807	-0.026824411	0.013859676	0.022083094	0.05475228
-0.049122006	-0.004270865	-0.027908772	-0.06672354	0.010344784	-0.07055297	0.059656102	0.053972237	-0.03170367	0.004056886	0.027146788	0.06769091	-0.006071054	0.008544632	0.0124644395	0.070573606
-0.0068098404	-0.007622877	-0.02794524	-0.046508133	0.025826171	-0.034923766	0.040631194	0.02292123	-0.06278469	0.00043535812	0.079065725	0.008948706	0.018796172	-0.04195487	0.020383775	0.015488311
0.01889269	-0.059243627	0.075241335	0.0849237	-0.08588942	0.036752243	-0.047201186	-0.040415894	0.035676453	0.025909953	-0.035388783	-0.08006666	-0.011451509	0.019629685	-0.0013387315	-0.035423532
0.014735079	0.011243241	0.072638236	0.047837805	-0.02902386	0.028987493	-0.045181476	-0.0015457183	0.06502035	0.030576391	-0.07387778	0.0041617583	0.04248434	-0.00071852666	0.07791039	-0.05443475
-0.08291149	0.045609333	-0.07383606	-0.07884232	0.03683984	-0.04994514	0.048790168	0.08176862	-0.006808283	-0.07060237	-0.0075757424	0.0729113	-0.059570383	-0.055959992	-0.042180885	0.015776074
-0.06145662	0.029785894	0.010851806	-0.07820351	0.009290008	-0.05271871	0.013072632	0.0342116	-0.032825988	-0.07646571	0.07778288	0.007316784	-0.029055232	-0.04033107	-0.048559863	0.063121215
0.07506767	-0.007540404	0.074471824	0.038361177	-0.048999164	0.032769848	-0.071987174	-0.020835014	0.062270246	0.05218291	-0.016815176	-0.06694438	0.020831969	0.038508013	-0.009378698	-0.05522914
0.0852633	-0.053188905	0.0029131814	-0.0001897077	-0.048755374	0.08800338	-0.022834847	-0.030813074	0.047777697	0.021931266	-0.074002884	-0.007699964	0.015881784	0.06138189	0.0365373	-0.045367125
0.08047067	-0.04394307	0.037617832	0.059063844	-0.07914143	0.06481814	-0.066128366	0.0006937294	0.0023901174	0.083949536	-0.054571398	-0.057121396	0.0856143	0.07826324	0.08449404	-0.02356146
0.014762255	-0.027875485	0.08379229	0.034354903	-0.08796023	-0.0050670737	-0.08324446	-0.0058071194	0.07022107	0.0051841196	-0.0040428536	-0.08265797	0.05774009	0.040641233	0.065986685	-0.059441272
-0.041042704	0.0056498935	-0.055839773	-0.045661096	0.029233553	-0.0045280294	0.047674052	0.03354048	-0.021571865	-0.05905773	0.03358031	0.020515673	0.0027451331	-0.0085695945	-0.048985668	0.020418512
-0.07101895	0.07037039	-0.03377686	0.009286369	0.058237232	-0.08690224	0.031203056	0.07565842	-0.05017223	0.0035253998	0.006855027	0.04540804	0.012364852	-0.08197213	-0.081229806	0.01764283
0.064396255	-0.0011854854	0.025141884	-0.0034216575	-0.012347407	0.05447034	-0.04852746	-0.062486462	0.0746627	0.013498548	-0.024030393	-0.047951814	0.025392612	-0.002712166	0.07521834	-0.032054845
0.07493191	0.005701716	0.04810855	0.059424438	-0.016480824	0.051740978	-0.040756408	-0.03922809	0.086294085	0.024555026	-0.061008707	-0.0452079	0.011120818	0.057405986	0.039014827	-0.04476365
0.05097558	-0.009520443	0.02652979	0.08365294	-0.0025246632	0.009718906	-0.045350783	-0.045594577	0.087611094	0.08161538	-0.07807039	-0.05210324	0.00650451	0.02516108	-0.00089437806	-0.023010602
0.07404155	-0.076303706	0.025823856	0.07527798	-0.018334894	0.015982745	-0.030271566	-0.05652813	0.0070367157	0.0056991647	-0.009894845	-0.013313203	0.016744003	0.084123135	0.08011094	-0.03675336
-0.000416108	-0.05831039	0.08933824	0.04076604	-0.020809913	0.056545515	-0.046824753	-0.009403813	0.04991028	0.07672345	-0.008887101	-0.029091205	0.013543955	0.07288169	0.07815202	-0.030946447
0.034395643	-0.027911233	0.021159856	-0.0026657688	-0.020446822	0.038122296	-0.06671138	-0.05318613	0.07471856	0.012072676	-0.0461061	-0.04056249	0.045751218	0.012246832	0.05457149	-0.060114034
0.089085475	-0.0699202	0.035354443	0.057623286	-0.08570134	0.03127944	0.0043454794	0.0041718255	0.009188728	0.017519824	-0.0387232	-0.07715123	0.013893812	0.053986333	0.035136987	-0.09121955
0.0797597	-0.08649937	0.029019568	0.059995025	0.0050575137	0.03030143	-0.015568639	-0.091762066	0.048105326	0.015981907	-0.084865436	-0.09193497	0.03418868	0.008007683	0.026513925	-0.037524313
0.062693045	-0.084196545	0.055557482	0.032674704	-0.06755562	0.062444106	-0.03803148	-0.058653314	0.09167066	0.08515012	-0.008633729	-0.022584645	0.0023325558	0.018962499	0.0031368905	-0.041074425
-0.005075457	0.06332897	-0.061873425	-0.05245645	0.027749818	-0.031020308	0.0060286545	0.018195374	-0.071659006	-0.052227292	0.04119668	0.020756686	-0.015976436	0.008822512	-0.064074636	0.045756135
0.04129502	-0.030082203	0.0617232	0.040185004	-0.054707687	0.036955804	-0.055380378	-0.0798223	0.044749238	0.01659501	-0.07212737	-0.012905752	0.0019432276	0.037974257	0.019675955	-0.028392987
0.045480147	-0.035202645	0.0231141	0.0055796085	0.004001867	0.011013369	0.0022524872	-0.009497354	-0.001778619	0.06704711	-0.057435285	-0.03454788	-0.0014308669	-0.002260091	0.011505056	-0.023526797
0.07069912	-0.072909065	0.07325147	0.05038752	-0.013688939	0.088529535	-0.014909685	0.0010798853	0.01746372	0.080612846	-0.050055183	-0.07715603	-0.00018353408	0.062970854	0.05638475	-0.026627297
0.051914893	-0.0655881	0.08157977	0.01118774	-0.047324706	0.012016918	-0.05769784	-0.071379006	0.021107161	0.08071922	-0.042271014	-0.066264994	0.0012119511	0.08094241	0.057481088	0.0008388625
0.01940442	-0.048419397	0.075996235	0.06811043	-0.08216421	0.06954419	-0.08789302	0.008781994	0.016173868	0.09287776	-0.045684777	-0.060272302	-0.006098349	-0.009786814	0.04847545	-0.047671683
0.004112931	-0.027097639	0.07173905	-0.0027054464	-0.011683916	0.061130792	-0.05551189	-0.055108465	0.03278006	0.0946842	-0.06396539	-0.08170795	0.08305327	0.03008223	0.03229621	-0.016012397
0.078918666	-0.04536766	0.0016692634	0.05081733	-0.078256115	-0.008335615	-0.014402538	-0.048171185	0.018166814	-0.0023853893	-0.011828708	-0.067931496	0.081761934	0.00043407732	-0.010470592	-0.085053034
-0.0024436263	-0.071253	0.061861567	0.00018138124	-0.058179922	0.011856388	-0.023860129	-0.020598294	0.07058395	0.008428543	-0.07873561	0.011914249	0.0688204	0.036865547	0.06469653	-0.069498956
0.00845897	-0.014933033	0.014833211	0.07415132	-0.07342559	0.05405473	-0.067505695	-0.031948008	0.008067673	0.08786851	-0.06469217	-0.0074095004	0.025965106	0.032923628	0.021605473	-0.06731883
0.06257268	-0.08057552	0.05232963	0.057571705	-0.007472502	0.04203316	0.004133283	-0.0011208756	0.06926848	-0.0044469605	-0.0048223212	0.0019462127	0.021433376	0.08295754	-0.0033551296	-0.037851006
-0.07092784	0.082761414	-0.011055821	-0.037052453	0.06985232	-0.030835057	0.019471645	0.074303344	-0.013429066	-0.01912044	-0.008290027	0.058244906	-0.013085597	-0.047198307	-0.0780878	0.02620967
-0.06871237	-0.009256599	-0.017127017	-0.06280793	0.019138608	0.008194029	0.014552614	0.07481526	-0.06242213	-0.06976654	-0.00048565835	0.038862724	-0.02543229	-0.043621037	-0.02233167	0.030799976
-0.03268447	0.009577472	-0.05567245	-0.06790883	0.07681948	-0.018410616	0.04815556	0.05863387	-0.06752504	-0.0887537	0.003109141	0.032336645	-0.08040205	-0.036450423	-0.04632979	0.028974526
-0.0008004256	0.06633881	0.007865232	-0.055883963	0.04309714	-0.00014284885	0.0787161	0.07413559	-0.02948878	-0.09472414	0.00079801097	0.028505221	-0.07909688	-0.019215012	-0.08271651	0.029971853
-0.052713607	0.07470166	-0.068346344	-0.059362527	0.013066083	0.008066853	0.04686042	0.062093135	-0.03909989	-0.0111801615	0.043019444	0.022551209	-0.06874846	-0.07131376	0.001044568	-0.0038296825
-0.005632226	-0.0406198	0.0576468	0.009593078	-0.046598896	0.060370095	-0.033200823	0.005050205	0.0069469293	0.07713578	-0.07684161	-0.0662627	0.082429886	-0.0043946896	0.013000522	-0.086706385
-0.06126067	0.019412855	-0.046776827	-0.082978524	0.042550176	-0.032583132	-0.010155711	0.06435639	0.004760644	-0.023731388	0.06240158	0.02924252	-0.013177617	-0.076284744	-0.07478129	0.0012305835
-0.01570511	-0.0018388355	0.0071481704	-0.02207228	0.051689878	-0.04886255	-0.0019517826	0.06244922	-0.08555503	-0.03917875	0.077053964	0.006644271	0.00930887	-0.005080335	-0.054243356	0.060814023
-0.057113536	0.08516425	-0.035017263	-0.08273673	0.08330292	-0.039587416	0.067544244	0.029632676	-0.0014205298	-0.06647871	-0.0049386933	0.08215481	-0.06620225	-0.073863834	-0.042897154	0.032195095
0.089786045	-0.02782581	0.059671182	0.056475595	-0.08238397	0.04672164	-0.05330174	-0.08186526	0.06734611	0.09281351	-0.016524192	-0.043849383	0.024696434	0.08392877	-0.008670268	-0.07497254
0.05956228	-0.08485184	0.046630982	-0.008115262	-0.016509786	0.084168255	-0.03799239	-0.08530188	0.036107223	0.013378589	-0.055516556	-0.0007698539	0.05128872	0.0018380935	0.07566393	-0.044634774
0.003949599	-0.020797716	0.007531413	0.06728472	-0.07865269	0.08133167	-0.049693625	-0.08802826	0.0794029	0.013761989	-0.04780352	-0.054693546	0.01516131	0.082026534	0.06345373	-0.00520162
0.07706041	0.0045293258	0.0024811598	0.03913036	-0.02206136	0.015063004	-0.04517137	-0.05232836	0.03494455	0.011492688	0.010452194	-0.007261906	0.032216463	0.08588505	0.06844266	0.004416667
0.08138115	-0.06726553	0.08901519	0.054305036	-0.08422598	0.029992865	-0.033051822	-0.03570377	0.041042693	0.08011027	-0.00063198875	-0.033628333	0.026046539	0.047044996	0.08707687	-0.046548564
0.040146083	-0.07087789	0.08849233	0.06510169	0.0009945134	0.04333346	-0.014928137	0.006987477	0.023026612	0.071478724	-0.06491069	0.0061317487	0.06558509	0.009829244	0.06619998	-0.0020964919
0.009756767	-0.03331122	0.034654967	0.02449994	-0.019314805	0.015161264	-0.056339104	-0.029027296	0.088589676	0.090831816	-0.020594262	-0.07977157	0.084198885	0.035770614	0.07457722	-0.0067544375
0.032814037	-0.08523776	0.011483615	0.018412946	-0.052823156	0.043625887	-0.037534967	-0.044921037	0.041451477	0.040418696	-0.040611725	-0.009284499	0.022894014	0.009543648	0.047037344	-0.010888337
0.07146728	-0.0076840916	0.05933866	0.080093846	-0.022960223	0.09230388	-0.07154107	-0.05161513	0.036001567	0.073308446	-0.04188589	-0.007307395	0.0500211	0.06072033	0.06803254	-0.006452903
0.04072252	-0.032592908	0.035543177	0.013633954	-0.079093434	0.05771315	-0.054062992	-0.050679486	0.032396495	0.035141096	-0.049211033	-0.08517079	0.058631543	0.0228722	0.085914664	-0.07141793
0.06215055	-0.05019259	0.049184445	0.08245401	-0.014516297	0.032783784	-0.084839	-0.015160509	0.00869214	0.027894095	-0.08176884	0.007640191	0.026415586	0.009712528	0.051592104	-0.05169992
0.07080261	-0.0052387365	0.0021144154	0.022031805	-0.048454728	0.042768717	-0.07466233	0.005788666	0.06583371	0.037577223	0.007075419	-0.04854192	0.06545567	0.06669972	0.031638652	-0.02108117
0.029763572	-0.08520334	0.016019806	0.07530878	-0.04785001	0.04586778	0.0002650928	0.0008021923	0.029399157	0.01711887	0.0052743047	-0.08461434	0.056998085	0.06021426	0.07379908	-0.020751517
0.07008593	-0.08397969	-0.002551697	0.046376526	-0.0924491	0.027799077	-0.039463278	-0.048812643	0.033333723	-2.3777451e-05	-0.050879166	-0.03102847	-0.0026362124	0.07552206	0.035967063	-0.08113985
0.027807355	-0.085043274	0.063804075	0.07745584	-0.047851447	0.058434483	-0.07831682	-0.024887646	0.018381415	0.013812616	-0.068757415	-0.005837408	0.02243935	0.006043943	0.0425797	-0.07164871
0.0028307387	-0.042886224	0.08610699	0.000113966074	-0.060620204	0.059719626	-0.055606276	-0.015915073	0.022129117	0.05396702	-0.038924325	-0.050478257	0.04594665	-0.0013546943	0.053144086	-0.04523384
0.06626041	-0.048901573	0.04258997	0.0732141	-0.046688773	0.016495904	0.0031853924	-0.0005120499	0.030226165	0.0110813435	-0.038563173	-0.041906435	0.08710873	0.043651603	0.0026079463	-0.06613038
0.08908058	-0.033788193	0.014316289	0.035053466	-0.07249906	0.048844762	-0.050418865	-0.0763813	0.031152906	0.0033470457	-0.0854648	0.002472253	0.0879596	0.01523381	0.065378964	-0.018033298
0.014841415	-0.017926747	0.08474478	0.050113063	-0.08962074	0.06664476	-0.051323142	-0.026932733	0.0799719	0.03198247	-0.037259635	-0.0078084376	0.0420882	0.010811939	0.07507434	-0.0016945873
-0.07621427	0.050269645	-0.046791106	-0.06274946	0.006045128	-0.027074698	0.067963	0.02079545	-0.058225133	0.0037104855	0.06397897	0.058203954	-0.043173213	-0.06633165	-0.020514492	0.038223356
0.010484785	-0.0058686985	0.0065525807	-0.055217776	-0.001786687	-0.071815394	-0.0136636505	0.029584905	-0.003031164	-0.08019988	0.06699885	0.064573444	-0.067965865	-0.02557327	-0.007008717	0.010139381
-0.057685047	0.037450314	-0.061372615	-0.06599354	0.091435656	-0.040582325	0.027765965	0.045235377	-0.008063269	-0.05329771	0.0015234022	0.06636899	-0.04846335	-0.071309134	-0.04059596	0.06731153
0.009366701	0.040406484	-0.020419847	-0.039433938	0.049186632	-0.02062225	0.03680578	0.02869283	0.008408714	-0.017974706	0.017998427	-0.011445412	-0.03573298	-0.066905156	-0.06272626	0.051737152
-0.006754659	0.05796567	-0.0069980007	-0.0837457	0.051329322	-0.031251512	0.06682461	0.043158717	-0.0225133	-0.071681485	0.016755372	0.061430305	-0.05567116	-0.07960956	0.017031357	0.050059326
-0.030035669	0.047822464	-0.060727865	-0.031411543	-0.005658011	-0.044713464	-0.010829281	0.052308008	-0.045205146	-0.08794296	0.014195038	0.028094014	-0.00063425367	-0.080594026	-0.011014316	0.040842056
-0.027776754	-0.0071350103	-0.039925314	0.0062510488	0.0322089	-0.038624004	0.028794875	0.006522144	-0.034784794	-0.054526985	-0.0012528852	-0.01723638	-0.0049043284	-0.03467641	-0.057457127	0.0011450821
-0.0777136	-0.0065649203	-0.051835522	-0.08522416	-0.0012785097	0.002012015	-0.009308464	-0.0071798367	-0.037357256	-0.004559893	0.028021177	0.06844523	0.013709334	-0.07581598	-0.027511021	0.062097766
-0.050585225	0.032790005	-0.037727766	-0.02320587	0.07739351	-0.07562392	0.020177366	0.016901772	-0.071409866	-0.074627474	-0.0060109673	0.0063211443	-0.0807095	-0.047808338	-0.029533384	0.088419944
0.0028209412	-0.006405355	0.06822598	-0.008233228	-0.011303578	0.06348124	-0.076516084	-0.053805124	0.016692083	0.040736508	-0.03709825	-0.011176861	0.061824065	0.04268598	0.052765176	-0.062357828
0.006258401	-0.011647074	-0.0122773945	0.08327813	-0.052342415	0.07431021	-0.0080866525	-0.07974321	0.047132824	0.05521291	-0.07855904	-0.0017653181	-0.0056678774	0.046827268	-0.0028562613	-0.014285048
0.043722443	-0.04877075	0.01054805	0.07362829	-0.08244139	0.003301381	-0.045561492	-0.03799884	0.031959876	0.015242636	-0.014426124	-0.06612609	0.017351488	0.04812753	0.033947732	-0.016468545
-0.0853303	0.001119706	-0.07791479	-0.020405993	0.029569516	-0.08216202	0.04573838	0.018813157	-0.017313173	-0.023111237	0.0024995785	0.03856416	-0.010411696	-0.062098797	0.0046080826	0.042721752
-0.044619877	0.044904932	-0.029504267	-0.02127304	0.011247925	-0.06452678	0.050283358	0.011154311	0.008829245	-0.013747728	0.060514346	0.07280419	-0.07733099	-0.025808966	0.011083411	-0.013265646
-0.052244965	0.032319497	-0.0074379756	0.01130196	0.038002677	-0.032585796	0.06636216	-0.010324667	-0.08686875	-0.07691817	0.07027828	0.021156665	-0.025080457	-0.07861857	0.0015245877	0.06561342
-0.060173105	0.015340099	0.0024125886	-0.08261442	0.016741872	-0.014555934	0.07107155	0.07587289	-0.0725502	-0.08535676	0.051165216	0.026977926	-0.010766469	0.011337639	-0.028800294	0.036196575
-0.049857773	0.017097805	-0.006843575	-0.036685303	0.048988465	-0.08357494	0.04965745	-0.009315981	-0.0699328	-0.006763547	0.04965182	0.02038078	-0.05399344	-0.048559118	-0.028596625	0.04849
-0.043713376	0.022091597	-0.017594652	0.0057651186	0.010700541	-0.038235776	0.0824505	0.061969128	-0.0057621086	0.010669709	0.058579877	-0.011131625	-0.0346389	-0.009193409	-0.07754092	0.07869164
-0.07331945	0.07041071	-0.026753603	-0.021777	0.06344075	-0.018027395	0.078959115	0.0113754645	-0.007660037	-0.069224626	0.04223423	0.08018675	-0.066145234	-0.042611662	0.0159192	0.036368985
-0.07986702	0.016654463	-0.007894546	-0.017336132	0.05358413	-0.07824815	0.05825617	-0.014600128	-0.019761331	-0.058740202	-0.0026335008	0.042365823	-0.039822463	-0.0483864	0.006726528	0.035678543
0.05657213	-0.06279469	0.024984514	0.045629732	-0.05867452	0.06284648	0.002175091	-0.055800214	0.07092019	0.059138946	-0.07271606	0.014333241	0.06803572	0.02973465	0.073953986	-0.084015206
0.021343404	-0.010832713	0.022966355	0.017053988	-0.039117794	0.06663294	-0.08618552	-0.03239715	0.026833931	-0.0042153285	-0.048122548	-0.00082136836	0.029210145	0.078782186	0.076646715	-0.037102528
0.015205771	-0.08896882	0.07545422	0.05284057	-0.020228522	0.032322943	0.002342776	-0.022769911	0.07116601	0.08216894	-0.019049257	-0.034914985	0.04960058	0.057381023	0.077149436	-0.03310307
0.064113155	0.0074556833	-0.0076951054	0.07866838	-0.049365137	0.034081902	-0.039652128	-0.045729958	0.008986986	0.06531593	0.008728733	-0.0635044	0.054330606	0.035733514	0.08563835	-0.048879176
0.07167972	-0.079880066	0.08838	0.044479303	-0.07076889	0.07054107	-0.08370122	-0.023742266	0.0012832488	0.057655305	-0.026718391	-0.008835785	0.06666505	0.041410267	0.087237515	-0.038106345
0.019214392	-0.07907079	-0.004099556	0.02409781	-0.059623625	0.0033045197	-0.07607416	-0.013971652	0.054856047	0.024744084	-0.06833963	0.0023423114	0.02699285	0.07880187	0.028567495	-0.00065120944
-0.046043057	0.071938634	-0.035063524	-0.0380463	0.021184402	-0.027746888	0.0362507	0.007764502	-0.070191614	-0.018855985	-0.0016772046	0.015099066	-0.03848133	-0.01295023	-0.009676773	-0.013279714
-0.0064133084	0.078925565	-0.030547153	-0.037797496	0.02312887	-0.0026761603	0.015026206	0.058517825	-0.015071133	-0.080449834	0.059527278	-0.01798711	-0.049226556	-0.037160594	-0.037629604	0.03487519
0.048034195	-0.037334092	0.077326305	0.009402633	-0.06515962	-0.006749636	-0.06636337	-0.05421946	0.045750663	0.019624691	-0.087846085	-0.046504714	0.024535343	0.08798152	0.08131072	-0.055970132
-0.0018542216	-0.07323399	0.06359985	0.03950445	-0.062367786	0.06175091	-0.007433183	-0.055251062	0.08874161	0.0575816	-0.023897959	-0.06345857	0.054552283	0.048747014	0.0013839205	-0.08811051
-0.017940871	0.0432662	0.007442806	-0.0034552433	0.044588607	-0.017706431	0.00020571906	0.025574937	-0.021976875	0.0057318024	0.074185625	0.07961242	-0.030398205	0.013256003	-0.05264609	0.0814979
-0.060878713	0.036737844	-0.06221621	-0.06793339	0.038053423	-0.013813689	0.029681504	0.016757775	-0.006631484	-0.049459547	0.077552624	0.012352368	-0.06171736	-0.05386142	0.013777481	0.07326151
-0.014178806	0.075418115	-0.045281637	-0.07523403	0.06691913	-0.00074640935	-0.013435187	-0.016292024	-0.09393129	-0.07574161	0.054736737	0.0021257629	-0.059663743	-0.06323733	0.012282692	0.07286928
-0.019245628	-0.0051905815	0.002939385	-0.0049563935	0.020025324	-0.027769944	0.030124296	0.010255576	-0.028302083	-0.036119867	0.05304478	0.009303942	0.009489578	-0.07635557	-0.020555379	0.05503448
0.02096922	-0.07732246	0.0023575176	-0.01122438	-0.0431641	0.043168917	-0.040257014	-0.061673097	0.082855366	0.06853039	-0.06452088	-0.07494185	0.021575779	0.057278227	0.07608928	-0.0003098025
0.055587918	-0.07514312	0.042233776	0.010630353	-0.042567525	0.054725997	-0.04560935	-0.01754303	0.05204471	0.0015657586	-0.005031156	-0.01326684	0.05552175	0.01412114	0.022914879	-0.051083658
0.018038157	-0.0040676175	0.023813844	0.027357534	-0.004858392	0.016020494	-0.0025482797	-0.07462414	0.006653763	0.08627136	-0.07348398	-0.049006216	0.07233118	-0.0056044795	0.07715123	-0.00059069705
-0.0065526282	-0.0718922	0.029512977	0.024579315	-0.0663811	0.030918341	-0.04923357	-0.0060784724	0.048021175	0.0349026	-0.0036929941	-0.0691718	0.0075037973	0.016121078	0.078880936	-0.033358935
0.09071089	-0.06029785	0.04379962	-0.0064639566	-0.03251372	0.06684232	-0.009754798	-0.00046067723	0.08189225	0.065028034	-0.055687964	0.0035019333	0.0020684986	0.05758515	0.005162149	-0.0807277
0.064893395	-0.07573124	0.03195642	0.087221466	-0.08503458	0.079148196	-0.08193304	-0.048850983	0.08834796	0.040664677	-0.084168404	0.00017611253	0.055225883	0.06869408	0.041907143	-0.07079791
0.0045565553	0.024357934	-0.08030678	-0.020580972	0.062044077	-0.039051685	0.034758773	0.0582037	-0.0049367915	-0.07866047	0.003233848	0.054303937	-0.01483716	-0.07663088	-0.01748328	0.05001309
-0.07186149	0.052076124	0.0014201719	-0.047731858	0.020517739	0.0003916309	0.040168036	-0.0028778694	-0.04297186	-0.07984747	0.039897367	0.006478116	-0.066605754	-0.06671149	-0.004379651	-0.0013704932
0.0040155873	0.06787315	-0.058301173	0.0068630744	0.010326639	-0.079916425	0.03829309	-0.009166389	-0.096781395	-0.0010409228	0.009513255	0.056943215	-0.010230201	-0.070112504	0.007281904	0.05410843
0.04882492	-0.06179244	0.04121291	0.08347863	-0.045524534	0.041988198	-0.02165472	-0.007562059	0.090692565	0.05615272	-0.0067930487	-0.029708786	0.048856363	0.065545306	0.051374484	-0.068722144
-0.062119324	0.009196067	0.008832587	-0.045552306	0.066917084	-0.028312903	0.024796776	-0.009230183	-0.043264404	-0.0481692	0.062587015	0.0021069539	-0.042432502	-0.04828527	-0.01284045	0.076289475
0.0044739777	0.06399151	-0.047306728	-0.020259315	0.067984544	-0.03480752	0.026420437	-0.010507817	-0.06975683	-0.044397663	0.050027452	0.011353111	-0.079274386	-0.0064487243	-0.012438781	0.043768544
-0.059215836	0.08367904	-0.03446359	-0.08597104	0.089338236	-0.08373655	0.05084844	0.08354	-0.10102974	-0.03185551	-0.0099776145	0.024353823	-0.035339646	-0.0755493	-0.07759266	0.058619354
-0.06842094	0.0021908272	-0.08627127	-0.038387276	0.05342467	-0.07755152	0.04959788	0.050414674	-0.09163384	-0.093679205	0.016942611	0.029398322	-0.032513715	-0.060089123	0.0014459915	0.034869846
-0.016259719	0.045531094	-0.04081478	-0.01977411	-0.00015169525	0.0039946553	0.08091504	0.017142609	-0.08260632	-0.032481123	0.029074548	0.056335505	-0.006902089	-0.045000527	-0.027260482	0.05495443
-0.06306385	0.045270164	-0.033032116	-0.022135304	0.08893965	-0.043150395	0.06933084	0.01527288	-0.075875245	-0.055896796	0.078038506	0.0029588619	0.0037312238	-0.038654134	-0.041989066	0.062415224
-0.016305024	0.004912552	-0.048252515	-0.052964013	0.06458866	-0.08643561	0.00032770258	0.071550965	-0.084968284	-0.0843611	-0.014770603	0.06970868	-0.014981736	-0.069634505	0.015393653	0.023191648
-0.026144871	0.07314826	-0.03537954	-0.035551157	0.034211133	-0.08328908	0.010505409	0.08177239	-0.07541482	-0.068390876	0.07576258	0.035556704	-0.066547476	0.0071023786	-0.058039494	0.066932715
-0.013169436	0.07992341	-0.068466835	-0.06609847	0.075584106	-0.066483	0.034631595	0.051279068	-0.0768734	-0.019315131	0.038512446	0.07066167	-0.008180156	-0.03692591	-0.020544622	0.029144062
-0.04663881	0.076228425	-0.03532097	0.005995008	0.06070018	-0.07281438	0.052607626	0.00744933	-0.072562486	-0.028666459	-0.007813352	0.05582773	0.006013465	-0.018286046	-0.035814524	0.06279561
-0.0026268198	0.0030743214	-0.010177087	0.011673596	0.05339993	-0.01529878	0.05910259	-0.0015349786	-0.029352233	-0.08489405	-0.002556347	0.012865125	0.0056527006	-0.054974936	-0.03525666	0.036776684
-0.083828464	0.020059435	-0.08188393	-0.009857001	0.07263423	-0.05075356	0.057003435	0.003592282	-0.05482239	-0.055602226	0.025382526	0.027732018	-0.08107784	0.0024237956	-0.05917291	0.024438974
-0.007907191	-0.06911686	0.04901995	0.07907225	-0.04664303	0.08779082	-0.06317397	-0.0029631266	0.09686734	0.05281739	-0.015226339	0.0073547023	0.04179103	0.0029790143	0.022124123	-0.05273272
0.062353697	-0.027112974	0.049992006	0.07346468	-0.04773246	0.079849094	-0.08670689	-0.06311643	0.012648559	0.01951456	-0.043581326	-0.079619795	0.040067986	0.037321407	-0.001822675	-0.062018387
0.07549996	-0.0042201234	0.072024405	0.063588075	-0.036833517	0.057893492	-0.0070338296	-0.024623727	0.04425406	0.0735102	-0.025880655	0.007215497	0.08466648	0.038485263	0.033108838	-0.05954403
-0.050685402	0.014557917	-0.033645112	-0.0009864647	-0.0007714529	-0.005891772	0.0013643922	-0.012730739	-0.06975692	-0.020092938	0.0133047765	0.041609146	-0.062727794	-0.07968375	-0.015554796	0.083482556
-0.067359604	0.059288353	-0.03690392	-0.06501378	0.07957081	-0.0016198631	-0.0049546384	-0.015230633	-0.0714704	-0.0527074	0.011666271	0.063049085	-0.018226128	0.009066718	0.010941844	0.061951768
-0.010492269	0.01878465	-0.00098258	-0.045806218	0.052856755	-0.082987	-0.008281987	-0.0003843665	-0.037732765	-0.07706369	0.00088704424	0.04962963	-0.03384871	-0.028769566	0.011242252	0.018557845
-0.08455433	-0.011510053	-0.0305117	-0.01498243	0.020057391	-0.07637337	0.08273011	0.035560455	-0.07126794	-0.025360158	0.06529572	0.056379262	0.0015356198	-0.059048817	-0.015974922	0.024952894
-0.01543995	0.083791204	-0.0549019	-0.07227006	0.0136691565	-0.03068136	-0.009179441	0.04047916	-0.010179986	-0.073855326	0.044766806	0.038772356	-0.060508385	-0.04829898	-0.001524448	0.0500783
-0.07113213	0.060986686	-0.025364377	-0.050026577	0.082109265	-0.028552007	-0.012622608	0.039011374	-0.05845586	0.009439166	-0.0035641473	0.0039169933	-0.04465294	-0.011577509	-0.036002085	0.05258589
0.046551637	-0.045919307	0.07876885	0.0874994	-0.07087472	0.018517261	-0.07996184	-0.0061526885	0.07876151	0.0895769	-0.04387589	-0.07132295	0.060321882	0.07491049	0.050601922	-0.007713443
-0.008204479	0.010241879	0.04335178	0.00056649395	-0.040472515	0.087302566	-0.003249147	0.007004465	0.029140102	0.06755757	-0.051024083	-0.03437134	0.053601913	0.016284356	0.051308423	-0.021175692
0.0598282	-0.06575159	0.062202755	0.015816357	-0.0444435	0.031840116	-0.027935738	-0.043153938	0.051696006	0.0045076446	-0.08254905	-0.021857338	0.059314243	0.033602078	0.012155665	-0.036771435
0.04936716	-0.00079747796	0.011813756	0.07595316	-0.0051034237	0.020038852	-0.004383637	-0.047767434	0.012752167	0.013802022	-0.060137797	-0.07600727	0.06775445	0.0065873857	0.07084854	0.008040709
0.0012638898	-0.009676093	-0.07355508	-0.044740833	0.044243846	-0.02346965	0.056616947	-0.009667035	-0.040799268	-0.025671497	0.06446806	0.07856014	0.009030634	-0.07000709	-0.052959	0.081144765
-0.06360327	0.02595602	-0.06795333	-0.058517974	0.06453098	-0.06206309	0.04830248	0.040123872	-0.011309915	-0.03982303	0.00094461074	0.014266978	-0.050305996	-0.078724556	-0.02983966	-0.0098696975
-0.06747788	0.0326346	-0.03575642	-0.07827982	0.054263826	0.0042837365	0.004966807	0.012535259	-0.09717759	-0.0064916494	0.04587123	0.014880702	-0.027203124	-0.054438647	-0.046307836	0.014938814
0.010394133	0.069536224	-0.07747657	-0.0802461	-0.0040549734	-0.0725255	0.05832332	0.05827534	-0.0013565916	-0.034275703	0.04629369	0.05775298	-0.027546711	-0.07801743	-0.078183934	0.075405285
-0.07512155	0.07642506	-0.0013900497	-0.02554615	0.08700265	-0.07499112	0.030004457	0.05416749	-0.06206987	-0.044086598	-0.0068738665	0.045369446	-0.008449975	-0.0074194316	-0.013521745	0.0111226505
-0.024906851	0.008560247	-0.055562254	-0.01283441	0.07190688	-0.040255412	-0.007820589	0.083200805	-0.012724628	-0.03020322	0.06459402	0.0150583945	-0.01223453	-0.08757691	-0.051603656	0.08802842
-0.0461047	0.04463177	-0.048895855	-0.037183776	0.004672829	-0.05510962	0.054617696	0.039312575	-0.01905064	-0.01223337	0.034551427	0.01347738	-0.057746325	-0.07010796	-0.056346938	0.03907595
-0.006569916	-0.008148656	-0.033726018	-0.07025292	0.011075535	-0.053599272	0.073858134	0.05122378	-0.04285362	-0.09198384	0.040865287	0.0429196	-0.07072248	0.01565501	-0.029056555	0.0038388204
-0.007150369	0.0013148735	0.0539385	0.08083438	-0.05345987	0.058050822	-0.062467348	-0.01335846	0.0025475249	0.054164458	-0.05300252	-0.07018842	0.0390141	-0.0018068457	-0.0054027275	-0.010838533
0.009613007	-0.060047567	0.059609294	0.01964241	-0.014810223	0.033692528	-0.030601604	-0.057904456	0.013498682	-0.002628432	-0.0657716	-0.03711505	0.062082753	0.055939298	0.07142221	-0.041177057
0.06034164	-0.082128234	0.074879475	0.007267571	-0.021163087	-0.00020898055	-0.03268044	-0.030657545	0.094017945	0.052679874	0.0060102995	0.006646055	0.015677873	0.06497703	0.05205512	-0.0010149941
0.004655968	-0.057040416	0.027374638	0.065173365	-0.05946966	0.04327805	-0.035361864	-0.07189492	0.05522034	-0.00025199182	0.017574811	-0.03822065	0.055152666	0.039283004	0.09042071	-0.026833303
-0.008432636	-0.07037943	0.07515067	0.0773571	0.007392985	0.02964545	-0.049125448	-0.0019850384	0.02111497	0.08779627	-0.018562907	0.004610302	0.06887743	0.08417971	0.0006854318	-0.09282677
0.002239605	-0.06704978	0.019212466	0.074021146	-0.06429674	0.058053866	-0.051566128	-0.071981385	0.032005515	0.041215535	-0.034940667	-0.036159046	-0.0034736732	0.08668307	0.083950356	-0.08919898
-0.004278041	0.03382159	-0.024992185	-0.07135601	0.022307824	-0.0511877	0.021255726	0.06806928	-0.0037036515	-0.08906065	-0.0024434621	0.07302895	-0.0014347592	-0.07822082	-0.029038899	-0.0016146752
-0.062177956	-0.010395052	-0.0484254	-0.04727337	0.034985974	-0.06635308	0.008000241	0.0775229	-0.05029555	-0.06868561	0.034134034	0.008440293	-0.04646241	-0.06382387	-0.030433383	0.0059742453
-0.048907254	0.0044653066	-0.036761336	-0.07693202	0.041997783	-0.070388176	0.07985486	0.038922917	-0.09277072	-0.02233919	0.03548723	-0.0017686908	-0.029897876	-0.06600188	-0.035466664	0.027916618
0.04712248	-0.07135687	0.076096036	0.03235894	-0.070849195	0.06621321	-0.04844832	-0.0059325714	-0.0074613867	0.085331656	-0.022040727	-0.06943129	0.03780997	0.06582613	-0.0142527055	-0.007760791
0.0318655	-0.0044283927	0.027332513	0.035839092	-0.047394443	0.06464112	-0.034978732	-0.07578857	0.019765817	0.06798339	-0.051561456	-0.038078256	0.011295772	0.02036387	0.054411698	-0.042998504
-0.024835272	0.02387063	-0.005150056	-0.03507305	0.06774496	-0.0049461625	0.029213348	0.035448864	-0.08117627	-0.05941309	0.051872585	-0.009361842	-0.03179085	0.010026176	0.015014544	0.038040955
-0.07480089	0.022165984	-0.031069407	-0.059833083	0.084648676	-0.081503846	0.018598849	0.066589385	-0.061380018	0.006248264	0.013125264	0.0054448666	-0.06490929	-0.044648122	-0.027096922	0.08244215
-0.043280046	0.060749404	-0.028292386	-0.04930933	0.091470934	-0.061283194	-0.00411718	0.0042631757	-0.028458055	0.00079359097	0.041403253	0.013985157	-0.051929995	-0.016022755	-0.018939925	0.01708477
0.053496324	0.010355145	0.010463196	0.027719056	-0.031096237	0.01434504	0.0061178566	0.010752476	0.07829052	0.07567881	0.0033065344	-0.059193224	-0.001789833	-0.007082512	0.005813653	-0.061685342
-0.07561333	0.040690072	-0.059748463	-0.05852871	-0.0016596316	-0.056915924	0.03504146	0.027356656	-0.065313965	-0.0040341336	-0.011622168	0.08216572	-0.056543436	-0.017998146	-0.07924612	0.0788637
-0.035258908	0.027466154	-0.028349204	-0.022957101	0.03475491	-0.034148894	0.06398641	0.07315659	-0.07752283	-0.016509073	0.006646955	0.02422467	-0.020741554	-0.048673067	-0.043730862	0.054845076
-0.07779098	0.058607314	-0.073707104	-0.070654005	0.09211607	-0.024973612	0.01707565	0.039262194	-0.09174746	-0.07340451	-0.00026765026	0.076635	0.010170995	-0.03560786	-0.05619017	0.036312148
0.08404013	-0.035162162	0.0485093	0.0093229255	-0.08413481	0.04435112	-0.053790625	-0.011778923	0.037656732	0.02508761	0.0059270384	-0.08330609	0.07647936	0.033305157	0.02378069	-0.010758277
0.08215236	-0.012684887	-0.000488295	0.026304176	-0.006378067	0.07854484	-0.03199288	-0.0037098755	0.052082762	0.019411912	-0.036581367	-0.041320696	-0.0016276082	0.020600365	0.015769621	-0.016569212
0.05969262	-0.03461361	-0.010736888	0.022830395	-0.08702878	0.082571626	-0.079739965	-0.076590836	0.0774172	0.087341525	0.001904347	0.0058684004	0.05688407	0.08566668	0.07974987	-0.042237606
0.012679624	-0.005151614	0.00039201812	-0.00024623983	-0.046977308	0.081073344	-0.0018022537	-0.087243706	0.045800276	0.0055617117	-0.0031456298	-0.023674238	0.04300619	0.070620835	0.04393019	-0.086624995
0.020337664	-0.024677778	0.0739241	0.059838343	-0.013618808	0.012094686	-0.027677674	-0.068226986	0.0811305	0.017381212	-0.070879236	-0.088402264	0.020835333	0.023874246	0.011033666	-0.031989593
-0.004616689	-0.017764552	0.058426686	0.07421702	-0.005237797	0.024510616	-0.03448691	-0.08103217	0.09459853	0.07567468	-0.020427866	0.004168561	0.06724617	-0.0005735906	0.065491214	-0.05821996
-0.049249895	0.070096724	-0.033762373	-0.07954168	-9.951298e-06	-0.03494986	0.06445997	0.06182699	-0.0011429978	-0.010694821	0.033904698	0.008338659	-0.0661127	-0.066697106	-0.024968833	-0.008767611
-0.048158012	0.052721955	0.0055983835	-0.031067198	-0.006203276	-0.0057849926	-0.0071762023	0.031245312	-0.06401642	-0.08318209	-0.009346212	0.022340398	-0.0797269	-0.00067325874	-0.033644523	0.056292348
-0.059663787	0.039352722	-0.008899016	-0.087570764	0.024231935	-0.0152046885	0.071525455	0.0238973	-0.023494344	-0.011133013	0.047127504	0.0070506404	-0.06296089	-0.038158894	-0.002105265	0.0046709664
-0.05185391	0.05438201	-0.0040377225	-0.07318909	-0.0030754087	-0.048282403	-0.010546082	0.067132905	-0.002833881	-0.06613213	0.007177236	0.040143955	-0.01772336	-0.034071676	-0.056865174	0.08835116
-0.031459104	0.036302324	-0.00096925104	-0.071336396	0.059129834	-0.058524642	0.0008575635	0.034564767	-0.08976851	-0.0059626307	0.084684916	0.003374819	-0.07386533	-0.08261971	-0.04932376	0.053258292
-0.07217363	0.006298328	-0.042169206	-0.011492508	0.060137287	-0.024608344	0.00049835886	0.03727706	-0.020179389	-0.015097154	0.028285563	0.0625997	0.0011243583	-0.04858595	-0.07261466	0.031764034
0.0011424188	-0.04214323	0.00092114677	0.01805839	-0.0109596895	0.06476817	0.007699514	-0.00039538913	0.08777341	0.09194232	-0.03921134	0.0046702474	0.03059463	0.053366486	0.046196382	-0.0129797915
0.0092785135	0.029449636	-0.0605641	-0.08212016	0.08246193	-0.04261285	0.035455767	-0.006823339	-0.037624504	-0.030753486	-0.014026717	-0.012628841	0.01321749	-0.03852601	-0.020676708	0.074482694
0.005743929	0.04823339	-0.041670512	0.0014634774	0.06417711	-0.056865465	0.039446328	0.03466495	-0.011527071	-0.020124424	0.06519764	0.06751546	0.013119001	-0.066738605	-0.004140103	0.060083065
-0.024869243	0.07436661	0.009511585	-0.038887322	0.03948491	-0.0266941	0.026326388	-0.016769368	-0.05770912	-0.045960594	0.030858204	0.070521526	0.02103858	0.008326358	-0.022780294	-0.013811857
-0.035737272	0.0060639726	-0.009861776	-0.030793197	-0.02259448	-0.011926279	0.015800422	0.04529451	-0.07872536	-0.040882144	0.07320651	0.0241825	-0.062794484	-0.026800288	-0.0035918104	0.06526035
0.0031591207	0.06074587	-0.041367892	-0.048342444	0.037862413	-0.047556825	0.07733682	0.033605363	-0.042383015	-0.06949972	0.038559858	0.076837905	0.012260111	-0.007197203	-0.07503114	0.07621811
0.0011531265	0.04350735	-0.023090923	-0.07135074	0.024109611	-0.050163988	0.007060477	0.07792172	-0.0073069353	-0.045331582	-0.011683693	0.044891585	0.008964251	-0.015039681	-0.0035190836	0.05778302
-0.0023981887	-0.007971136	-0.0009228388	0.012071204	0.06932414	-0.058507252	0.01942927	0.04883828	-0.080084555	-0.046355203	0.0669042	0.017917069	-0.033712525	0.008789922	-0.06423129	0.010498415
0.07651243	-0.02153491	0.07471598	0.085906595	-0.05681722	0.06797972	-0.070527904	-0.07734373	0.030207815	0.04061686	-0.08334022	-0.014924475	0.016216034	0.054614708	0.04718075	-0.055690616
0.048706807	-0.04037854	-0.004253177	0.038144328	-0.07417687	0.059949208	-0.022972848	-0.058631297	0.06674103	0.09203108	-0.0580771	-0.05654372	-0.0044171494	0.06391647	0.037666496	-0.08923868
0.029839238	-0.010956655	0.0011698848	0.031154022	-0.0031519332	0.052554566	-0.059377003	0.008421506	0.073276736	0.052200038	-0.04352526	-0.038359575	0.013819228	-0.007937644	0.024057677	-0.0016461854
-0.052469224	0.009666624	-0.06502584	-0.068562984	0.08478586	0.009893586	-0.007701428	0.008738215	-0.06738603	-0.04020569	0.028027719	0.035976797	-0.015326816	-0.01778421	-0.047124725	0.0703534
-0.063156	0.0012374101	-0.05025915	-0.0627548	-0.0020316776	-0.075871155	0.05472936	-0.008327077	-0.09583425	-0.096349955	0.008310231	0.062478207	-0.04209072	-0.023305777	-0.08519462	0.06996792
-0.010840222	0.030665739	-0.04390269	-0.040564638	0.048656695	-0.040204547	0.018578125	0.06511319	-0.009873768	-0.056284957	0.03768128	0.0031333445	0.0007221525	-0.041443814	-0.042449124	-0.008079922
-0.078688405	0.06023548	-0.00786785	-0.050034013	0.08914561	-0.018611806	0.01554697	0.033883244	-0.08228837	-0.072562605	0.011696749	-0.0014899177	0.010636926	0.00138169	-0.0035674842	0.077769645
-0.025777532	0.039802045	-0.01523904	-0.0013075139	0.09230293	-0.0752043	0.06687803	-0.006108919	-0.073622346	-0.082462	0.024330243	0.050568257	-0.063614644	-0.0747879	-0.040853687	0.026208984
0.048348963	-0.027501397	0.006078729	-0.011085813	-0.029477064	0.050502684	-0.08075917	-0.060069505	0.01070034	0.004558259	-0.009605031	-0.037841998	0.0378733	0.083821796	0.00052440114	0.0030811094
-0.05648672	0.06568615	-0.01844691	-0.029131586	0.06435341	0.009962288	0.05700879	0.06934183	-0.058826786	-0.067524716	0.068807185	0.06380008	-0.048785117	-0.05075418	-0.06449525	0.0033049923
0.0072780363	0.043646745	-0.026777703	-0.03935403	-0.00032048073	-0.08325809	0.04324117	0.010338232	-0.019618012	-0.028675124	0.0021682389	0.023612702	-0.07266236	-0.039173473	-0.005876328	0.06741501
0.060725454	-0.05270042	0.0135252215	0.044270575	-0.06257773	0.06601624	-0.0337917	-0.06793525	0.047851805	0.08076716	-0.012035204	-0.07551839	-0.014079307	0.048932068	0.047397893	-0.0062966594
0.04267846	-0.0012855004	0.031075489	0.063997395	0.014101925	-0.01660321	-0.018056272	-0.016465232	0.045470145	0.042583756	-0.03458013	-0.0069018705	0.040945336	0.032152314	0.01796525	-0.07165193
0.020057434	0.0027236692	-0.013144318	0.030867333	-0.015799435	-0.01814593	-0.054242454	0.00836544	0.044136453	0.0065642707	-0.0355277	-0.0092002265	-0.016909814	0.0056759077	0.0029741884	-0.023083532
0.021857826	-0.050284747	-0.013208024	0.042402662	-0.056523472	-0.0031686784	0.0018375034	0.0031797225	0.085322075	-0.01580249	-0.0022896738	-0.0022095847	-0.00077504414	0.051350974	-0.011489963	-0.07555823
0.0907507	-0.087326184	0.001743124	0.072443165	-0.003095823	0.08211005	-0.0024721082	-0.08286629	0.0659016	0.005745505	-0.08068444	-0.08285479	0.07334446	0.039051447	0.06572252	0.0030806472
-0.058842964	0.08508203	0.010755752	0.012821572	0.008805175	-0.085583985	0.014030113	0.04088385	-0.039243557	-0.038923077	0.0066883606	0.027051559	-0.012137188	-0.075301796	-0.032699224	0.0146478815
0.0023028434	0.047711894	-0.016325975	-0.054210942	0.079953864	-0.07282128	0.023619052	0.07276464	-0.0022594868	-0.09158391	0.030057592	0.0002558104	-0.061043773	-0.029665958	-0.033187628	0.06878945
-0.039183255	0.030347643	-0.05636532	-0.05082253	0.058004692	-0.013564516	0.018655445	0.004809547	-0.088785484	-0.047042795	-0.0076078153	0.058261245	-0.0026397482	-0.044903666	-0.054370027	0.036299884
0.074639045	-0.003270608	0.08029134	-0.00693096	-0.037918113	0.0066915425	-0.012169408	-0.035463236	0.083099015	0.02030501	0.015713835	-0.030134302	0.01719313	0.07637866	0.06939365	-0.008125543
-0.034793165	0.08650564	-0.026907764	-0.050514735	0.08536135	-0.0019374981	0.061745066	0.01069671	-0.026245568	-0.0017835415	0.08170744	0.026230594	-0.018475516	-0.021974187	-0.058865443	0.00463561
-0.05309762	0.03740868	-0.062292267	-0.083165206	0.0073517268	-0.007697566	0.0181237	0.040075216	-0.063385926	-0.01911737	0.048245803	0.010158676	-0.08162154	-0.026935324	-0.006320148	0.054047793
-0.04812909	0.034941226	-0.047148634	-0.036671367	0.03492709	-0.081702024	0.047292333	0.022751866	-0.07485428	-0.08017035	0.06994816	0.02840698	-0.050596412	-0.055397805	-0.07786941	0.049825884
-0.078584895	-0.0097334795	-0.0067366376	0.0030328312	0.09030943	-0.050072074	0.03757548	-0.0010288083	-0.053476937	-0.09314396	0.029352285	-0.0050722524	-0.016493294	-0.054575086	-0.08179392	0.080371596
0.0047494364	0.0073218294	-0.013690984	-0.016433887	0.023520749	-0.07842785	0.05561394	-0.0017413787	-0.05198731	-0.017877558	0.069915645	0.082804196	-0.046636768	-0.06519528	-0.063459866	0.036491208
-0.06780097	0.0751131	-0.06153686	0.00086937676	0.0021157744	-0.059878487	0.03695032	-0.009932398	-0.05395481	-0.06295537	0.056116037	0.022797544	-0.060368646	0.008068041	-0.033173118	0.08269863
0.08765428	-0.021577407	0.0073852744	0.041601878	-0.07036547	0.05312461	-0.0031762405	-0.05508045	-0.00029117725	0.035640653	-0.007722413	-0.01039215	0.026022673	0.05653389	0.045340687	0.0045015486
0.014443417	-0.08767908	-0.0010206655	0.00337057	-0.03906721	0.076644875	-0.06014531	-0.080148295	0.040403303	-0.0028162673	-0.009827938	-0.03421806	0.024528513	0.012361733	0.002578529	-0.06140003
0.027777476	-0.08021047	0.009155602	0.06688257	-0.06908779	0.00015490103	-0.008676654	-0.051933322	0.022607753	0.04866425	-0.07854282	-0.05224054	0.05903965	0.054698978	0.01461817	-0.06214803
0.022259995	-0.010733999	0.05769563	0.02999947	-0.05141835	0.03073647	-0.051943835	-0.04685014	0.08638273	0.008858783	-0.0607868	-0.037608277	0.00079782296	0.011250798	0.084941216	-0.04429745
0.08788957	-0.088446334	0.07707957	0.059305996	-0.053493317	0.078788914	-0.07523785	-0.046259094	0.09386577	0.06444253	-0.08385189	-0.017124457	0.0697171	0.009411243	0.013372236	-0.01202834
0.015347784	-0.05662831	0.03954323	0.0026753566	-0.05409963	0.05915505	-0.075529985	-0.063355014	0.051080685	0.033345602	-0.03859505	-0.016472539	0.013654172	0.005686389	0.024037853	-0.07057906
0.04415138	-0.028193891	0.05122945	0.04638847	-0.04619088	0.06767047	-0.088442266	-0.07848797	0.03280977	0.06431092	-0.08580148	-0.0854264	0.05207138	0.006353583	0.08429201	-0.07659421
0.0089008445	-0.08326279	0.08347806	0.021409301	-0.089534596	-0.0048920163	-0.080071576	-0.06946502	0.050024886	0.078644365	-0.032256287	0.0011043284	0.057872456	0.057122458	0.011195254	-0.083751135
0.079122216	-0.08726233	0.0254074	0.039917506	-0.010124868	-0.0057244594	-0.05332016	-0.006477666	0.0120230885	0.07791578	-0.008199318	-0.0810687	-0.011194474	0.023681208	0.08019816	-0.058973737
-0.0015243955	0.056166615	-0.0598015	-0.013162557	-0.028983884	-0.034538	0.010740918	0.0067233206	0.021581853	-0.06392447	0.030993473	0.004520173	0.025094843	0.003842775	0.023519482	-0.021582812
-0.011487587	0.02160542	-0.08478174	-0.009795396	0.011025559	-0.014783943	0.065495044	0.056153715	-0.04254375	-0.07712442	0.083149984	0.012836338	-0.030996371	-0.0039924895	-0.061692405	-0.018420618
-0.07944364	0.0078144055	-0.014948189	0.009297295	0.016263321	-0.023917804	0.07502564	0.04385727	-0.005692563	-0.007142304	-0.0063398494	0.031897645	-0.025571575	0.0006546475	-0.05665779	0.025660763
-0.068752944	0.069113575	-0.068527676	0.011339148	0.048226014	-0.03271927	0.05544808	0.0677599	-0.03704874	-0.019118343	0.012969134	0.028060619	-0.04526323	-0.07616316	-0.046204586	0.008386391
-0.0026761356	-0.041883428	0.013284431	0.037411474	-0.077730246	0.07755853	-0.05653382	-0.01127447	0.09477949	0.032705434	-0.070352845	-0.03221388	0.0481621	0.025699293	0.055490356	-0.063378386
0.012042948	-0.048061807	0.0752873	0.017831119	-0.010854544	0.038692612	-0.014260399	-0.05795469	0.08102335	0.002247087	-0.030968262	-0.04188867	0.017133689	0.050867606	0.07296918	-0.024488559
0.039251257	-0.061770223	0.06622178	0.03403602	-0.08238985	0.046259444	-0.089166254	0.005444304	0.08893041	0.0065095415	-0.04622374	-0.0045763804	-0.002157809	0.02526905	0.07806188	-0.04517762
0.05093247	-0.0726077	0.0075456654	0.06675258	-0.08206961	0.065261655	-0.011365654	-0.02891996	0.07974525	0.030332204	-0.06759349	-0.050130498	0.025222087	0.022875085	0.05828501	-0.048014555
0.021905717	-0.05199369	0.052100953	0.0028336213	-0.042419806	0.068027645	0.002569356	-0.05720572	0.07334827	-0.0055766567	-0.05260893	-0.033407815	0.061576363	0.057776444	0.0024184457	-0.037424907
-0.020580743	-0.009401031	-0.02991133	-0.05531854	-0.022621835	-0.05672555	0.051683478	-0.022884628	-0.01273098	-0.0380854	0.07600215	0.006630456	0.0061496333	-0.006766881	0.010737226	-0.020071026
-0.060744308	0.0040034936	-0.061662324	0.013072549	0.004535326	-0.033130795	0.059551675	0.03334658	-0.031641334	-0.05408998	-0.0053436644	0.04179711	-0.048756756	-0.008515777	-0.030403584	0.0532908
-0.046249863	-0.012686121	0.013431531	-0.027080236	0.030961022	-0.03861558	0.05867267	0.070812315	-0.04561342	-0.0008423302	-0.011180914	0.06983776	-0.050044872	-0.036607984	-0.02371238	-0.001921772
0.051018286	-0.025190968	0.076838054	0.008611547	-0.04107975	0.051169183	-0.00830785	-0.029337514	0.08828728	0.08026216	-0.0666113	-0.015366408	0.027623162	0.028143488	0.08168675	-0.08643767
0.0786764	-0.03393633	0.022860225	0.03225186	-0.051683128	0.035113197	-0.03423652	-0.075682394	0.09130484	0.05116552	-0.060290586	-0.045796752	0.072108224	0.0014381048	0.08283624	-0.029343704
-0.013590645	0.06795795	-0.0506304	0.0051889895	0.06545238	-0.073545225	0.006549101	0.03902805	-0.030858865	0.0101541085	0.048855796	0.06716708	-0.0271249	0.017500127	-0.038948406	0.057360724
-0.07943345	-0.0064717997	-0.050331153	-0.079599455	0.019141002	-0.034011297	0.006994192	0.048206225	-0.031029867	-0.025559016	0.0033589916	0.052799944	-0.050344463	-0.071104884	-0.027728591	0.018391442
-0.07072983	0.07047514	-0.06240432	0.0027027798	0.04761163	-0.06419279	0.028981755	0.040510677	-0.021568475	0.0017234329	0.04468949	0.04339314	-0.033048317	-0.03373698	-0.012113547	0.017988453
-0.015736906	0.040294826	-0.05535217	-0.0011749219	0.05968132	0.011836912	-0.0038524163	0.048937745	-0.015600937	-0.074867904	0.03375614	0.035425503	-0.00830439	-0.04203519	0.014662808	0.033542175
-0.0027356064	-0.059053823	-0.0061397753	0.0769119	-0.043891042	0.051157128	-0.054256707	-0.009858361	0.048573554	0.053082064	-0.017429594	-0.022232918	0.05221337	0.025226312	0.01054182	-0.086871915
0.061587464	-0.08415492	0.09033575	0.056376565	-0.009078022	0.072298266	0.00033591522	-0.0035505018	0.016820924	0.037543904	-0.04741561	-0.08468133	-0.007946902	0.018621316	0.060160615	-0.06671508
0.06571004	-0.059205055	0.09035043	0.07674248	-0.06372653	0.051964104	-0.017640037	-0.070696205	0.09003137	0.0037092417	-0.0609508	-0.04426234	0.026609773	0.054758627	0.010850832	-0.06555176
0.04783799	-0.072788924	0.06800221	0.062109437	-0.038301717	0.016043417	-0.007868376	-0.05364181	0.030340476	0.0878654	-0.013316659	-0.03074558	0.034831643	0.016544137	0.053091824	-0.02369057
0.057301093	-0.0124628665	0.062266823	0.015873646	-0.07577257	0.0057594916	-0.041304212	-0.0048669404	0.08398132	0.04738755	-0.03291585	-0.0033893215	0.06460175	0.06684575	0.03270521	0.003535958
0.088559866	-0.084923945	0.049730726	0.0615488	-0.0009916413	0.019269379	-0.03215953	-0.04455925	0.09130915	0.017617576	-0.0543151	-0.048901584	0.0116781695	-0.0064022723	0.0023080062	-0.024768507
-0.025596721	0.0497975	-0.07341316	0.0108500095	0.06429178	-0.08246227	0.0078190025	0.06605566	-0.021896074	-0.0064152493	0.083271205	0.046073288	-0.03574579	-0.07678143	-0.06876158	0.03578284
-0.069876835	-0.0036143297	-0.013940575	-0.049132127	0.0440951	-0.080162406	0.040385984	0.008185012	-0.031418946	-0.015757723	-0.003776549	0.03762762	-0.07315498	-0.021000594	-0.06481802	0.040026844
0.008896726	0.042302053	-0.007982967	-0.025097707	0.051208206	-0.004858879	0.07516867	-0.014712616	-0.0077021504	-0.06942619	0.07960432	0.0018568742	0.016214313	-0.04406359	-0.07874891	0.025823072
-0.083382346	0.066338725	-0.038089193	-0.008824434	0.087680675	0.0086690625	0.03602963	0.079648785	-0.08346062	-0.08162226	0.051836226	0.043631703	-0.02445748	0.011441401	-0.0042110644	0.042632185
-0.0442273	0.013282266	-0.06279388	-0.01115253	0.040173776	-0.024483316	-0.012256742	-0.010230342	-0.064921305	-0.049228027	-0.0027865916	0.039610464	0.017371817	-0.043011002	0.016725801	0.00616808
-0.02673443	0.03402777	-0.03570998	-0.052136842	0.040414132	-0.051537637	-0.017291758	0.0064416896	-0.027928118	-0.0052674324	-0.00063302735	0.006978632	-0.018529743	-0.067888945	-0.008012239	0.023937188
-0.04614381	0.027232837	-0.012314555	-0.05796199	0.0058800285	0.004799399	-0.009353533	0.065993145	-0.044129487	-0.080135085	0.005743818	0.03099407	0.017426914	-0.05185929	-0.03781756	0.0016213933
-0.054960277	0.06998214	-0.06912046	0.012908446	0.030064808	-0.076398075	0.07353704	-0.025810817	-0.0050995215	-0.07351112	-0.0030189306	0.038763624	-0.04792666	-0.028823948	-0.019532382	0.0053457036
-0.063904844	0.04726044	-0.051119693	-0.06273844	-0.0059894845	-0.071799286	-0.0053182496	0.023407057	-0.063124835	-0.026916143	0.07290724	0.06763783	-0.06344747	-0.06489732	-0.04662871	-0.014089779
-0.048253074	0.03674738	-0.015338472	-0.06449959	-0.04194867	-0.04980201	0.018859304	0.045131233	-0.023690077	-0.051549353	0.022004133	0.07267344	-0.031014336	-0.021357076	-0.055300493	0.073897384
0.020022716	-0.011870034	-0.07706788	-0.058831714	-0.035391677	-0.029826561	0.07484806	-0.022487637	-0.025102252	-0.072330676	0.06614123	-0.0041326797	0.015670545	-0.024667788	0.022040816	-0.012132855
-0.07095727	0.058084365	-0.07908511	0.01774503	-0.01962217	-0.087297715	0.026560254	0.001261752	-0.034934167	-0.012866582	0.0625854	-0.0061470876	-0.0684756	-0.0032148496	-0.005221194	0.02029277
-0.039718024	0.08175313	0.009474953	0.020132331	-0.015666949	-0.041423608	0.010154383	-0.023847457	-0.023576004	-0.030730024	0.039055586	0.01198876	-0.020626687	-0.024760466	0.021396667	0.016551457
0.0667214	-0.060061004	0.008621544	0.07843591	-0.041962028	-0.012183044	-0.0081249215	-0.0724283	0.020178573	0.033927016	0.01901553	-0.060614504	0.06940192	0.041476462	0.040517807	-0.05422991
0.0082903905	-0.0046059405	-0.04281757	-0.013839723	0.07482004	0.0024409809	0.014814571	0.07945239	-0.023916418	-0.009929486	0.07662093	0.033653777	-0.07402418	0.010276187	-0.08228613	0.009118171
-0.07700211	0.005817259	-0.06845194	-0.07368999	-0.004317023	-0.023578726	0.06753509	0.05786712	-0.053594854	-0.040268946	0.02803312	0.012832083	-0.07348416	-0.055959985	-0.026075393	0.029343333
0.039757196	-0.05813234	-0.011339202	0.03410532	-0.03457734	0.033024713	-0.05900901	-0.038888257	0.052980684	0.034070063	-0.07554723	-0.057255365	0.026459247	0.010313058	0.0822883	-0.00027991028
0.037870005	-0.024012303	0.0018226508	0.07177285	-0.019427547	0.0376596	-0.05990344	0.0024847547	0.040850848	0.03107261	-0.030873464	-0.06367924	-0.01464034	0.08357991	0.08001918	-0.036851235
0.04739355	-0.009787753	-0.007027004	0.012186978	-0.04649017	-0.004133716	-0.06352559	0.016277106	0.014997649	0.03806427	0.0036064596	0.00899067	0.052815735	0.053955395	-0.001513627	-0.04120281
0.014221715	-0.019338643	0.06228994	0.037406247	0.0073972624	-0.008893099	-0.024464533	-0.03079576	-0.015398118	-0.011683686	-0.030187154	0.00040358875	0.05211796	0.020043353	0.049825758	-0.08275284
0.08397072	-0.014221936	0.0055095037	-0.008623225	-0.045961756	0.027473321	-0.084726594	-0.026417853	0.080273755	0.04612993	-0.015140797	0.0089594	0.012474508	0.038135707	-0.0022440676	-0.038086362
0.011329834	-0.06708031	0.054197695	0.020207288	-0.022883812	0.03494764	-0.035559934	-0.028587488	0.06134932	0.0362968	-0.021889178	-0.07075918	0.05027701	0.019198734	-0.010035905	-0.00035920873
0.05599405	-0.0219524	0.08069462	-0.010829609	-0.003019643	0.06800788	-0.079260916	-0.047287386	0.055350374	0.062014375	-0.072631285	-0.08498699	0.02466341	0.019965893	0.070313975	0.007025048
0.015576724	0.00038240422	0.0863626	0.040659886	-0.051005956	0.029058056	0.0036557394	0.0016363263	0.035441563	0.07676867	-0.06465965	0.005924493	-0.009695382	0.044915527	0.054770622	-0.06858897
0.09169178	-0.07108115	0.07429604	0.005354261	-0.04872139	0.021653794	-0.06605529	-0.08003965	0.04699904	0.04584793	-0.07297843	-0.043116245	-0.004553695	0.07942707	0.010756694	-0.083027974
-0.0009284562	0.0013049626	0.070004135	0.047864545	-0.0017354216	0.03807543	-0.088969536	-0.06030767	0.06285142	-0.0006299112	-0.07876606	-0.080200486	0.016284708	0.062177747	0.020423448	-0.049470298
0.09068233	-0.018814746	0.08274488	0.08094827	-0.078944795	0.014477474	-0.026259732	-0.02868959	0.04396745	0.017359901	-0.048076097	-0.026687821	0.029150102	0.028282423	-0.0006649094	-0.083480805
0.094198726	-0.027509222	0.041168716	0.039490134	-0.033094186	0.07403179	-0.08536261	-0.025720255	0.052318532	0.063791685	-0.05483217	0.008415229	0.05534037	0.08057517	0.034610137	-0.021147484
0.020835139	-0.05078572	0.085347675	0.0068966076	-0.0563219	0.017397061	-0.0018031984	-0.031736404	0.091697946	0.053232167	-0.006933216	-0.02527148	0.043162327	0.07317489	0.040628664	-0.09006075
-0.030054023	-6.5024076e-05	-0.057010572	-0.07380189	0.078857794	-0.013706337	0.0680749	0.007517546	-0.07860749	-0.038826443	0.036829427	0.057567064	-0.073073454	-0.012717764	-0.010155149	0.007929842
-0.050533712	0.053835902	-0.021664966	-0.011525655	0.031559516	-0.07476272	0.086293876	0.030136209	-0.085757434	-0.0703959	0.0074462723	0.08033568	-0.021043958	-0.030228568	-0.019006064	0.008576248
0.0202679	-0.07926788	0.022224003	0.089694686	-0.06374126	0.07478671	-0.026313955	-0.08471591	0.01395016	0.025258688	-0.04575	-0.023480836	0.051483493	0.019895136	0.08241913	-0.08531281
-0.0036061122	0.020090377	-0.054654855	-0.0806864	0.027221408	0.008894354	0.015507851	-0.011872649	-0.069851674	-0.08405237	0.04452714	0.015608186	-0.0681307	-0.05640489	-0.060211454	0.057868022
0.0086909095	0.07784364	-0.0144763645	-0.069193535	0.018507197	0.0036148047	0.054367352	0.03878152	-0.06835623	-0.09071665	-0.0061964723	-0.011701604	-0.018769579	-0.05193823	-0.05087175	0.08861754
0.03297675	0.010454915	0.08057012	-0.008439676	-0.04479505	0.032065272	-0.03280337	-0.073944926	0.027415827	0.07264286	-0.040383082	-0.008916676	0.023893775	0.051815752	0.05107272	-0.016680367
0.047934618	-0.03012289	0.001721592	0.029541196	0.009807443	0.04744166	-0.061082225	-0.017564442	0.088310584	0.00088652445	-0.083735555	-0.08677022	0.06360609	0.082463674	0.040095337	-0.07544658
0.077712245	-0.018787088	0.02365051	0.05978594	-0.09358214	0.050962478	-0.070526496	-0.07038617	0.062796585	0.017486496	-0.07805825	-0.03380537	0.041459303	0.008899375	0.033444848	-0.03663473
0.05483086	-0.08429184	0.01670044	0.075463526	-0.06606826	0.08522045	-0.02882943	-0.038202487	0.0042095548	0.021408541	0.0050930697	-0.051377703	-0.00699709	0.0068942313	0.061806213	-0.0719186
0.05843517	-0.047272235	0.068088114	0.015367632	-0.08297058	0.04151327	-0.030051488	0.013276418	0.016794506	0.0018020024	-0.08269223	-0.0285461	0.047498684	0.00811716	0.0803835	-0.07672238
0.031070568	0.009626174	0.019282335	0.01239493	-0.0815554	0.057671424	-0.063905254	-0.06438138	0.076000735	0.012226953	0.0029566747	-0.011939968	0.004473771	0.02812768	-0.0063663586	-0.03721309
0.049826033	-0.083295844	0.06886202	0.036561906	-0.06290577	0.052956186	-0.024013763	-0.02146994	0.0068335296	0.017195936	-0.0140872495	-0.081770085	0.041402485	-0.012074709	0.0038631076	-0.029142322
0.02751205	-0.0032993956	0.040228162	0.037331514	0.004071877	0.025743263	-0.0536128	-0.054696918	0.07337098	0.020341625	-0.020608548	0.007890444	0.019842459	0.08517088	0.020310104	-0.040099725
-0.08784091	0.054183826	0.001554813	-0.026652763	0.00022125716	-0.078061126	0.06684035	0.027064495	-0.0013700721	-0.086101264	0.029099444	0.06791847	-0.0071597956	-0.03449424	-0.025887437	0.01653082
-0.033371445	0.077547096	-0.007079824	-0.057705827	0.034430627	-0.06225389	0.0406454	0.005255122	-0.08782528	-0.05092619	0.03173506	-0.012252306	-0.032158118	-0.044854823	-0.038264006	0.03488796
-0.045521524	0.039083466	0.0065343855	-0.023931505	0.04495752	-0.044331934	0.020079117	0.013495253	-0.064059414	-0.0075730393	-0.012030793	0.054195013	-0.01007589	0.0007221473	-0.03334576	0.01969265
-0.037065215	0.013892954	-0.07792792	-0.006426298	0.024919616	-0.05591932	0.05226818	0.08585133	-0.073077545	-0.080557704	0.079022974	0.054310955	0.009186681	-0.04658843	0.0048236987	0.034376666
-0.025583168	0.04743586	-0.008421493	-0.0019181495	0.050627477	0.00804316	0.020612784	0.06729818	-0.0144576	-0.08126263	0.0739092	0.018482812	-0.08532875	-0.08617621	-0.054597743	0.033364307
-0.028618399	0.0514648	0.017243091	0.004847266	0.068874925	-0.07552369	-0.010473428	0.034698285	-0.06940276	-0.028200628	0.008289691	0.07029883	-0.0105808955	0.0154226385	-0.019810895	0.07369587
0.011104554	-1.0828939e-05	0.009789775	0.017963454	-0.04258115	0.0868102	-0.06659923	-0.0072633913	0.09373167	0.016555224	-0.055019155	0.0049799685	-0.012005479	0.0633132	0.03557177	-0.085250944
0.023640512	-0.042343695	0.026292717	0.086675	-0.089631304	0.078670144	-0.08601974	-0.01896001	0.07646596	0.027892742	-0.04662474	-0.076944776	0.0052056997	0.06769658	0.04003859	-0.056448586
0.0112705175	-0.06541926	0.06328361	0.06436264	-0.00263284	-0.00052383397	-0.03391169	-0.08710967	0.0005426102	0.09116769	-0.040336438	-0.06903924	-0.0009693926	0.01590051	0.015048571	-0.035172902
0.05107579	-0.006820444	0.08117578	-0.009083126	-0.02607393	-0.010632098	0.0032131358	-0.007623015	0.07125974	-0.0014212027	-0.07170075	-0.03132027	0.020069698	0.025509343	0.018348562	-0.0769326
-0.002557904	-0.032690134	0.012335726	0.005110158	-0.015274669	0.04428053	-0.024346149	0.0043741227	0.070147865	0.041887883	0.004435899	-0.055746034	0.08195516	0.076757096	-0.0023424404	-0.026634736
0.07340268	-0.049996898	0.026464462	0.020266084	-0.003988613	0.0611002	-0.07905099	-0.07144798	-0.0023094225	0.039459	0.0123809455	-0.08026162	-0.0026641851	0.08221126	0.018909084	-0.051601354
0.020646155	-0.048347525	0.068336725	0.0728348	-0.07089455	0.0651364	-0.05431981	-0.02665704	0.083441116	0.07458269	-0.07772734	-0.06707243	0.028161379	0.07857126	0.04435309	-0.032975018
-0.05141672	-0.0013330872	-0.004258111	-0.020755524	0.03227137	0.009402006	0.02352189	0.008157514	-0.08587393	-0.082810685	0.031562973	0.0482391	-0.005330393	-0.08756884	-0.07169411	-0.0042570876
-0.06154669	0.0453448	-0.008537874	-0.057983402	0.083751775	-0.038833704	0.03126107	0.036378298	-0.07886918	-0.062069416	0.07571728	0.07417527	-0.04579966	0.011678587	-0.039493885	0.004999167
-0.06496983	-0.008620951	-0.028549632	-0.06993896	0.0633529	-0.028102348	-0.0013440809	0.0043091113	-0.019654246	-0.002422541	0.04972024	0.019828018	-0.0035367045	0.012948021	-0.042077053	0.0638304
-0.015015526	0.067370296	-0.01821511	0.016242454	0.0073265405	-0.08013298	0.036840912	0.063547045	-0.05885189	-0.027894178	-0.008739682	0.078471854	0.0034978169	-0.053674914	-0.002756491	0.08413339
-0.08426003	-0.00035559371	-0.020256119	-0.011325354	0.0019326129	-0.056115154	0.014088697	0.016286094	-0.08462748	-0.013741406	0.07810115	0.023536548	-0.01535113	-0.009598136	-0.022534428	0.048607085
-0.06146025	-6.259311e-05	-0.0016218568	-0.08096276	0.061959244	-0.0059870975	0.030140184	0.011951294	-0.0050526513	-0.042541448	0.019213634	-0.011763154	-0.06463247	0.015842311	0.01739923	0.06787581
0.0016084961	0.013864031	-0.04811891	-0.043839935	0.07314571	-0.03909985	0.051217005	-0.01243407	-0.07390623	-0.057383157	0.0265426	0.06770758	-0.060861558	-0.0697393	-0.0005483614	0.009640064
-0.041825946	0.034558777	-0.010600769	-0.059224736	0.087691955	-0.005737923	0.05362851	0.07522528	-0.06858492	-0.05857401	0.051721685	0.008586654	-0.0157613	-0.071514785	-0.045975722	0.07355317
-0.0642211	0.067287825	-0.07352052	-0.05417781	0.072637215	-0.08175943	0.0018366028	0.016947854	-0.037977323	-0.072611645	0.01995788	0.06354805	0.0013263691	-0.032140207	-0.04062903	0.03034127
0.050562736	-0.020246929	0.01999253	0.06954522	-0.066597246	0.03759524	-0.087493874	-0.06298439	0.09115818	0.07373466	-0.027860679	-0.0052744066	0.0005745951	0.070857696	-0.0068662562	-0.009496415
0.068695895	-0.0035789555	0.08086367	0.013453371	-0.02953115	0.033481635	-0.061943587	-0.025533281	0.048059452	0.02658153	-0.05724955	-0.03960271	0.028094966	0.06705322	0.041872814	-0.030879853
0.009783483	0.08574958	-0.08438981	-0.08375162	0.05807363	-0.08573477	0.066193245	-0.009203903	-0.037444077	0.0051675113	0.013716569	0.07903741	-0.059794698	0.0104030445	0.0085663535	0.03206374
0.0048356974	0.08543158	-0.020357559	-0.053686436	0.037596624	-0.05776077	0.026802056	0.043679178	-0.064472646	-0.081038035	0.0728712	-0.013727293	-0.032460723	-0.037736416	0.008284505	0.039784107
0.010794986	0.003598604	-0.05931351	-0.027015412	0.075656354	-0.06808176	-0.01155919	0.017827712	-0.066711985	-0.0012849687	0.03246723	-0.0139840385	-0.027155701	-0.058004808	-0.04604865	0.038831457
-0.05805219	0.008243042	-0.048259016	-0.028282976	0.03656588	-0.008063856	0.025910702	-0.011520291	-0.030864278	-0.003049582	0.025227224	-0.0050579365	-0.053117175	0.002512961	-0.014204163	0.01199178
-0.045342058	0.049311094	-0.055784393	-0.0770352	0.07582727	-0.052474875	0.026035015	0.057875622	-0.0978998	-0.016935596	0.07996762	0.07441192	-0.019510342	-0.004672043	-0.081036344	0.047591854
-0.009455864	0.044775125	-0.062207725	-0.04874279	-0.0057058455	-0.07080435	-0.00691977	0.07922263	-0.058796886	-0.06689485	0.050920147	-0.0059162215	-0.077600725	0.009576374	-0.05149948	0.032276552
0.03225625	-0.024432203	0.015855392	0.035514127	-0.010086861	0.08550183	-0.06669392	-0.007280003	0.04260695	0.07689734	-0.053723104	0.0017873717	0.063906245	0.029939298	-0.00031534646	-0.04988898
0.055377338	-0.03689616	0.068412334	0.051421296	-0.026182042	0.08048237	-0.059404414	-0.018484369	0.02630287	0.06368391	-0.05404077	-0.001355366	0.04707123	0.05854173	0.025164776	-0.013947407
0.0099232895	-0.03305606	0.08191511	0.042433575	-0.037570346	0.05534236	0.0030885716	-0.009570485	0.03306373	-0.0005207874	-0.08399131	-0.0010609205	-0.0017252152	0.09002604	0.015266593	-0.07066976
-0.022294628	0.07514762	-0.041479506	-0.04983811	0.05883936	-0.05432859	0.06669514	0.02082788	-0.015706135	-0.06847795	0.07282484	0.061716985	-0.06880807	-0.081852764	-0.0616818	0.0265332
-0.0036693476	-0.0014901834	-0.036127824	-0.036319528	0.05945947	-0.029718297	0.079056524	0.058113858	-0.058367573	-0.077758744	0.01252074	0.048167992	-0.028940203	-0.07476396	0.0029356729	0.02373722
0.0062176897	0.06671241	-0.051994476	-0.07260131	0.009186288	-0.072010644	0.040389966	0.04639634	-0.020127613	-0.033301882	0.016569925	0.03015661	-0.026884414	-0.037334245	-0.0802438	0.029415203
0.08505109	-0.087357014	-0.0061251703	0.00819773	-0.07876439	0.08444456	-0.024637898	-0.057331964	0.048479483	0.091552615	-0.032649107	-0.0600268	0.058530472	0.078529336	0.0009871492	-0.07267256
0.046473708	-0.0332404	0.06028693	0.020368304	-0.032745242	0.06815749	-0.0672139	-0.04663259	0.07830564	2.7621983e-05	-0.07833857	-0.02308716	-0.0051643597	0.022076778	0.025154455	-0.012682698
-0.0036645737	-0.0101881	0.05166716	0.09004096	-0.036966026	0.0044288943	-0.08455093	-0.08388069	0.07225688	0.089329526	-0.045662925	0.000116922776	0.08807826	0.08905279	0.06598304	-0.03780925
0.07093383	-0.013997884	0.022672268	0.0131423045	-0.065901406	0.07772835	0.0053418567	-0.018767769	0.028268136	0.08407745	-0.046431817	-0.024350507	0.069643244	0.0060325093	0.078994356	-0.007426109
0.016419128	-0.07978035	0.0713124	0.022066629	-0.020257419	0.021484414	-0.06153105	-0.059802797	0.078424014	0.043861486	-0.02697311	-0.07126948	0.004730558	0.09130675	0.043768685	-0.014939732
0.045045827	-0.0818057	0.013491953	0.03982565	-0.033150874	0.0033277906	-0.021796918	-0.036320657	0.04211749	0.0630069	-0.031926233	-0.04264697	0.0771268	0.07329117	0.04833878	0.0006908569
-0.037864756	0.06645964	0.010158183	0.010863628	0.035205673	-0.0124477	0.0070065847	0.033128887	-0.037181854	-0.0019035542	-0.0016296307	0.046714704	-0.02063913	-0.07082842	-0.0024749455	0.021470599
-0.07455431	-0.0065433914	-0.08045455	-0.032371037	0.06744374	0.0071225	0.07846292	0.039608367	-0.04371533	-0.019523602	-0.0023084397	0.05538111	0.0041980455	-0.0065049436	-0.0027911724	0.008522698
0.05674326	-0.05242116	0.016905217	0.06513979	-0.0689699	0.031966224	-0.07933002	-0.07486184	0.034035783	0.09414783	-0.031792246	-0.04474723	0.0081187235	-0.007587131	0.022352139	-0.08535923
-0.026852015	0.005812877	-0.07465819	-0.022256445	0.015158238	0.0031393827	-0.0056745573	0.05966803	-0.0029777281	-0.025051221	-0.014374848	0.044541	0.02167124	-0.048315383	-0.049685378	-0.014466859
-0.03597035	0.0023997412	-0.03373121	0.0017996624	0.06682097	-0.06872589	0.06259878	0.03199093	-0.010774768	-0.030822974	-0.00081763434	0.008441739	-0.07621263	-0.061062552	-0.06622586	0.03735902
-0.05802341	0.024812816	0.0017595297	-0.07889897	0.06391504	-0.059838437	0.014968504	-0.009982273	-0.02687259	0.008471948	0.059079222	0.077548206	0.021584723	0.004177505	-0.038741436	0.040915404
0.003164363	-0.032713648	0.0028656514	0.007826605	-0.051598035	0.02585777	-0.046832953	-0.015412593	0.054430258	0.016593954	-0.039882287	-0.05273902	0.03196856	0.071339056	0.004141725	0.004583648
0.03225491	-0.030722184	0.003278146	0.07877651	-0.04968988	0.06566381	-0.06780144	-0.04960702	0.080228806	0.09128647	-0.042139426	-0.07844057	0.009661893	0.052326787	0.0032228602	-0.08271401
0.07102277	-0.060436256	0.022378653	0.071444385	-0.008919402	0.015609295	-0.0047488506	-0.061039645	0.023469524	0.07958698	-0.021964358	-0.086985685	0.06752326	0.06957248	0.08672168	-0.061675306
0.092009425	-0.033935264	0.054100476	0.07249	-0.02040936	0.08234682	-0.08512519	-0.025253346	0.010637564	0.09544438	-0.044832103	0.009373106	0.025238274	0.029646987	0.024327269	-0.05005752
0.03308562	-0.029617453	0.05183527	0.05103988	-0.028072663	0.05598932	-0.006742912	-0.061579984	0.087294206	0.019495606	-0.06042084	-0.033371087	0.049838204	-0.008066757	0.053548392	-0.02825818
0.009073443	0.018095257	-0.013594182	-0.06540856	0.031630285	-0.067903735	0.07878399	0.048028745	-0.01254172	-0.046487346	0.0050943037	0.0040242113	0.009278422	-0.046753723	0.011902842	0.04766486
-0.052209165	0.012055977	-0.081911825	-0.020443104	0.07999386	-0.05759203	-0.0075921286	0.048589073	-0.025926525	-0.018691828	0.03498233	0.010163031	-0.037873022	-0.010204846	-0.004558744	-0.00084850896
-0.019660296	0.07834008	-0.04121953	-0.036487427	0.03796982	-0.049937855	0.010672681	0.037553154	-0.0746385	-0.079370834	0.01909228	0.0690975	-0.0749922	0.007768575	-0.04769436	0.054964565
-0.056979284	0.06890474	-0.079028584	-0.04776138	0.055938497	-0.08238906	0.0065422417	0.06123589	-0.032131895	-0.087235674	0.008452163	0.010231638	-0.018590141	-0.07060681	-0.00018359335	0.046293274
-0.0043892474	0.08232977	0.0070099332	-0.05051847	0.02665987	-0.013640559	0.0049887393	0.04143466	-0.020622535	-0.076662876	0.034240246	0.00021750382	-0.06953928	0.010826192	-0.057564344	0.046064466
-0.064496316	0.03816939	0.003380542	-0.032373752	0.010897844	-0.027005298	0.049478386	0.07133947	-0.075573556	-0.04958859	0.037642766	-0.004515519	-0.07456312	-0.0060703913	-0.0055283555	0.014193384
-0.0049768235	0.077962406	-0.0008765671	-0.035675637	0.04660031	0.00040733087	0.05503759	0.041623987	-0.06609693	-0.07060588	0.06924241	-0.0051663187	0.014503046	-0.030475337	-0.040934533	0.05048312
0.0053447396	0.04756653	-0.017813146	-0.08567987	0.072638035	-0.049256124	0.07504933	0.05590562	-0.027807022	-0.055867035	0.010967968	0.019993007	0.0060165063	-0.03617771	-0.03572809	0.082914166
-0.015571975	0.03278699	-0.06670531	-0.05968921	0.09011011	-0.015671631	-0.010342552	0.0052943346	-0.0776947	-0.009508032	0.018562652	-0.0044328836	-0.073146515	-0.006836434	-0.053903773	0.04770129
-0.07633074	0.051936653	-0.041353777	-0.017693885	0.056226276	-0.017170813	0.038628012	0.048890017	-0.07748625	-0.012032837	0.011151755	0.037628192	-0.039378934	0.0010294529	-0.015202452	0.019072037
-0.04086222	0.083372556	-0.04490589	0.0037537364	0.04961346	-0.017608253	0.049881216	0.014262457	-0.09501654	-0.08187115	0.0014557248	0.06991478	-0.019355793	-0.055996913	0.008703721	0.03153189
-0.009654319	0.031434216	-0.04446583	0.002287128	0.07770501	0.0004528479	-0.01327909	-0.0012049794	-0.021835074	-0.0851899	0.078242496	0.05854726	-0.055104207	0.008836244	-0.013357883	0.04204852
0.017683892	0.007242826	0.011173539	0.07474927	-0.029646868	0.06316395	-0.07445049	-0.0009998	-0.0059231757	0.08520265	-0.040652897	-0.031843547	-5.487648e-05	0.06789358	0.069938794	-0.014674372
0.05158572	-0.01571459	0.028214859	0.055458598	0.007276381	0.05769302	-0.07642337	-0.03900654	0.019411791	0.0058262744	-0.052791417	-0.060873196	0.05340958	0.08401542	-0.0015416185	-0.01342333
0.060476936	-0.052171167	0.053035483	-0.0037138301	-0.030176526	0.067903124	-0.08248009	0.007756451	-0.00019810945	0.046136018	0.009878404	-0.056509554	0.077808276	0.0022162304	-0.0012036497	-0.029808352
0.07234941	-0.05576466	0.06445475	0.03364212	-0.06281378	0.019225588	-0.039739497	0.010178737	0.04806304	0.018098837	-0.0509889	-0.041798323	0.0682068	0.03568344	-0.005134621	-0.077628374
0.008428502	-0.010114828	0.06289474	0.0025566549	0.0011288112	0.024852624	-0.011886733	-0.031722747	0.016017398	0.011685605	-0.07666663	-0.08666376	-0.0044578225	0.036612775	0.08185613	-0.011482654
0.026312888	-0.016776968	0.021124726	0.061189722	-0.050503988	0.08688137	-0.0022658866	-0.07844376	0.08636787	0.06422745	-0.06775651	-0.0001466647	0.05794704	0.06353473	0.07760622	-0.0723461
-0.005851289	-0.0016731193	0.082364134	0.06352653	-0.05666866	0.06220512	-0.017832227	-0.09044704	0.080825344	0.0032686978	-0.052600294	-0.070068195	0.07840524	0.018545894	0.089171216	-0.08825447
-0.028884325	-0.014723543	-0.009891197	-0.018523818	0.07277752	-0.036935512	0.069442235	0.052866302	0.0014563251	-0.06280202	0.07187749	0.060011193	-0.082432054	0.00346067	-0.07457725	0.07831478
0.0006210606	0.009624016	-0.023205422	0.008703235	0.011420912	-0.038543314	0.027807523	0.033908796	-0.01839445	-0.030858042	0.0189656	0.04753555	0.00013671668	-0.010567116	-0.0052657924	0.077915475
-0.08236528	0.017738981	-0.049562775	-0.08066358	0.057504237	-0.046245564	0.051673487	-0.0084539745	-0.088030286	-0.06581005	-0.0009853618	0.036724158	-0.0021784005	-0.03998911	-0.051510565	0.0025214127
0.04440795	0.006105816	0.020046053	0.07024103	-0.023112413	0.066669725	-0.016364682	0.002848463	0.032252643	0.085489266	-0.078750744	-0.08285615	-0.010915587	0.06789796	0.032082092	-0.04703906
0.07647698	-0.03338527	-0.01045262	0.00096335594	-0.03050864	0.026766384	-0.020376217	-0.085836746	0.08431157	0.09353379	-0.021061432	0.01012909	0.036218878	0.008932538	0.049508456	-0.08549691
0.05212817	0.0029327106	0.013618983	0.014222253	-0.08676208	0.011682544	-0.048845056	-0.08634772	0.07096057	0.021646671	-0.06630791	-0.00061716663	0.03344937	0.0010426417	0.027476475	0.0052004154
-0.020482171	0.030201202	-0.014471502	-0.05582329	0.0045444565	-0.0241293	0.023255864	0.010382191	-0.070414685	-0.0070636715	0.0461511	0.046278648	-0.035651185	-0.0010132022	-0.009915991	0.0048686885
-0.003066966	-0.008207099	-0.068935156	-0.079574175	0.03196892	-0.052753184	0.08184468	0.034568552	-0.006961681	-0.06780294	0.051257987	-0.00013091187	-0.061472498	-0.076486595	0.015058401	0.0012909124
-4.442732e-05	0.06134823	-0.018310767	-0.012927455	0.08258672	-0.037988152	0.05057917	0.0665905	-0.07061072	-0.04276943	0.0077315127	0.03447591	-0.022321673	-0.05306808	-0.05457792	-0.007775201
0.08864438	-0.03268109	0.0146816075	0.014129443	0.014536968	0.036577385	-0.020705199	-0.05088137	0.07314004	-0.00021231311	-0.015825294	-0.056997865	0.02464113	0.044510018	0.023702908	-0.07927865
0.083139986	-0.017263075	0.046160594	0.028173296	-0.06434704	0.033063024	-0.016161434	-0.057417862	0.07931977	0.03607788	-0.0028101578	0.0030708602	0.050332196	0.009613992	0.05369881	-0.08650766
-0.088423565	0.03790664	-0.0064726714	-0.059424512	0.074336976	-0.004615188	0.05870119	0.058151413	-0.09896798	-0.011054166	0.051034395	0.007933919	-0.02381281	-0.018715853	-0.0839908	0.06807458
-0.008112764	0.078406185	-0.031214066	-0.04418519	0.008579067	-0.033554334	0.016586047	0.0086738095	-0.08232211	-0.01113713	-0.010981697	0.04902626	-0.068934694	-0.0041892775	-0.060213827	0.03328337
-0.07102126	0.007365483	0.011182536	-0.0735917	0.038669437	-0.00072451535	0.03800418	0.00080217887	-0.009580362	-0.053323876	0.049834836	0.00050019065	-0.034107614	-0.011899104	-0.018057322	0.0027150738
-0.05345503	0.0733529	0.01388105	-0.0021773318	-0.0027433843	-0.0065385955	0.014161389	0.06559945	-0.039694335	-0.018107474	0.015794273	0.029079102	-0.032826286	-0.012243827	-0.0125660775	0.025449736
-0.03486277	0.04589267	-0.0684242	-0.076956965	0.051132247	-0.07661269	0.084043905	0.033679344	-0.04980037	-0.003848387	0.041355003	0.07954296	-0.034717865	-0.03189951	-0.05017508	0.027509855
-0.073239915	0.027717967	-0.067420416	-0.06287296	0.079207495	-0.07042405	0.058613524	0.01200283	-0.057070535	-0.009664056	-0.0130301425	0.06656292	-0.08192523	-0.045685645	-0.08057779	-0.00019577233
-0.08444528	0.006437286	-0.03982531	-0.07485707	0.062185403	-0.042683464	0.045379803	0.023575665	-0.08940711	-0.047429286	0.009064786	-0.0032528117	-0.013123338	-0.028932415	0.012408317	0.024036221
-0.061125387	8.3395396e-05	-0.07726526	-0.078876056	0.039712768	-0.07541098	0.073406465	0.014509626	-0.022055738	-0.053816102	0.030370792	-0.01392545	0.008708559	-0.030253533	-0.05468008	0.085537165
-0.0041922163	-0.010128349	-0.010953031	-0.043024134	0.0134441685	-0.07175578	-0.008122164	-0.015854044	-0.008481771	-0.021692427	0.005988232	0.01891646	-0.02963397	-0.06953975	-0.047519825	0.017538192
0.04704838	-0.048353292	0.06392913	0.072267585	-0.005548226	0.026734836	-0.05059947	-0.08625041	0.053447127	0.015033061	-0.0025148033	-0.07231304	0.04497771	0.040520232	0.019541848	-0.033689983
0.026457964	-0.041265428	0.016804265	0.0022394252	-0.09329079	0.017878246	-0.01409299	-0.009852636	0.08677679	0.02521571	-0.037405882	-0.04196558	0.0074729044	0.061555646	0.03257756	-0.052781723
0.08382623	-0.007590376	0.07530794	0.025036065	-0.019045018	0.0047151386	-0.08812372	-0.054423936	0.07246755	0.004968197	-0.013528515	-0.07586069	0.0005939299	0.060881414	-0.0052805007	-0.014125844
0.006599642	-0.012114523	-0.028599532	-0.07598182	0.0030335365	-0.011974049	0.0366278	0.083738096	-0.09062151	-0.002245803	0.07238155	0.055163093	-0.018774355	-0.033270292	-0.033147763	0.055101126
-0.07757506	0.031429395	-0.06867561	-0.04502989	0.069284596	-0.06974979	0.044958655	0.08100496	-0.049356807	-0.011055118	0.049789272	0.062630326	-0.06402896	-0.024349008	-0.03117248	0.03824274
0.08628378	-0.03658801	0.078418694	0.06323485	-0.009457023	0.012684184	-0.0422561	-0.046132583	0.06896244	0.08231115	-0.013980865	-0.05756039	0.025376033	0.040121567	0.046632454	-0.05810899
0.03006977	-0.013330203	0.058658622	0.009239482	-0.04973697	0.065023564	0.0013679644	-0.034878235	0.011469656	0.029416637	-0.05063052	-0.0115951765	0.02074366	0.08716166	0.029730862	-0.09029385
-0.04957467	0.024546608	-0.057556123	-0.055716448	0.054535676	-0.05576318	0.036172796	0.07807437	-0.09534747	-0.036832955	0.066152446	0.038816348	-0.040654805	-0.008137528	-0.05600069	0.06136466
-0.05109928	0.075954154	-0.025130622	-0.013054287	0.04725237	-0.034519464	0.059734456	0.034310136	-0.06314772	-0.042957213	-0.009689041	-0.006340939	-0.01657354	-0.070305295	-0.063039586	-0.004772357
-0.05548842	0.021704309	-0.043143902	-0.057772737	5.1936597e-05	-0.084786855	0.044908408	0.03442428	-0.09165997	-0.05064763	0.046780806	0.043018546	-0.06900809	-0.02241547	-0.01810792	0.054025166
0.059203234	-0.012678072	-0.0019113773	0.058688443	-0.013856206	-0.008462956	-0.049973916	-0.047006875	0.05160974	0.071871676	-0.02567129	-0.055315785	0.04751078	0.0103467265	0.06444875	-0.06503656
0.01276356	-0.030766224	0.024029778	0.08515511	-0.037679426	0.0023203564	-0.07744969	0.005486448	0.010980436	0.04630679	0.003964755	-0.05612814	0.013230308	0.05568724	0.07146017	-0.09033476
0.091570966	-0.07497137	0.07707437	0.034558274	-0.08296458	0.03665685	0.0047406624	-0.037257876	0.06953593	0.037812114	-0.042271458	-0.08324236	0.012292175	-0.0071824347	0.014542718	-0.062258407
0.017656358	-0.002867923	0.052871168	0.038599625	-0.039364517	0.008328935	-0.0797226	-0.007284321	0.03271728	0.07578776	0.0053923684	-0.026467377	0.014032893	0.0686684	0.021130882	-0.061639562
0.009935486	-0.019606702	0.082169056	0.0013823749	-0.045188226	0.08338136	-0.012984296	-0.025357723	0.0325503	0.058530807	-0.060461763	-0.06417602	0.035805855	0.052242115	0.057340138	-0.011543468
-0.015859602	0.071518674	-0.08198536	-0.07449486	0.052671883	-0.045784026	0.043912876	0.013044167	-0.10038555	-0.024671946	0.06310923	-0.0036359134	-0.022752833	-0.057862468	-0.074487604	0.076872386
-0.0070749638	0.03565806	-0.0040600747	-0.06010734	-0.005005577	-0.01951139	0.07966043	0.06603145	-0.045587808	-0.06925532	0.032055035	0.017416844	0.0016531531	-0.07843612	-0.03380922	-0.0014407815
0.05038685	-0.021313235	0.078097686	0.023166131	-0.008775141	0.088628076	-0.055903636	-0.06663459	0.034622647	0.09336458	-0.0870309	-0.03433201	0.08453668	0.0133781135	-0.0110176	0.008523954
0.08503307	0.008067611	0.049286257	0.06138473	-0.021287685	0.08067005	-0.06078008	0.0034134805	0.095851645	0.026235765	-9.70644e-05	-0.008944702	0.05337855	-0.011426879	0.013812544	0.0034944315
0.0141990585	-0.03803	0.063568965	0.085398905	-0.07375131	0.012551718	-0.024511069	-0.081973694	0.04281626	0.06903545	-0.039072376	-0.06208367	0.08442529	0.0005269912	0.06805215	-0.052716646
0.06982996	-0.048809804	0.060062964	0.08898977	-0.09609596	0.03517891	-0.04511048	-0.0122119505	0.0028625322	0.043505866	-0.03328893	-0.08394336	0.017208168	0.025521202	0.05970155	-0.052300915
0.040892575	-0.059315458	0.037808053	0.0045412183	-0.05134337	0.053172726	-0.043099456	0.00019468549	0.09602853	0.08748549	-0.08569974	0.0059052147	0.019473348	0.07395445	0.07527904	-0.059151605
-0.059727307	-0.014410434	-0.023399109	-0.07061658	0.070943624	0.008193426	0.059710618	0.06145385	-0.059158597	-0.06921033	-0.0005524015	0.06483443	-0.0074195755	-0.036359936	0.0029021155	-0.0067256084
0.013060809	0.015390211	-0.046065047	-0.04961458	0.080022186	-0.007041948	0.03428208	-0.014487266	0.010614949	-0.05484633	-0.016872926	0.06596555	0.014073194	3.5794685e-05	-0.018726557	0.067473575
-0.0029340014	0.015417476	-0.030502016	0.0017827044	-0.013747224	-0.042548504	0.0032079355	0.02477979	-0.062434476	-0.015687477	0.026843853	0.038860083	-0.009047126	-0.032227818	0.00806138	0.06159096
-0.0072502377	-0.05223245	0.075061046	0.04405987	-0.00807433	0.08987905	0.0067800665	-0.050753757	0.020241592	0.07458664	-0.004646388	-0.008648233	-0.0026990736	0.008803809	0.023112083	-0.064373426
0.051726602	-0.043275367	-0.0024486398	0.036869664	-0.027113903	0.0075769494	-0.016355608	-0.0020864727	0.0050096866	0.03675654	-0.07846419	-0.064978234	0.08142675	0.060173158	0.028167274	-0.088655196
-0.005430471	0.011491493	-5.2001662e-05	0.065130845	-0.05804313	0.052229747	-0.0496823	-0.001909551	0.060606185	0.072781175	-0.085894726	-0.05541518	-0.0059469827	-5.249834e-05	0.0511692	-0.079287894
0.0041694962	-0.07600943	0.07356019	0.024258813	-0.041295614	0.088875875	-0.061662484	-0.04653432	0.07907892	0.029795883	-0.0776799	-0.019406663	0.042639453	-0.005281033	0.02211113	-0.056110404
0.0096052755	-0.009053325	0.071809255	-0.0007836769	-0.07859633	0.0053107594	-0.004450239	-0.018720713	-0.0028830122	0.01995879	-0.063972384	-0.049388066	0.0075721117	0.042296402	0.020341495	-0.035310976
-0.0016176542	-0.04192863	-0.0016503194	0.07647638	-0.03219755	0.01706248	-0.063807465	-0.08667351	-0.0011162506	0.0341583	-0.064295456	-0.0005672706	0.051557504	0.067104824	0.004972097	-0.054991297
-0.019937556	0.074954726	-0.06512222	-0.05210621	-0.008619037	-0.016019007	0.02585137	0.08025886	-0.085416555	-0.033403754	-0.011342569	-0.0043745316	-0.046269365	-0.038949084	-0.07494931	0.012417373
9.5119816e-05	0.06696342	-0.06817425	-0.0004715539	0.05927907	-0.046610415	0.015364006	0.028748257	-0.058703918	-0.0419905	-0.011511418	0.02618022	-0.04539816	-0.03899547	-0.0031432477	0.0008548275
0.0026289816	0.04093617	-0.028291084	-0.032894116	0.019223316	0.007846028	0.0019506847	0.01063133	-0.007392833	-0.017023936	-0.014074572	0.039327763	-0.028679686	-0.044623327	-0.028352214	0.012529441
-0.040061582	0.077969335	-0.079786584	-0.040199317	0.09417979	-0.02892807	0.06410591	0.024453701	-0.018560307	-0.031926107	0.031157035	0.029245965	0.004032555	0.0019284248	-0.065658554	0.055690855
-0.01345664	0.047660682	-0.05375857	-0.0026810942	-0.0031637968	-0.076588765	0.085260004	0.07810807	-0.0651602	-0.06826027	0.08332274	0.0035766568	-0.0227288	-0.003548487	-0.025426788	0.038184214
-0.06513215	0.028085737	0.0027404206	-0.03374141	0.022478804	-0.068047605	0.071670756	0.025903922	-0.07069244	-0.01566297	0.056859825	-0.013995866	0.0033140227	-0.08309838	0.0011793748	-0.0057064984
-0.016659344	0.02707119	-0.03836165	-0.06971233	0.005377417	-0.01911845	-0.012804187	-0.007989045	-0.013574981	-0.08385512	0.07657821	0.051156543	0.018791355	-0.02131227	-0.033829655	0.05798939
-0.015433965	0.050755724	-0.043020546	-0.03810721	0.022538457	-0.07467947	0.05948812	0.05903014	-0.059617907	-0.018507505	-0.0028699995	0.055552285	-0.017328443	-0.052730616	-0.07007291	0.07231437
-0.050563578	0.06093345	-0.0777348	-0.045700654	0.08629503	-0.03958418	-0.0117719555	0.07929948	-0.071220554	-0.074616805	0.06606756	0.02966315	-0.07550906	0.006112968	-0.030816397	0.047411352
0.06941582	-0.07414413	0.049848147	0.025783464	-0.05068833	0.030521845	-0.069996744	-0.0067332457	0.030733045	0.0066916933	-0.018169368	-0.023117702	0.06635996	0.07942782	-0.004192631	-0.06396553
0.0844215	-0.039383672	-0.0031782703	0.03398945	-0.044252362	0.05145648	-0.061808344	0.004704305	0.024233162	0.04354154	-0.08204298	-0.023581702	0.06028989	0.064971834	0.03529647	-0.02659003
-0.08567731	0.083998926	-0.052992422	-0.08319829	0.06327481	-0.07194477	-0.0005630165	0.06051794	-0.051948503	-0.023356948	0.07004274	0.051465914	-0.02054847	-0.061406773	-0.01048475	0.028897943
-0.00532445	-0.03537443	0.026182802	0.027453223	-0.030807374	0.031827528	-0.026957734	-0.06280463	-0.003015075	0.067984134	-0.07631073	0.0019080022	0.0777374	0.073988646	0.032941822	-0.04963655
0.03383412	-0.026110291	0.019517664	0.03773348	-0.07835501	0.07941209	-0.0026109316	-0.07098721	0.04033842	0.06863144	-0.05098557	-0.0141223585	0.040143	0.0043073297	0.0556374	-0.07231862
-0.030750515	0.057365477	-0.005049379	-0.016728658	0.030481962	0.0028504904	0.03682184	0.003951048	-0.09823592	-0.033690125	0.07482122	0.00092903693	-0.04962573	-0.08261243	-0.08437786	0.0135487
0.08194429	-0.06293594	0.08864691	0.056953076	-0.0838333	0.021513542	-0.0382161	0.010414117	0.06820541	0.022530291	-0.010147743	-0.08408872	0.053529218	0.05849673	0.016441327	-0.022070471
-0.031015651	0.06777267	-0.083986685	-0.021604134	0.03680299	-0.08889688	0.019399974	0.046792474	-0.08867734	-0.00590683	-0.012130961	0.04281834	-0.030137321	0.0061399247	-0.017075334	0.05450147
-0.0619142	0.0808936	-0.020653185	-0.0854238	-0.0036902945	0.0071694753	0.01443422	0.07210333	-0.037472136	-0.085567534	-0.0054887696	0.0087644765	-0.050576176	-0.049351294	-0.066296384	-0.002795776
-0.008355498	0.010637305	0.051754117	0.04670125	-0.03332145	0.003501062	-0.007327384	-0.08218668	0.090127155	0.09418145	-0.036023486	0.0017518307	0.022143524	0.049963333	0.078578934	-0.0235855
0.03478454	0.010476674	0.088404134	0.06917647	-0.07283453	0.022921406	-0.020711074	-0.012586277	0.07732677	0.0062311175	-0.08017269	-0.07073831	-0.00016011042	-0.003128264	0.037343904	-0.06096846
-0.021782652	0.0780581	-0.025192212	-0.07338583	0.032330632	-0.023068368	0.055000104	0.060939103	-0.02966833	-0.00012342125	0.025770616	0.0032002295	0.007986555	-0.035795156	-0.04032684	0.07838645
-0.08894091	0.032617554	0.008277629	-0.04302436	0.0017802734	-0.066295944	0.02546964	0.08347664	-0.102095306	-0.033083394	0.07608484	0.048541274	-0.0689379	-0.08575946	-0.03951334	0.08936496
-0.019238628	0.055625264	-0.064793475	-0.05595476	0.09184295	-0.056192487	0.083944105	0.0022273927	-0.052657787	-0.053490613	-0.006912877	0.005239962	-0.06850711	0.0034545958	-0.036581572	0.018905742
0.0071522063	0.052922558	-0.00028911702	-0.019130033	0.062357303	-0.0063788854	0.05052192	0.025706291	-0.101086885	-0.012155175	0.026065517	0.02642987	-0.05859876	-0.054404754	-0.05511457	0.04040291
0.035653964	-0.07058353	0.026442476	0.012652947	-0.060915034	0.07892112	-0.06937809	-0.067920454	0.002746467	0.07934637	-0.029031582	-0.08328575	0.0777333	0.014772542	0.0815154	-0.07149922
-0.0031739606	-0.08518724	0.06506523	0.012205281	-0.08965503	0.0028351916	-0.013932754	-0.07226963	0.08559416	0.008082616	-0.07049824	-0.032472838	0.044576656	-0.006535201	0.07636926	-0.055260595
0.06360342	-0.04944719	0.018634373	0.061845157	-0.0076298094	0.058915343	-0.07813612	-0.08183315	0.050758064	0.0757313	-0.082506135	-0.02171807	0.018399246	0.05689975	0.08867859	-0.033726998
0.050116662	-0.023021132	0.034637783	0.087701894	-0.016016884	0.07411323	-0.015535851	-0.028130386	0.03175498	0.02938332	-0.00735078	-0.025686253	0.05243149	0.0741856	0.050924014	0.0042386646
-0.006182457	-0.020944295	0.08304682	0.029631205	-0.0489548	0.058193482	-0.010403854	-0.0059059085	0.09936525	0.029405493	-0.060481198	-0.012031115	0.05758868	0.04691841	0.010053528	-0.002275352
-0.019061463	0.07775596	-0.034801926	0.00020104831	0.016343623	-0.06446825	0.038411994	0.040946674	-0.056445323	-0.06206505	0.039080374	0.072604254	-0.030904114	-0.07362584	0.008813243	0.01361004
-0.046101086	0.009426396	-0.067698635	-0.06758999	0.012657813	-0.019593384	0.02315544	0.026441798	-0.001837458	-0.0791773	0.028280985	0.049727157	-0.068533465	0.0045198244	0.0064640096	0.027786175
-0.07137936	0.0034271707	-0.019123577	-0.07003794	0.018073538	-0.028234228	-0.007465549	0.0143117625	-0.07605063	-0.042603992	-0.013362908	0.028413815	-0.0073036915	-0.041851524	-0.00019670223	0.013144348
-0.04722027	0.07378191	-0.025933823	-0.085602425	-0.004559669	-0.017011939	0.0559248	0.026490435	-0.053015634	-0.06844467	0.006641981	0.03933531	-0.04538203	-0.015345792	-0.03614783	-0.010858357
0.042825673	-0.007876742	0.03744423	0.0859535	-0.042215116	0.07141106	0.0075221057	-0.044836562	0.011145284	0.039906535	-0.042164303	-0.045826524	0.059281923	-0.0024794615	0.033984497	-0.035118073
0.008008821	-0.045821782	0.04967518	0.011033613	-0.010398954	0.05241313	-0.018991804	0.0035169572	0.034509115	0.06793162	-0.088253886	-0.045351196	0.010081218	0.028263805	0.008705988	-0.047339577
0.010549597	-0.033682678	0.009213077	0.02561582	-0.05953138	0.0277103	-0.017563669	-0.015599054	0.095038556	0.036530778	-0.09234632	-0.08573576	0.009922118	0.008990256	0.08410821	-0.034507036
-0.069982395	0.041676763	-0.05810059	-0.05442253	0.011280014	-0.04055527	0.078579746	-0.012227856	-0.020934185	-0.012766239	-0.009884313	0.07856344	-0.009195923	-0.0868816	-0.05136247	0.047984008
-0.078654446	0.066510856	-0.006651358	0.011095492	0.0065185954	-0.05099337	0.063947044	0.083526865	-0.0842888	-0.082735196	0.0069903303	0.055988844	-0.043250825	-0.086125016	-0.022102766	0.047197666
-0.044391856	0.059383344	-0.06458722	-0.00024869083	0.00415183	-0.055254858	0.046770208	0.07390879	-0.077546515	-0.06535736	-0.005204092	0.07795989	-0.015481774	0.006496471	-0.07212781	-0.001991006
-0.08940051	0.038068235	-0.019123266	-0.024300903	0.03275296	-0.055501636	0.0021506764	0.05371868	-0.03831493	-0.07635788	0.04503202	0.019717531	-0.014965994	-0.028086832	-0.049840555	0.019070962
-0.07033752	0.024075247	-0.029586563	-0.0313499	0.066486806	-0.0068344446	0.04480681	0.0361464	-0.03923728	-0.023763722	0.067833856	-0.012850348	-0.06751962	-0.010137168	0.0025690761	0.02266089
-0.0781399	0.0035234906	-0.030467022	-0.059701324	0.08087725	-0.07027001	0.0817754	0.06501169	-0.09703871	-0.044067662	-0.004641918	-0.013751922	-0.081935234	-0.06932519	-0.025644056	0.027038412
-0.06737011	0.028385056	-0.003545719	-0.025730368	0.074878655	-0.074443355	0.03532105	0.0054139444	-0.049019355	0.0028204015	0.06290505	0.03944787	-0.07876312	-0.039915495	-0.03303106	0.04225472
-0.08467979	0.0001918692	0.010502837	-0.031333543	0.051290695	-0.017308075	0.028645104	0.06250852	-0.07366849	-0.057008192	0.017115999	0.058501948	-0.0076557393	-0.039519675	-0.018069493	0.002114904
-0.068003036	0.07812585	-0.026107376	-0.07936988	0.06359779	-0.024213532	-0.011555244	0.043573827	-0.017623343	-0.07324401	0.05137636	0.059797753	-0.018102325	-0.067436256	-0.030403176	0.025106654
0.023090914	-0.005554615	0.008944127	0.056351528	-0.035161015	0.079588905	-0.074902326	-0.021603951	0.071457	0.056022372	-0.08834552	-0.017194852	0.054916643	-0.006969778	0.034551717	-0.0027001745
0.08592006	-0.06182249	0.021474522	0.035486236	-0.0028935145	0.06133017	-0.0532872	-0.07558667	0.055197082	0.020120269	-0.085544564	-0.037776258	0.044037174	0.07498408	0.03608245	-0.052748106
-0.082070105	0.03667054	-0.00778883	-0.034690455	-0.01266094	-0.017278865	0.049244605	0.029093908	-0.034776207	-0.011665707	0.025577163	-0.0072798915	-0.0154740615	-0.05527732	-0.06252033	0.061045006
0.0033257408	0.04635259	-0.020681983	-0.077879235	0.062387057	0.010395475	-0.01407307	0.037098087	-0.08442399	-0.049662095	0.031658646	0.057636525	-0.0360095	-0.070420496	0.01117967	0.03487874
-0.028727554	0.017176798	-0.044552553	-0.071928754	0.030917779	0.0027067526	0.040449947	0.077561475	-0.0995389	-0.09302801	0.051074047	0.08234733	-0.051349435	0.006644525	-0.018210985	-0.0030442101
0.06422936	-0.088474445	0.06908552	0.032205537	-0.06370243	0.07328947	-0.07477286	-0.07338959	0.048309367	0.038777236	-0.00690115	-0.013358288	-0.010047985	-0.0024684407	0.079923056	-0.06034385
0.07849658	-0.023252716	0.037100665	0.034350622	-0.038953856	0.023736544	-0.07728522	0.0041229725	0.007815377	0.06871336	-0.027734734	-0.043281864	0.034192666	0.04019048	0.0603483	-0.03136412
0.07162077	-0.03435388	0.033582985	0.004316212	-0.01725909	0.07100051	-0.048467442	-0.033230707	0.0815658	0.06982836	-0.0855901	0.0077517577	0.056242462	-0.009225224	0.06335937	-0.02106346
-0.05864528	-0.00825604	-0.04285585	0.007904228	0.04246664	-0.056203116	0.07320717	0.0741676	-0.02607864	-0.05247829	0.029299451	0.0781948	-0.04470669	-0.05694285	-0.084125355	0.0286308
-0.037030626	0.054536726	0.013094195	-0.079747885	0.092496	-0.038112365	0.04281313	0.061224323	-0.015345958	-0.07545509	0.047727186	0.06380443	-0.064321116	0.0042932457	-0.06829031	0.06386726
-0.036370005	0.08313091	-0.06492334	-0.07175593	0.08529231	-0.06757809	0.05682399	0.02797229	-0.0018013582	-0.07854527	0.031284522	0.04260958	-0.04414571	-0.015399478	-0.025211044	0.082570545
-0.05455155	0.024760004	-0.054471254	-0.03728932	0.061745916	-0.016562756	0.0686468	0.012004682	-0.07385304	-0.0010152571	0.07443653	0.020905245	-0.06514462	-0.061929442	-0.009220234	0.05681042
-0.074262954	0.07858872	0.0056563206	-0.0822841	0.019637674	0.003347504	0.089228734	0.02350462	-0.03645946	-0.017907139	0.034939762	0.033366356	-0.027697904	0.006668822	-0.048508387	0.07655961
-0.026751341	0.045994624	-0.06370373	-0.007851288	0.08859838	-0.011372905	0.038225833	0.014352736	-0.060869467	-0.055185575	0.054503422	-0.004451363	-0.0047624055	-0.07046387	-0.057041302	0.022906438
-0.06048587	0.06703734	-0.0130889565	-0.05272737	-0.003168234	-0.059403013	0.048763003	0.0019173255	-0.055105418	0.0027036192	0.038121123	0.0058930484	-0.016522782	-0.007333458	-0.031140001	0.059923623
0.042918462	-0.034978487	0.07809617	0.082102984	-0.05979398	0.007909769	-0.028859975	-0.07909196	0.08376385	0.011897371	-0.07728327	-0.060346324	0.03116216	0.0828207	-0.008756974	-0.057763472
0.049872432	-0.06942047	0.08231104	-0.0043740827	-0.01740273	-0.009808358	-0.0031484815	-0.042193588	0.043098852	0.056060698	-0.00043083454	-0.028606065	0.0073896083	0.074054465	0.059033252	-0.0015640783
-0.039392896	0.016299222	-0.0077161873	-0.06635304	0.014081643	-0.028674386	0.032318603	0.022904526	-0.016060285	-0.08972575	0.03867795	0.040614653	-0.07284951	0.0022943197	-0.0765852	0.010906998
-0.043212112	0.062682204	-0.054456677	-0.005181719	0.091687195	-0.051726174	0.06830059	0.0005723744	-0.034184184	-0.054922495	0.0034015593	0.056507383	-0.04390191	-0.041887518	-0.06727824	0.06273138
-0.013441348	0.044505868	-0.048919976	-0.06304556	0.019149521	0.00908518	0.06557162	0.049408343	-0.056188826	-0.06631117	0.040912926	0.040263996	-0.079435326	-0.010951121	-0.067676574	0.06740369
0.07353924	-0.014782986	0.062459424	0.029866919	-0.060908105	-0.0030648245	-0.06640957	-0.017844591	0.06778532	0.08523906	-0.06736873	-0.023309447	0.07485629	0.076478854	0.079567745	-0.059558947
0.052763548	0.009771116	0.021165878	0.010890795	-0.047462236	0.08565971	0.013324832	-0.07028032	0.0053478205	0.041961446	-0.037255723	-0.051844187	-0.001183795	0.04875337	-0.011181461	-0.0054533905
-0.008678689	-0.049473096	0.059707277	0.049141604	-0.004603685	0.06096321	-0.07601191	-0.06034134	-0.0031950837	0.02837882	-0.0014166983	-0.05530283	0.056294255	0.012250543	0.04555473	-0.069745265
0.0094360225	-0.0016422041	-0.013507478	0.053822313	-0.028811865	-0.009986427	-0.036291137	-0.01230177	0.04655326	0.07999652	-0.026712699	-0.06165033	-0.014729361	0.013961826	0.05896668	-0.015862532
-0.06554444	0.07653639	-0.07444842	-0.033351716	0.036447	-0.040503178	0.024755243	0.049654007	-0.05071887	-0.041371733	0.05174714	-0.010405796	0.008268974	-0.038303975	-0.017206365	0.028341362
0.0678271	0.0072205104	0.0516795	0.005147684	-0.0046477052	0.088149264	-0.063273564	-0.013191107	0.04678333	0.040709227	-0.03530497	-0.08935463	0.07612183	0.033057902	0.0058186604	-0.08101531
0.014003298	-0.08207348	0.024394387	0.013768281	-0.0077185826	0.06889238	-0.022701692	-0.0111031355	0.07071641	0.023041394	-0.007712626	0.0063698636	0.012043446	0.048122328	0.044239987	-0.06759846
-0.0028966304	-0.0778959	0.043772317	0.04307895	-0.08527065	0.03843597	-0.08012619	-0.06586693	0.032214794	0.0002567639	-0.008280987	-0.014664233	0.0845728	0.007425991	0.0077712694	-0.076211624
0.086627506	-0.027077526	0.012946615	0.019234153	-0.038079567	0.018881667	-0.03317738	0.009168932	0.06691346	0.061964802	-0.081715204	-0.08209764	0.07267422	0.039187264	0.07717097	-0.07301756
0.003637665	0.045738753	-0.08105346	-0.052889794	0.048877887	-0.028045757	0.031194013	-0.0018286647	-0.044222243	-0.013613268	-0.0025448175	-0.006780755	-0.01761925	-0.029492268	-0.057438653	0.083579764
-0.053859334	0.011950812	-0.010833382	-0.034436505	0.040193398	-0.00092519296	0.053144827	0.06796764	-0.003339206	-0.07459432	0.0019291635	0.011623471	-0.04176611	-0.07334343	-0.022387793	0.013846468
0.010788746	0.08033687	-0.07456441	-0.007933382	0.07855681	-0.05518582	0.015515581	0.06592025	-0.018567996	-0.047303274	0.022630297	0.055624127	-0.054172702	-0.0432746	-0.07620992	0.047208354
0.060184058	-0.035687823	0.07093469	-0.0007942538	-0.084241204	0.025552291	-0.030111756	-0.08339979	0.09369657	0.08081907	-0.054973923	-0.033917308	0.0598992	-0.007910385	0.019528357	0.007744174
0.030944034	-0.009825123	-0.0034483133	0.04264874	-0.023357643	0.056362975	-0.026198808	0.00085747725	0.0573203	0.045543876	-0.056317635	-0.08386915	0.041416183	0.055755705	0.009492691	-0.062207866
0.011504213	-0.06147428	0.033664733	0.010989191	-0.045549106	0.0040796665	-0.05530974	-0.00769744	0.046578065	0.09184515	-0.037694585	-0.085438125	0.071813524	0.0800592	0.006756809	-0.023344602
-0.023795752	-0.0016424884	-0.03240136	-0.04241527	0.02282515	-0.002400367	0.055067252	-0.0055049947	-0.06342957	-0.061655242	0.0012266275	0.059398327	-0.065935224	-0.019649135	-0.07638363	0.06784597
0.0054468396	-0.0056152344	-0.010601204	-0.028225131	0.014120767	-0.06085312	0.019055592	-0.02267662	-0.025214883	0.008998205	0.031658616	0.021421187	0.025931437	-0.012800812	-0.029363498	0.05984118
0.08827725	-0.08510909	0.07726585	-0.0057239872	-0.036792442	0.06824662	-0.057526246	-0.054581255	0.04974319	0.07125628	-0.025425158	-0.0660859	0.019008353	0.036516674	0.011016782	-0.035185173
0.053942617	-0.03101353	0.01186652	0.038690362	-0.028568555	0.06543369	-0.089688525	-0.031451028	0.08815267	0.006364508	-0.011177479	-0.039209265	0.06725831	0.08698901	0.05535291	-0.026983416
-0.052914888	0.00999484	-0.062559344	-0.0028081366	0.08567111	-0.029278606	0.007978022	0.044818383	-0.016928868	-0.038160183	0.01915383	0.012977081	0.0059446096	-0.017770099	-0.023085283	0.02050301
-0.04558649	-0.010855236	-0.00012250089	-0.055639576	0.075959325	-0.083072394	0.022750877	0.084790654	-0.025937153	-0.06779831	0.042643912	0.06254609	-0.018061826	-0.044402264	-0.069183625	0.07250831
-0.04538877	0.008546955	-0.0147059765	-0.0005636291	0.008481987	-0.07964586	0.010361765	0.07518175	-0.06507021	-0.0753187	0.082935035	0.009634155	-0.06762434	-0.05336165	-0.023179552	0.039735373
0.06630729	-0.020987136	0.061311144	0.055543967	-0.015540162	0.09007447	0.0020273633	-0.0043278607	0.08114572	0.005450127	-0.007641044	0.004487711	0.004189825	0.084375896	0.046343174	-0.056293778
-0.017370196	0.07101011	-0.0018589305	-0.025783595	-0.0012090425	-0.018764826	0.085590445	0.08174261	-0.018703159	-0.07108573	0.046708293	0.053282678	-0.085365094	-0.052432902	0.0038490207	0.018780282
-0.06545086	0.010752037	-0.057184864	-0.011887109	0.020240959	-0.057240337	0.033726204	-0.0018084359	-0.05964178	0.0011764569	0.0058508012	-0.007990862	-0.017276311	-0.07067752	-0.0041109314	0.07688922
-0.03659575	0.050516527	-0.023980841	-0.084222585	0.045758385	-0.07068704	0.007718356	0.08590907	-0.021819746	-0.04447258	0.014234859	0.06589538	-0.032671876	0.0064038406	-0.03364576	0.08084175
-0.0007662916	0.043864053	0.00091470714	-0.0065361974	0.07784179	0.005435565	0.026036192	0.07192165	-0.05576876	-0.09603142	0.051891766	0.06342978	-0.03239151	-0.06113912	0.004319481	-0.004916076
-0.02661503	-0.0050141127	-0.011574508	-0.048835266	0.00027700173	-0.061919264	0.06256827	-0.009407936	-0.032292433	-0.056889955	0.06382546	-0.01393113	-0.061825305	-0.020921787	-0.06258586	0.06298608
-0.0143230045	0.03775885	-0.022313775	-0.0328487	0.05110302	0.0010578505	0.07552278	0.040843792	-0.005158974	-0.012829997	0.04702414	0.038436767	-0.025327673	-0.024822319	-0.027467463	0.058823235
-0.020281961	0.05136106	-0.027155124	-0.071869195	0.035944067	-0.010324893	-0.0015984478	0.04807111	-0.09085566	-0.06616462	0.07153463	0.015312879	-0.06936759	-0.06430978	-0.038781706	0.00045360017
-0.0050098095	0.038791034	-0.016628362	-0.06241598	0.083983555	-0.057614222	0.059486713	0.08011806	-0.042312924	-0.012633674	0.0029465668	0.04671749	-0.036782697	-0.009437158	0.0036771023	0.04546668
-0.010043116	0.07365052	-0.01754754	-0.0026835355	0.042449474	-0.07050174	0.028114272	0.048789877	-0.0005096516	-0.01427565	0.031953916	0.07566887	0.0040577785	-0.07622	-0.008861225	0.030252207
0.024030952	-0.009894607	0.03228632	0.049067937	-0.056302793	-0.002257909	-0.05799582	-0.023074904	0.053782705	0.024816256	-0.00888602	0.010151427	0.073842116	0.025403732	-0.0075750025	-0.04030971
0.036492553	0.006334408	0.059872784	0.009926833	-0.060419045	0.039267343	-0.01361119	-0.04906132	0.090908065	0.075204924	-0.022836184	-0.04505708	0.077999726	0.082216375	0.051984828	-0.0052212668
0.08215633	-0.03013532	0.019780928	0.023547223	-0.026070155	0.085539885	-0.004467444	-0.07016288	0.047225628	-0.0012429145	-0.022304557	-0.02879878	0.079467215	-0.0053469483	0.002628307	-0.036374845
0.007502082	-0.047852416	0.014500069	0.0073832227	-0.04252258	-0.007270407	0.0028241982	-0.06605508	0.04138	0.024179025	-0.050371524	-0.008657424	0.00056077447	0.0039876765	0.06493949	-0.03305631
-0.012986324	0.011586915	-0.05368315	-0.0707767	0.044257455	-0.074664906	0.02565058	0.025410693	-0.053619884	-0.07997664	-0.0035652956	0.071124986	-0.025405774	-0.00076798873	-0.008175335	0.043854322
-0.006681728	0.07320213	-0.08290697	-0.016850615	0.039100315	-0.037546318	0.013826811	0.0057249214	-0.046007995	-0.062678374	0.0035491532	0.0009405679	-0.006108325	-0.035990916	-0.009027161	0.020581832
0.07187457	-0.08732281	0.03873333	0.050677586	-0.06283021	-0.00445666	-0.03767165	-0.013566136	0.06304696	0.0367903	-0.07263378	-0.06927747	0.0021555142	0.03998614	0.022770502	-0.06658399
0.02766634	-0.034903266	0.04379677	0.038072906	-0.028108815	0.049866118	0.0014603372	-0.032634955	0.07143634	0.011389163	-0.0003246156	-0.03350726	0.08107189	0.08362335	0.0760547	-0.031013241
-0.0004962525	-0.08217915	0.05768555	-0.0016557554	-0.0022532076	0.06345568	-0.055802166	-0.03044287	0.023260225	0.050450806	-0.05858624	-0.024684288	0.07259792	0.029231502	0.08177353	-0.011083525
0.054947358	-0.046652943	0.016763413	0.05474301	0.011413198	0.093059756	-0.031361338	-0.030166466	0.05173607	0.06497104	-0.06331657	-0.0463734	0.022718549	0.055749264	0.049762603	-0.06629159
-0.008689675	-0.07032059	0.047144428	0.032949407	-0.07774093	-5.110346e-05	-0.024701163	-0.014919247	0.02950663	0.03869717	-0.069500044	-0.029387062	-0.003818005	0.07589089	0.02178231	-0.04461261
0.019336825	-0.026340017	0.04303484	0.004426567	0.0030719216	0.052415315	-0.026266163	-0.05099486	-0.0008944119	0.073463134	-0.005354087	-0.08421568	0.040306758	0.0321438	-0.0024228594	-0.091947496
-0.05691597	0.055606134	-0.061522353	-0.0028317422	0.011006473	-0.06080831	-0.00719033	0.06443997	-0.092771545	-0.03803628	0.0035508703	0.0522992	-0.0011860933	0.0037564544	-0.07307963	0.017615205
-0.010036634	0.0073344936	-0.02842081	-0.07067795	0.01544578	-0.018918956	0.025602106	0.005743219	-0.06940749	-0.028875593	-0.004179088	0.0672546	-0.035972815	-0.040556394	-0.053104732	0.017514879
0.06955365	-0.040918395	0.069123484	0.030873341	-0.0020551926	0.061186075	-0.050046254	-0.00697232	0.049577296	0.09613752	-0.061236054	-0.0632717	0.086075835	0.074115805	0.005393571	0.00070801954
-0.08286824	0.019932846	-0.04249344	-0.08247948	0.058138084	-0.017573738	-0.0033652848	0.059473272	-0.018172918	-0.047169648	0.08706298	0.08538221	-0.07309953	-0.03364751	0.00090740784	0.03390622
-0.0072040535	0.033587214	0.0007516188	-0.018257594	0.00500974	-0.07961369	0.046689186	0.08012456	-0.03649938	-0.08411565	0.035497148	0.08484271	-0.08623929	-0.07935517	-0.0441566	0.054761
0.07034013	-0.03434782	0.033342827	0.08346925	-0.057587776	0.06583336	0.004180888	-0.043822415	0.0037114422	0.035000198	-0.0361681	0.00088532513	0.0062009953	-0.0031777783	0.013251054	-0.05375346
0.0028028653	-0.0041968683	0.02824044	0.014408592	-0.0795566	0.088001855	-0.029779295	-0.001860844	0.06995113	0.040929217	-0.041292425	-0.02591112	-0.0017314065	0.04537593	0.052519806	0.0029261068
0.009552272	-0.01967651	0.07385099	0.014042083	-0.012019227	0.08450518	-0.010530809	-0.03305926	0.015258817	0.0056419917	-0.043554485	-0.019150367	0.051617954	0.070335835	0.07822333	-0.061695803
0.047237817	-0.024400461	0.03505571	0.02400465	-0.026400045	-0.007812788	-0.023444567	0.0062092002	0.062445637	0.07930742	-0.01635812	-0.0047324398	0.032525342	0.015169357	0.053891663	-0.052402243
0.00936064	0.023853721	-0.035110492	-0.045305505	0.0763262	-0.040690955	0.072098956	-0.013513094	-0.005678688	-0.053368468	0.022193037	0.024329126	-0.03869576	-0.021095091	-0.042446956	0.06653917
-0.07975646	0.06636116	-0.0107179275	-0.031827312	-0.0011888291	-0.062070467	0.033125706	-0.008181646	-0.041627254	-0.047474198	0.044316337	0.031215757	-0.019781798	-0.064855024	-0.07097813	0.04591287
0.010777733	0.068877056	-0.025969574	-0.0028259908	0.03412048	0.0120145045	0.011965661	0.027875157	-0.018426107	-0.031484436	0.030432615	0.04636645	0.01072544	-0.043753263	-0.044786148	-0.0044357846
0.07928588	-0.057067353	0.0899769	0.052698884	-0.037521318	0.06762332	-0.0017506693	-0.018193308	0.03841062	0.006306789	-0.057453744	-0.023283392	0.058180947	0.04735948	0.06667136	-0.0068174037
0.04861389	-0.030854989	0.0012011012	0.028690577	-0.030444121	0.026939452	0.006515507	-0.033397667	0.04605717	0.0367292	-0.06586522	-0.020346176	0.05850321	0.035728592	0.038211793	-0.07561722
0.013206094	-0.011137096	0.082602195	0.04358835	-0.039715756	0.0010267537	-0.04219456	-0.07239528	0.016659927	0.075337395	-0.07109217	-0.046711277	0.02982928	0.012054562	0.004232997	-0.07440553
0.07667929	-0.05177609	-0.004827514	0.031274505	-0.09113568	0.036465645	-0.050773423	-0.04838591	0.08350161	0.023309095	-0.0630562	-0.05928746	0.051741913	0.0026055325	0.040251024	-0.021496234
0.014727292	-0.070437215	0.06878008	0.05064946	-0.04463482	0.027661499	-0.075555556	-0.014913666	0.063055515	0.04918802	-0.030753108	-0.049511876	0.005730267	0.085340634	0.0065773902	-0.047961365
0.07499437	-0.06526518	0.052360114	0.011629962	-0.065320365	0.008068577	-0.0834227	-0.017946918	-0.007132868	0.035044134	-0.083931096	-0.053269185	-0.007114048	0.0651237	0.012210781	-0.05214284
0.0047976356	-0.025431449	0.056466695	0.028275749	-0.06240376	0.01773556	-0.017412737	0.0063815843	0.06832064	0.029510992	-0.0867232	-1.8469203e-05	-0.009808915	0.07590103	0.028433304	-0.017136712
0.083617285	0.010720947	0.057713304	0.026250087	-0.014904	0.017593829	-0.016586721	-0.015536333	0.07830365	0.0050179833	-0.039685085	-0.07264234	-0.010271959	0.08443215	-0.004765991	-0.03672695
0.015150518	-0.073213436	0.074259125	0.021769736	-0.09309068	0.066407055	-0.012910645	-0.027396861	0.096991524	0.021991005	-0.02142271	-0.02104022	0.01262206	-0.0037564053	0.04103031	-0.07671842
0.022385528	0.011096151	0.084561534	-0.0046856804	0.0005263666	0.047003377	-0.024029464	-0.024036985	0.0033361297	0.025881913	-0.025408758	-0.06022498	0.06984111	0.018688994	0.06247285	-0.007989785
0.03263743	-0.007533525	0.015889212	0.034790438	-0.016917802	0.08047826	-0.05847874	0.0010749325	0.075307705	0.023028592	-0.05421256	-0.04953406	0.03132723	0.019381968	0.073227316	-0.050536666
0.059985213	-0.04092681	0.07132017	0.037788615	-0.06575839	0.019322407	-0.045091256	-0.03953381	0.017485572	0.059840955	-0.04948913	-0.043461557	0.010201618	0.022827186	0.06891938	-0.05198924
0.057107814	0.006478737	0.033957116	-0.0045499858	-0.059612855	0.08480026	0.00468992	-0.08128923	0.012988111	0.07340283	-0.04131699	0.009533604	0.0792209	0.0074432874	0.006949937	0.005677754
0.011754311	-0.06117427	0.016536603	0.029793678	-0.061090305	0.019595932	-0.0787655	-0.068272494	0.08263153	0.058519796	-0.039150223	-0.015866747	0.002405732	0.080112845	0.04410934	-0.034971282
-0.028873866	0.04224957	-0.066148184	-0.043309074	0.00808684	-0.033218957	0.060371783	-0.00868262	-0.010147608	0.002874277	0.03347272	0.07030614	-0.04044784	-0.007771374	-0.061531544	0.05593887
-0.049473867	0.01251846	-0.0124065075	-0.032805797	-0.0038249046	-0.029025456	-0.0003385304	0.07453975	-0.08021208	-0.026853606	-0.011067039	0.08650531	0.006186016	-0.03222308	-0.05030727	0.05843143
-0.072677806	0.063973255	-0.039345812	-0.044657174	0.08055461	-0.07676288	0.08675233	0.05136653	-0.07100658	-0.09302206	0.011194161	0.061477028	-0.05337306	-0.00487167	-0.0465589	0.07887157
-0.021566859	0.025971659	0.0031600234	-0.068603076	0.07451957	-0.06783819	-0.011024877	0.00093044096	-0.071234815	-0.0030672343	0.0030571579	0.031320095	-0.0002806979	-0.0700123	-0.07096852	0.018687192
-0.07562129	0.044399504	-0.0023993496	-0.023305047	0.0663598	-0.032777563	0.05617023	0.02087098	-0.036013942	-0.018925885	0.053310733	0.018709391	0.0047052936	-0.0013400643	-0.05657472	0.06937647
-0.02388086	0.08660133	0.005158286	0.0050709457	0.016084336	-0.0360572	0.08562808	0.023045192	-0.012801155	-0.028040508	0.0063812337	0.046916604	-0.04145063	0.0061894096	0.008783183	0.04352483
-0.033022124	-0.011637537	-0.08623884	-0.027401324	0.064745806	-0.03388075	0.028725723	0.015695885	-0.028421162	-0.000684045	0.075345166	0.070361495	-0.03043034	-0.011321656	-0.06718208	0.0012602172
-0.041534815	0.08381194	0.0018605052	-0.024290927	0.05658565	-0.005875542	0.06977791	0.051996965	-0.015550435	-0.08145804	0.009979086	0.05977671	0.0007176738	-0.01270017	-0.040951736	0.046245396
0.078205705	-0.058027048	0.013625649	0.04088617	-0.09255942	0.052126937	-0.07706986	-0.0037818803	0.0889767	0.09036178	-0.06073866	-0.02177015	0.033358164	0.017988011	0.051354304	-0.08155679
0.02515839	-0.07690997	0.08599895	0.076003015	0.003717552	0.048266735	-0.069935925	-0.032982543	-0.0032855137	0.07231802	-0.0025385455	-5.6134682e-05	0.039666962	0.0342941	-0.0023766765	-0.030852282
0.07823109	-0.076060854	0.022041174	0.007682417	-0.018974457	0.08810229	0.006682186	-0.07641743	0.022237612	0.0115586035	-0.051170863	-0.075315066	0.050050255	0.06319439	0.013636157	0.00095106725
0.014566576	-0.06824235	0.0022063476	0.0676197	-0.036739558	-0.00972815	-0.043074343	-0.07023393	0.0068077073	0.09016145	-0.07825103	-0.012824023	0.06766209	0.013591382	0.049605493	0.0047202534
0.06446168	-0.06280288	0.004056616	0.06598393	-0.074699484	0.07298912	-0.04320585	-0.001973534	0.0742953	0.07540041	-0.04940844	-0.019544903	0.045588534	-0.0046634357	0.026391223	-0.012220028
0.004163647	0.0025619993	0.062163427	0.08202953	-0.009481922	-0.006608192	-0.047989216	-0.06541568	0.03073793	0.07769352	-0.07167051	-0.07767077	0.08408471	0.06481239	0.050173912	-0.07287573
0.010913492	-0.0839999	0.046684295	0.011481331	-0.07019556	0.055175826	-0.066843174	-0.028554745	0.026612185	0.06251296	0.0011659039	-0.075621665	0.018376457	0.04974533	0.050270166	-0.027755871
0.0022644184	-0.07600411	0.042459216	-0.0006663954	-0.047416873	0.054488022	-0.010135416	-0.044741135	0.07274781	0.07499017	-0.064871	-0.05986643	0.05352931	0.051291328	0.0003896643	-0.060344756
-0.067370735	0.07595045	-0.013610902	-0.07294402	0.054662123	-0.06365383	0.07656484	0.05497401	-0.09724427	-0.02523924	0.06870667	0.064850666	-0.014970098	-0.03080516	0.009253934	-0.00063039345
-0.047974937	0.038957372	-0.035821263	-0.08255425	0.079840325	-0.009198878	0.030140927	0.022282097	-0.043638088	0.0028938346	0.002654922	0.0673595	0.0043452643	-0.007463528	-0.022743028	0.019093579
-0.0057433476	0.04029758	-0.028756928	-0.08412302	0.010804633	-0.022522137	0.0085737	0.027383806	-0.037051264	-0.07802084	0.08357985	0.039248448	-0.03528571	-0.06188514	-0.043159716	-0.0025192332
-0.06654764	0.0017469107	-0.020804873	-0.08115652	0.008091622	0.003013841	0.011153294	-0.010843216	-0.024406068	-0.06327409	0.014419323	0.066398576	-0.08039845	-0.008149058	-0.007096942	-0.0072221593
0.0034592152	-0.038765673	0.0067218104	0.05633902	-0.015548763	0.05794803	-0.020762682	-0.0840934	0.035116833	0.033636693	-0.04034683	-0.010219398	0.0074360115	0.034834698	0.087823935	-0.0025536362
0.013156389	0.008095372	0.055154406	0.027906159	0.00058463856	0.010760621	-0.08211887	-0.045635622	0.010048066	0.058142494	-0.08679206	-0.02011573	-0.004317551	-0.00091406604	0.05631075	-0.0067877052
-0.0036973981	-0.03089536	0.03582368	0.015073687	-0.05422178	0.00859935	-0.011944891	-0.037208315	0.010681145	0.04895776	0.008768543	-0.0028113495	0.010843273	0.029737862	0.0374438	-0.038600326
0.060119316	-0.023394283	0.06547425	0.005690148	-0.091317	0.06323621	-0.019517487	-0.08674953	0.05031445	0.00084766955	-0.047570847	-0.06554286	0.020684816	0.0034700753	0.03297613	-0.07310123
0.082757	-0.08456531	0.03120728	0.054650337	-0.027358403	0.07505004	-0.0004118909	-0.026720917	0.012087157	0.027728477	-0.053035792	0.0008716285	0.04815977	-0.0069288453	0.06057885	-0.06878973
-0.048688143	0.07791623	-0.008660111	0.01056061	0.028860934	-0.055229507	0.05184254	-0.0054905727	-0.035288785	-0.038985375	0.08336547	0.018898845	-0.017756097	-0.04550449	-0.073122405	0.059392653
-0.050257664	0.0604709	-0.037179086	-0.04872787	0.0068414337	0.0005520844	-0.0032351278	0.08364264	-0.07261849	-0.004100353	0.041579023	0.03711165	-0.0026015127	-0.043691624	-0.040355194	0.006492407
-0.08014546	0.042562254	-0.08430009	-0.007870739	0.057253968	-0.021143664	0.023107346	0.07762353	-0.0520157	-0.058180038	0.03282143	0.014677983	-0.058454588	-0.008427326	-0.02823058	0.07522919
0.037330016	-0.027952498	0.02173034	-0.008692667	-0.051212564	0.056233916	-0.010821147	0.012326278	-0.00823477	0.05919359	-0.075583115	-0.00826407	0.06077308	0.024878928	0.041164447	-0.070073456
-0.00557224	-0.07444917	0.011535088	0.021335106	-0.024009602	0.012056308	-0.03425759	-0.08114684	0.04448514	0.066124365	-0.06880916	-0.07306536	0.014028923	0.007936444	0.051498108	-0.035485283
-0.0046562115	-0.029717837	0.011759508	-0.016303811	-0.04507908	0.070462696	-0.048131127	-0.07192165	0.06468581	0.042013783	-0.010018308	-0.042321812	0.00052847964	0.013898714	0.0053881025	-0.049144946
-0.036614947	0.04437665	0.00074626907	-0.060710214	0.0071406234	0.008625706	-0.013609398	0.07068471	-0.06542198	-0.08513018	2.5062654e-05	0.031302437	-0.036011007	-0.05440757	-0.022670353	0.058255877
-0.038047597	0.039832998	-0.028813986	-0.016079502	0.06392076	-0.049657412	0.03304159	-0.0010833426	-0.00081258593	-0.034818448	-0.006578312	0.052641544	-0.0027908506	-0.036670696	-0.04734647	0.005540193
-0.08415114	0.0050270143	-0.04115836	-0.023773808	-0.011125576	-0.026234899	0.023307633	0.0331446	-0.058413543	-0.06604835	0.0185396	0.051187553	-0.0021536131	-0.07606419	-0.064434335	0.05264555
0.08016775	-0.06865807	-0.0045786416	0.012927089	-0.019999227	0.043872412	-0.033355024	-0.07600213	0.09233188	0.03544535	-0.060244873	-0.061407227	0.024056146	0.031062834	0.07642977	-0.017917717
0.037710015	-0.013391327	0.033956226	0.04733538	0.010081149	0.0035920425	-0.06460317	-0.045955002	0.027379762	0.082069606	0.00510012	0.010033625	0.04938068	0.069737814	0.008187108	-0.018610062
0.0489512	-0.0611545	0.04441106	0.031669084	-0.009287181	0.01917526	-0.08381218	-0.027632225	0.03309887	0.029718023	-0.02723392	-0.01962553	0.07091643	0.075835615	0.07786243	-0.002814149
0.07541713	-0.006470427	0.049476665	0.07352692	-0.06956747	0.0026903984	-0.05478385	-0.024855752	0.07530951	0.083777785	-0.055697832	-0.06627059	0.086145565	0.034322426	0.0041282936	-0.036360335
0.033644855	0.0065467088	0.015683195	0.07217643	-0.034579232	0.067187935	-0.024124328	-0.072170675	0.014904348	0.0390003	-0.058290944	-0.060342748	-0.0057627135	0.057825215	0.02714514	-0.037330665
0.023900356	-0.0030017835	0.015073041	0.0064446344	-0.015183986	0.017559472	-0.038676277	-0.0792377	0.03176337	0.057417676	-0.0019881148	-0.02286691	0.034834344	0.047598183	0.06727211	-0.08098147
0.046075102	-0.03229802	0.047719102	0.08402794	-0.049484476	0.034946203	-0.07273311	-0.053721808	0.046716515	0.09507412	-0.032922912	-0.02009289	0.058015913	0.0022112594	0.041535974	-0.067898564
0.06469868	-0.013764839	-0.009125416	0.016225984	-0.014286869	0.03385475	0.006031291	-0.07752903	0.07483019	0.020392364	-0.03251083	-0.014008749	0.051582802	0.056448035	-0.00033871108	-0.033341605
0.06533433	-0.07678361	0.015047539	0.019441448	-0.041702084	0.03414915	-0.03897337	-0.02922859	0.029305853	0.011398656	-0.07583599	-0.05714803	0.018971594	-0.007716985	-0.0046003545	-0.015096053
0.074511714	-0.008300068	0.053371266	0.07972815	-0.017157534	-0.0046490743	-0.048328497	-0.06858493	0.023236636	0.013887291	-0.049461715	-0.064186394	0.055204473	0.019630415	0.07137597	-0.0769605
0.06047866	-0.028092258	0.015292944	0.075909704	-0.027202707	-0.0025607902	-0.012635828	-0.015564577	0.06780334	0.009758714	-0.02653653	-0.016907936	0.0533188	0.08526881	0.027242921	-0.052277442
0.013470437	-0.07080242	0.03484847	0.07928859	-0.06607266	-0.0015607005	-0.03485006	-0.07344943	0.020995371	0.054370183	-0.039486565	-0.062402096	0.014346232	0.0059295427	0.06757454	0.0067505543
0.029821524	-0.059964042	0.004575196	0.08369535	-0.060957327	0.005723285	-0.061416145	-0.03470756	0.007990387	0.035719205	-0.02357403	-0.053149097	0.013733731	0.00986244	-0.0069909208	-0.043427236
0.06371623	-0.049891613	0.05863877	0.054749932	-0.007853949	0.021279873	-0.07499105	-0.045499366	0.0042208713	0.066681534	-0.023611028	-0.032543924	0.032710966	0.014294185	0.0475765	-0.037800703
0.04138963	-0.0012269795	-0.010540117	0.062715806	-0.041725736	0.003196504	-0.022355793	-0.037483722	0.031488117	0.0757162	-0.036806647	0.0033095926	0.0856293	0.054885127	-0.010265522	-0.009193111
-0.019335497	0.043530863	-0.011261229	-0.0335221	0.013484872	-0.04215868	0.05421147	0.023540432	-0.009226904	-0.015781352	0.06426481	0.049627747	-0.004994616	0.006879235	-0.05418697	0.00064287207
-0.028077498	0.0065464466	-0.062052283	-0.046597548	0.019679705	-0.05701192	0.084920116	0.05908559	-0.02124578	-0.07259521	0.030830983	0.052427698	-0.05927822	-0.007624759	-0.054496877	0.060102917
-0.029429834	-0.0024292402	-0.010014134	-0.06410275	0.06120725	-0.04698812	0.0072058514	0.027481759	-0.059082128	-0.028750286	0.014036126	0.038546007	-0.07544373	-0.028058488	-0.07170907	-0.004708816
-0.030000456	0.053856533	-0.0802492	0.005712568	0.03756397	-0.064601615	0.048146073	0.069190934	-0.018241724	-0.042723536	0.031523924	0.08337562	-0.05887131	-0.029996173	-0.07193259	0.0823507
-0.002189896	0.046297405	-0.062009823	0.0127884345	0.020898068	-0.074906185	0.04109772	-0.0015668852	-0.072138	-0.0055539436	0.07306518	0.051522825	-0.030060802	-0.080607355	0.008015202	0.012239218
-0.025127398	0.055607323	-0.05096727	0.011180137	0.01408403	-0.008038611	0.006051021	0.031016728	-0.03299804	-0.09045158	0.06622082	-0.002871815	-0.015017608	0.005135485	-0.041418638	0.010962597
0.0075574787	0.0828372	-0.023911068	-0.020796575	0.05458501	-0.06567699	0.062887736	-0.016142702	-0.07432747	-0.017172093	-0.006931841	-0.01728925	0.012009529	-0.016460521	-0.03515525	0.009778959
-0.048209902	0.04608833	0.009744242	-0.0135178305	0.062936775	-0.008758969	-0.01490717	0.050314296	-0.025927132	-0.004346899	0.04030845	0.06403098	-0.032689042	-0.03810903	0.0013066356	0.07504943
-0.0445448	0.08100317	-0.02790983	-0.054554585	0.033046793	-0.025559457	0.0068316683	0.03780877	-0.06506266	-0.07970978	0.055582974	0.06647134	-0.034532808	-0.069964714	-0.018770056	0.021392696
0.010906163	0.048225287	-0.059383143	-0.0018806334	0.02312487	-0.022155927	0.05873458	-0.014027185	0.0057214573	-0.032159284	0.04479506	0.013728606	-0.026915345	-0.041152045	-0.025806583	0.037472375
1.3579835e-05	0.00042377866	0.033496443	0.04387331	-0.04676788	0.09325275	-0.08492369	-0.059286606	0.048717227	0.08980416	-0.087125815	-0.0063940245	0.08404569	0.05990534	0.06415098	-0.013352211
0.05329642	-0.011447714	0.04218862	0.06952223	-0.073750526	0.009244326	-0.04989734	-0.01811853	0.041683644	0.08686124	-0.051868007	-0.05135719	0.047920175	0.002215679	0.08786104	-0.042107865
0.028657949	-0.0153260715	0.034453474	-0.0025020626	-0.063603625	0.04014672	-0.03305919	-0.048209984	0.014101958	0.037160564	-0.011838873	-0.05429542	0.090036586	0.08298165	0.072821654	-0.0800121
-0.040383954	0.002104167	-0.07720209	-0.056993935	0.081164904	0.015558517	0.04832467	0.07311782	-0.08281826	-0.026201345	0.061428662	0.004330164	-0.07620299	-0.0703721	-0.00942916	0.028026363
-0.0460328	0.0026309509	-0.034275025	-0.024703894	0.0065334933	-0.06809694	0.0022368564	0.0393314	-0.07231207	-0.0511182	0.05916556	0.06433721	-0.05112161	0.0029088934	0.0065012453	0.07556979
-0.028632754	0.075608164	-0.06338152	-0.00049435074	0.035429977	-0.016767042	-0.006929905	0.034001067	-0.037390903	0.0026579974	0.034045964	0.034402322	0.016806476	-0.046228077	-0.07197129	0.001438153
0.049030215	-0.038573917	0.046927802	0.025081152	0.0022588293	0.046688516	-0.0053990553	-0.009505256	0.031892143	0.03479775	-0.0024253323	0.004787148	-0.0005879751	0.053268105	0.011265132	-0.030523147
-0.020945584	-0.000686093	-0.012493418	0.008296918	0.036668867	-0.05817636	0.04664581	0.0023636427	-0.06370145	-0.07534502	0.05565134	0.07010793	-0.052269377	-0.073178515	-0.018385604	0.050711602
-0.08537708	0.02079676	-0.060534686	0.005184651	0.045589454	-0.078105204	0.038796168	-0.011478034	-0.06763763	-0.08830122	0.07402895	0.08507503	-0.023013482	-0.012475857	-0.07221504	0.025270432
0.027457276	-0.071981445	0.0028107169	0.07681101	-0.040038038	0.08437428	-0.067870826	-0.028380869	0.046992823	0.011899751	-0.04089559	-0.017567385	0.05533698	0.066376135	0.005692644	-0.032944888
0.0758109	-0.07766086	0.040366992	0.06143898	-0.031246798	-0.0023681936	-0.056767065	-0.03951675	0.07497444	0.021542711	-0.021580812	-0.03550434	0.081513256	0.057676278	-0.005083404	-0.02429275
0.01614577	-0.036842223	0.052909255	0.002587002	-0.057802804	0.0107189035	-0.026287872	-0.07423575	0.056301434	0.0072796773	-0.082812846	-0.05995971	0.055673193	0.08148048	0.030574095	-0.021933647
0.08391313	0.0024279435	0.033261828	0.022467317	-0.04245594	0.0164012	-0.028284974	-0.018229166	0.0034379342	-0.0013462892	-0.0058822725	-0.056525476	-0.0053914655	0.031631973	0.05608362	0.0058558285
-0.008053072	-0.015264377	0.03452962	-0.012093202	-0.089225955	0.008937372	0.011451722	-0.0013617345	0.026401484	0.024985628	-0.058024604	-0.015963908	-0.0036164285	0.048504878	0.029685594	-0.028154945
0.06088272	-0.07749845	0.039123382	0.0525877	-0.015941726	0.08427305	-0.04343031	-0.07394691	0.03900539	0.02246718	0.0033926815	-0.08065511	0.008492125	0.006706675	0.038919896	-0.069322184
-0.05159952	0.012149583	-0.0039021594	-0.073283404	-0.0034295144	-0.01608935	0.015844434	0.049783807	-0.090197295	-0.07318437	0.07640319	-0.012941734	-0.005255078	-0.061709467	-0.037424326	-0.0035907915
-0.061153952	0.027157012	-0.021096008	-0.057556443	0.062092826	-0.07231411	-0.012930122	0.0051308223	-0.014617545	-0.073348425	0.07280401	0.037921015	-0.017769266	-0.04044842	-0.02441964	0.040703233
0.0062321266	-0.023317097	0.0767576	-0.01180195	-0.05336454	0.04460043	-0.06404985	-0.024217779	0.023233235	-0.001389705	0.012283566	0.0050469968	0.063413225	-0.001967574	0.007455817	-0.024943534
-0.03115844	0.039767865	-0.063347995	-0.086430654	-0.0038427492	-0.012579418	-0.0076483767	0.028990041	-0.10104574	-0.018222395	0.069633864	0.011846247	-0.06551998	-0.07742899	-0.00753178	0.078971736
-0.014481407	0.0031433685	0.0026192009	-0.030093873	0.014773786	-0.08871906	0.048464205	0.067401476	-0.059742548	-0.09376148	0.040385444	0.045810726	-0.034421206	-0.041267436	-0.03390538	0.015508084
0.013996329	-0.0152030075	0.03388387	0.047395818	-0.016979747	0.041962996	-0.073194906	0.0074489336	0.06936645	0.026963493	0.003958419	-0.017454017	0.0015249084	0.053204544	0.031774268	-0.071495764
-0.0066844793	-0.0392347	0.07941786	0.001638273	-0.08910111	0.030965498	0.0061978293	-0.026385136	0.019310588	0.09380385	-0.004941177	-0.06060749	0.011186571	0.04456217	0.0752679	-0.048180263
0.010635657	-0.0014756373	0.03566586	-0.010292031	-0.036919493	0.061650045	0.0096016005	-0.050456263	0.09979392	0.066407055	-0.05262583	-0.07428403	0.0507012	0.06759202	0.07294912	-0.067871384
0.041394033	-0.024709923	0.057816975	0.06896596	-0.05120904	0.036451116	0.0054925554	-0.018372964	0.0858842	0.040333595	-0.06412672	-0.087510094	0.07824044	0.0637037	0.04278713	-0.006727612
0.047908008	-0.05076584	-0.00027582343	0.04526248	-0.09699602	0.08995689	-0.031904705	-0.04555332	0.07543489	0.077074826	-0.013083799	-0.08409372	-0.00032866246	0.06145271	0.012804286	-0.071166545
0.07997875	-0.08428596	0.09080836	-0.006102742	-0.017052798	0.0304182	-0.0778768	-0.066808835	0.05636616	0.088034004	-0.014134042	-0.01768109	0.04593259	0.09189743	0.07671174	-0.034703895
0.08265527	-0.011283227	0.0018050596	0.0657086	-0.017178638	0.030954992	-0.07240221	-0.041161925	-0.0015923337	0.049024526	-0.0023646853	0.0027144996	0.04220141	0.026013084	0.042392608	-0.08676483
0.091096446	0.001482148	0.035915066	0.034684848	-0.06030386	0.064980745	-0.07252309	-0.050841954	0.042118344	0.027603853	-0.043578874	0.008081009	0.020546725	0.07113222	0.063140154	-0.044338312
-0.042104	0.043234657	0.016280454	-0.06575683	0.045339376	-0.00077672687	0.021981409	0.05004058	-0.06525951	-0.04456798	0.017059091	0.015473739	0.0050172447	-0.031769022	-0.07052969	0.049427696
-0.085371256	0.026679685	-0.042519614	-0.023039963	0.057021964	-0.069092385	0.039476313	0.06871097	-0.08930504	-0.031571623	0.0042328816	0.07779798	-0.043724682	0.009963422	-0.05961728	0.043494
-0.0030978164	-0.047326982	0.05312685	0.034718007	-0.08555828	0.06777224	-0.03181745	-0.03677714	0.013004154	0.010654414	-0.01982095	-0.01682681	0.043446675	0.031537786	0.005620409	-0.029917931
0.05144128	-0.03859068	0.04179294	-0.011127384	-0.06320736	0.06963438	-0.09162593	-0.047090456	0.07022894	0.03851628	-0.021576667	-0.06194541	0.0256952	0.08894316	0.066092566	-0.095427334
-0.053059015	0.026182968	-0.010324804	-0.063331485	0.08108597	0.0050904094	0.032162994	0.025319174	-0.081291705	-0.06563849	0.047519352	0.062769905	-0.014589149	-0.04580666	0.0013208311	-0.009300688
-0.00244116	0.070362255	-0.016312834	-0.03600633	0.014145804	-0.04870827	0.076042704	0.015037232	-0.043311775	-0.02033493	0.044444267	0.057471693	-0.051409483	0.0064051533	-0.06947213	0.009638878
-0.021535875	-0.0014462301	-0.02500274	-0.0712087	0.053703364	-0.055982474	0.060375337	0.04025705	0.00051420927	-0.02558087	0.012230836	0.018688137	-0.06756194	0.0043328023	-0.039526384	0.048263956
-0.04990884	0.03961579	-0.002794183	-0.010653257	0.050244518	-0.003920528	0.009651176	0.058127932	-0.046151336	-0.010515685	0.015449202	0.04915659	-0.060331944	-0.0035359492	-0.07915749	0.012183165
0.002245695	-0.06536503	-0.0045660893	0.050644994	-0.09080023	0.078512385	-0.0641665	-0.041447405	0.0020521826	0.07107351	-0.08866406	-0.08998467	-0.007787019	0.020404996	0.07201679	-0.08682173
0.059394017	-0.010847554	0.06659194	0.0003769774	-0.047678646	0.018012464	-0.09220263	-0.009075595	0.039624967	0.09285632	-0.034965117	0.0007470472	0.023175316	0.050613917	0.022953903	-0.013941728
0.0722768	-0.050305333	0.020286445	-0.0034129152	-0.06319745	0.08239853	-0.050003167	-0.06832483	0.08094913	0.014852531	-0.032280095	-0.0030426148	0.009854179	0.052462187	0.063413136	-0.04101063
0.08907148	-0.04023958	-0.0074147917	0.061003808	-0.03234696	0.060614258	-0.032571223	-0.0015613011	0.022607919	0.028461266	-0.06696194	-0.04468792	0.081327274	-0.0029303755	0.0074389055	-0.060053963
0.018235993	0.0041028555	0.0069518583	0.07364756	-0.039922748	0.094506994	-0.015941218	-0.04112053	0.053889006	0.06378181	-0.009441618	-0.00610642	0.0072087715	0.089147754	0.04916332	-0.0056194454
0.02604938	-0.041067243	0.05913688	0.01889067	-0.030680766	-0.00045433655	-0.020592025	-0.083247475	0.03731872	0.0777209	-0.06208293	-0.04144836	-0.0075789858	0.015231659	0.0005943289	-0.09305581
0.024380598	-0.032869942	-0.0054871812	0.017601022	-0.095794775	0.06524827	0.0058001042	-0.015169982	0.034995314	0.025068948	-0.01618152	-0.08120443	0.024918297	0.01064453	0.022102937	-0.063138485
0.04221295	-0.0025634144	-0.0058074584	0.08390162	-0.016799558	0.017390104	-0.008325131	-0.076953486	0.084867656	0.094739296	0.0018195835	-0.045483854	-0.003581572	0.044717703	0.06505726	-0.067491174
-0.036250807	0.05675437	0.0011675888	-0.014432872	0.019190695	-0.04958559	0.085903294	0.011924677	-0.0007675221	-0.05392188	0.037563194	0.049750723	-0.029797537	0.0006507292	-0.011849889	0.004383492
-0.06715136	0.05549311	-0.06020486	-0.001183437	0.08453575	-0.070780896	0.035071895	0.003856444	-0.027416654	-0.05759881	-0.010127073	0.078263745	0.000314825	-0.039924867	-0.0377244	0.046872627
-0.008533995	0.04715599	-0.035465505	-0.07422589	0.035218637	-0.05918327	0.07222346	0.0147570735	-0.07007249	-0.08514879	0.032155268	0.07014425	-0.016873548	-0.048459366	-0.0417382	0.05477457
-0.037891265	0.071986854	-0.072133936	0.0032839123	0.008971803	-0.03021897	-0.011586492	0.021407772	-0.010636595	-0.054610558	0.07197452	0.024090651	-0.00092204986	-0.07541092	-0.03718916	-0.0013915554
0.00064604613	0.0018626009	0.005085859	-0.07960416	0.043252118	-0.058526807	-0.006908304	0.07804438	-0.004583669	-0.051844683	0.07087492	0.0648905	-0.045024984	-0.06753227	-0.079812616	0.08307802
-0.07708071	0.07322039	-0.06362066	-0.050672617	0.013689755	-0.004931474	0.07920527	0.04212645	-0.00699929	-0.0785675	0.07950589	0.014040584	-0.052024484	-0.060025122	-0.0031610394	0.015488693
-0.008187699	0.04778296	-0.0760568	-0.016693566	0.038563106	0.007961531	0.068474926	0.039307166	-0.027038524	-0.071026094	-0.012093928	0.07615566	-0.01665082	-0.0294642	-0.026482748	0.059448767
-0.0774524	-0.002448075	-0.061836157	-0.027682148	0.001958193	0.0076161115	0.082699634	0.0060416926	-0.03711728	0.0013822269	0.039518252	-0.0077881822	-0.05725598	-0.0696744	-0.040444177	0.036242563
-0.051081695	0.031150613	-0.0717261	-0.05202669	0.067568	-0.03762664	0.07851042	0.022699615	-0.007756267	-0.045469295	-0.0070462488	0.022653691	-0.06755446	-0.018521313	-0.07133787	0.026415722
-0.054288737	0.05428562	-0.07161322	-0.052890062	-0.002581526	0.0060807434	0.0124690365	0.054523103	-0.07893947	-0.05399443	0.07003001	0.060649574	-0.0085264575	-0.006672413	-0.0106889075	0.0068253414
0.06373914	0.008968711	0.043345354	0.052723773	-0.044720646	0.00610233	-0.04799244	0.006224206	0.017881565	0.018179871	-0.047347892	0.0069296444	0.013669698	0.029772239	-0.0048612216	-0.015446488
0.051435992	-0.036339995	0.05150369	0.036315467	-0.019375797	0.043336958	-0.061952695	0.0044236407	0.005067904	0.067677915	0.0051741963	-0.010265608	0.089798376	0.019468365	0.042437963	-0.052862618
0.044159092	-0.046257373	0.04110158	0.0126223145	-0.09326597	0.05153078	-0.027185204	-0.0054799407	0.066748366	0.0145887565	-0.011525559	-0.07536268	0.050658043	0.08504312	0.07560188	-0.079654984
0.010053696	-0.01857756	0.07165393	0.052323893	-0.09505312	0.018079277	-0.085982986	0.004203385	0.0051491964	0.008984028	-0.009774706	-0.021881424	0.035992	0.021815643	-0.004062158	-0.0027532366
0.044917006	-0.04863484	-0.0020504924	0.043378398	0.001107251	0.05365543	-0.029392181	-0.0012966037	0.050784335	0.08348883	-0.043658473	-0.002705724	0.049755532	0.06292554	0.045753878	-0.0134548955
0.0691824	-0.056560136	0.043080997	0.07995427	-0.045057096	0.082186826	-0.07502758	-0.010315779	0.044117134	0.06081417	0.00023143174	0.008919302	0.041665446	0.029747896	0.082119204	-0.019771712
0.00572204	-0.05913823	-0.008596339	0.08618884	0.006218454	0.07523948	-0.015503767	-0.08701127	0.012376975	0.070147134	-0.025645802	-0.037194133	0.012880761	0.009737906	0.04797126	-0.038603917
0.035930116	-0.032804664	0.0337486	0.00766647	-0.07511718	0.07856878	-0.044949792	-0.082890466	0.08651477	0.02660461	0.0052990653	-0.015667502	0.08580063	0.07952102	0.055869468	-0.09266962
-0.021933386	0.032400925	0.006744174	-0.08468265	0.016026648	-0.07394447	0.005792396	0.050548606	-0.077557676	-0.03492283	0.08140958	0.040370997	-0.0775903	-0.007382005	-0.042033423	0.003323096
-0.08781851	0.075126916	0.00248743	-0.021079395	0.05152234	-0.03228647	0.007897095	0.0318143	-0.035780445	-0.0664629	0.028524008	0.0541016	-0.06375095	-0.048124332	-0.040574383	0.03743636
-0.08292783	0.07365431	-0.059840187	-0.08012486	0.040709432	-0.06882195	0.022162851	0.039138447	-0.01730107	-0.068416566	0.06218385	0.049100563	-0.016309774	-0.06812158	-0.068100035	0.033524353
-0.083897784	0.019620692	-0.013930164	-0.04462879	0.022894735	-0.03453144	0.013365186	0.05617656	-0.052450143	-0.028059285	0.03438571	-0.010632017	-0.012046429	-0.0032519067	-0.07772605	0.056548897
-0.07943882	0.03979	0.0038236517	-0.06967871	-0.0037514633	-0.0064810286	0.033307523	0.0600503	-0.084534384	-0.015650809	0.07566985	0.04191768	-0.036953077	-0.03570227	-0.0007963834	0.008250302
-0.036917128	0.075340874	-0.040316373	0.00891227	0.047942992	-0.05046239	0.028428799	0.004540751	-0.07100437	-0.009400108	0.08643936	0.048348136	-0.06668591	-0.00914918	-0.08352997	0.058039892
-0.040277135	0.036521118	-0.020787518	-0.009670526	0.031391274	-0.053528048	0.061109558	-4.553567e-05	-0.0096659325	-0.08794986	-0.0025462622	0.073978156	-0.073597826	-0.08933554	-0.0053532813	0.019612446
-0.039110776	0.004940087	-0.018518625	-0.04280787	0.015733158	-0.07803573	0.07266238	0.081111886	-0.079077534	-0.06375583	0.058864344	0.08255181	-0.03175118	0.0053327237	-0.018192675	0.07889381
-0.08800494	0.06647039	0.009907841	-0.00426034	0.01473593	-0.04957645	0.031050967	0.0668321	-0.0034773902	-0.05971402	0.02751286	0.032303326	-0.07340191	-0.022074018	-0.002837024	0.0711225
-7.649479e-05	0.030444054	-0.0056146635	-0.08560969	0.051873203	-0.0075903432	0.08574375	0.029047564	-0.0137776	-0.02559232	0.021713186	0.051884126	-0.011542304	-0.070556626	-0.013878637	0.051398925
0.07478476	-0.03081722	0.011301361	-0.00071273936	-0.032587264	0.003017061	-0.030876331	-0.013516469	0.024262486	0.01659569	-0.013175973	-0.04835766	0.017434578	0.028245213	0.044593684	-0.08364432
0.052391615	-0.029080473	0.05649878	0.007814512	-0.08121974	-0.0070298137	-0.08814954	-0.02673942	0.06604395	0.040316746	0.004491217	-0.004017923	0.036231138	0.065802924	0.062895715	-0.035873435
0.032048687	-0.008284428	0.051018298	0.026515016	0.006807536	0.03336233	-0.0013971116	-0.042598113	0.07502649	0.07654675	-0.0615599	-0.043060783	0.04233468	0.08267742	0.04695289	-0.023364754
0.032635596	-0.022213873	0.07878531	0.059769087	-0.014299144	0.056164674	-0.0013714834	-0.0581249	0.028764112	0.05531133	-0.07353427	0.0037453668	0.05943895	0.0143851945	0.0835688	-0.08256925
-0.035421968	0.08614721	-0.021495908	-0.011442908	0.08993751	-0.040494706	0.055538107	-0.003687982	-0.035622597	-0.0029963744	-0.0059390394	0.039338075	-0.03376683	-0.05221764	0.0148585625	-0.004593851
-0.020177368	0.060837965	-0.0045196516	-0.037777774	0.065282	-0.015128715	0.02061144	-0.010100593	-0.006937745	-0.0052996473	0.02471352	0.02577475	-0.053216856	0.007561114	-0.052346885	0.06610777
-0.030375207	0.029528366	-0.04812827	-0.036380444	0.034917973	-0.047898863	-0.015932266	0.07788965	-0.0033581513	0.00069038	0.06697772	0.012399915	-0.017289288	-0.020728797	-0.014768547	-0.007165162
0.02215477	0.007261735	0.03770561	0.04702961	-0.02806235	-0.002267196	-0.05181566	-0.07087627	0.051121023	0.044053193	-0.07910114	-0.08655159	0.010588229	0.077645145	-0.008702828	-0.04816263
0.019732077	-0.087315395	0.06286921	0.0050243214	-0.070700906	0.040749673	-0.031375773	-0.06248162	0.023679284	0.034102563	-0.014033833	-0.04612768	0.06569219	-0.0025086137	0.07073906	-0.035036918
0.051236063	0.003066556	0.038967364	0.023785226	-0.028030125	0.00899752	0.0031009552	-0.011753329	0.04386595	0.06963025	-0.02237871	-0.07710108	0.085457884	0.00371363	0.04999632	-0.04684267
0.030862927	-0.040479053	0.031924766	0.05413257	-0.0107191885	0.044437993	-0.032851577	-0.03403293	0.025728349	0.060019944	-0.061760683	-0.048371438	-0.006001192	0.02115746	0.03226629	-0.090979524
0.019746065	-0.04415091	0.014271853	0.08811055	0.0026873078	0.059060574	-0.03802921	-0.03791619	0.012366042	0.022131316	-0.06944115	-0.016146485	0.068257846	0.017241368	0.07926726	-0.0657416
0.04449171	-0.035023265	0.08582239	0.0091872625	-0.07700498	0.034008875	-0.033040278	-0.05264126	-0.0025092538	0.042237658	-0.021290196	-0.025941739	0.0008239206	0.050076287	-0.0022065884	-0.08645214
0.022948435	-0.016503632	0.043634668	0.038636032	-0.06899516	0.023495544	-0.007686722	-0.059893068	0.004423837	0.022685675	-0.065596	-0.026800105	0.06908136	0.061778057	0.04157852	-0.056027025
0.02727385	-0.024639342	0.002810865	0.047406938	-0.04791447	-0.0021526571	-0.0735067	-0.05142821	0.043591708	0.05260757	-0.01629357	-0.07744656	0.074067585	0.06627399	0.055838097	-0.0738109
0.01738242	-0.03717123	0.041967157	0.037884824	-0.034673654	0.032278303	-0.041916363	-0.004308755	0.03340256	0.09215653	0.0068869404	-0.04645121	0.03885821	0.045110438	0.02244638	-0.06453302
0.07273539	-0.021392068	0.06812024	0.032096848	-0.07208667	0.08857716	-0.040073346	-0.014916963	0.036550514	0.05574995	0.0039947648	-0.030301524	0.0746033	0.0042370525	0.025180103	-0.07748461
0.02656193	-0.045887683	0.036014345	-0.003569708	-0.00021211703	0.030375652	-0.062241036	-0.06312907	0.03954461	0.09480809	-0.074852295	-0.0783246	0.057073742	0.01608402	0.044303928	-0.04134664
0.051063225	-0.027278783	0.014254448	0.021281675	-0.06934433	0.083998784	-0.060149714	-0.084851675	0.044628937	0.03952923	-0.053453714	-0.0692404	0.079063214	0.00057426677	0.058054473	-0.024037283
-0.0040057297	-0.065280326	0.08701009	0.0018917324	-0.060508408	0.044554383	-0.08230789	-0.05828122	0.0028593717	0.00868669	0.00528055	-0.07350339	-0.000668973	0.073046535	0.046570763	-0.077654496
0.027766932	-0.05418879	0.09022073	0.01561386	-0.06236315	0.08241922	-0.044592015	-0.056309365	0.083473384	0.044753954	0.00063472503	-0.07247484	0.012679302	-0.008049757	0.019637138	-0.01160448
0.022396386	-0.006951269	0.06503362	0.059716903	-0.013199675	0.00014728933	-0.060065743	-0.00601216	0.08859091	0.0020212275	-0.079805925	0.007706307	-0.0020774705	0.02037929	0.047811225	-0.017672986
0.02069937	-0.0039891573	0.084958114	0.025309743	-0.083210394	0.042258352	-0.062417325	-0.08198809	-0.0030102984	0.02121201	-0.014564029	-0.030643381	0.036623593	0.017951664	0.020792807	-0.014450223
0.014784546	-0.053927258	0.060167078	0.014845319	-0.08336429	0.022135887	-0.022299275	-0.052749902	0.06726794	0.02969024	-0.024599338	-0.038402636	-0.008654207	0.076401174	0.029712478	-0.025198078
-0.006748857	-0.03581572	0.046104033	0.027472818	-0.039179016	0.08503706	-0.05869113	-0.07610598	0.018124612	0.014489169	-0.07398291	-0.032590028	0.0661452	0.0490701	0.046116702	-0.08303133
0.05887172	-0.072499916	0.06818758	0.05922309	0.009162268	0.08640744	-0.07783564	-0.08526252	0.046828203	0.077767946	-0.082858995	-0.065500766	-0.00916	0.083550714	0.08406152	0.0016660468
0.033244513	-0.056975227	0.012668434	0.025818007	-0.06806662	0.068623915	-0.0369579	-0.0037235995	0.016557327	0.0828046	-0.0031291228	-0.07580127	0.087364994	0.08004196	0.0875742	-0.05323549
0.09370176	-0.024961175	0.06826619	0.012186662	-0.011590532	0.011634984	-0.049580086	-0.027014026	0.054872062	0.023288915	-0.080555335	-0.06614843	0.036889203	0.07677916	0.07911073	-0.036308486
0.048494164	-0.043517563	0.051758956	0.03425433	-0.07088133	0.067785054	-0.061642528	-0.026252197	0.053967405	0.007903477	-0.07027303	-0.023540251	0.052527416	0.053363048	0.06236531	-0.04328394
0.08559485	-0.07480867	0.06755296	-0.0076970444	0.0017330345	0.002472853	0.0017617636	-0.012041866	0.058145866	0.04224692	-0.018699387	0.00254907	0.08234468	0.06488537	-0.00813807	-0.011191414
0.006357073	-0.020540461	0.04352843	-0.010786623	-0.008899999	0.05025215	0.009272213	-0.016916402	0.014332719	0.09338372	-0.031550635	-0.021984879	0.04513516	-0.005084334	0.05247768	-0.048149373
0.06838746	-0.06562708	0.047652386	-0.0051320726	-0.049086303	-0.0026745647	-0.07097635	-0.04545425	0.06131836	0.053953502	-0.041894257	-0.023319844	0.06281603	0.03865364	0.07681696	-0.032241575
0.010146518	-0.07219487	0.055723146	0.027316457	-0.07733386	0.012003959	-0.02666644	-0.058593035	0.09088604	0.036043	-0.011000679	-0.07464759	0.08723734	0.050445218	0.06601168	-0.0037378818
0.021711314	-0.05271454	0.05006075	0.08088023	-0.05903473	0.018293729	-0.043844026	-0.05256019	0.046379067	0.05976634	-0.065493025	-0.032593645	0.038305923	0.06552415	-0.008709691	-0.0524604
0.00084615615	-0.06084376	-0.0036422587	-0.0041920547	-0.0103400415	0.05321702	-0.009390769	-0.028991453	0.07907081	0.030952802	-0.06529604	-0.075938486	-0.0056809746	0.034866106	0.07856028	-0.08157203
0.018788991	-0.07888623	0.0029784655	0.040613525	-0.015489428	0.05226067	-0.052850235	-0.042705096	0.07121379	0.008411165	-0.071621716	-0.08879381	0.019085797	0.078629375	0.08851744	-0.045942992
0.08542145	0.0031382013	0.036387287	0.022566121	-0.039412692	-0.0024141355	-0.0405659	-0.072038166	0.0145131685	0.077427156	-0.08127875	-0.02604648	0.06692645	0.057604674	0.04458595	-0.009990511
0.025846472	-0.043531634	0.0013271952	0.04555828	0.007070382	0.060463574	-0.04714895	-0.084373094	0.08515276	0.08003411	-0.019582849	-0.023123141	0.061768916	0.09044491	0.0608906	-0.07367773
0.07320623	-0.0068369014	0.074991345	0.034411717	-0.053933226	0.06824514	-0.012526527	-0.073492564	0.009781553	0.026298309	-0.048957642	-0.083022036	0.0051116273	0.018752161	0.072867975	-0.060142305
-0.010582017	0.004477801	0.06733958	0.07212691	-0.061086126	0.068159044	-0.015934343	-0.051882144	0.01692447	0.069242015	-0.0658153	-0.06392845	-0.008806921	0.07518005	-0.0028872932	0.0024508398
-0.08338932	0.004427948	-0.034134403	-0.044349425	0.04768684	-0.06300456	0.07710628	0.010241883	-0.015120969	-0.041335423	0.0072098835	0.0075724185	-0.029674532	0.0068799774	-0.06930715	0.087630354
-0.04866351	0.037895516	-0.009343492	-0.07874215	0.05174661	-0.018267253	0.05863953	0.03997293	-0.09244339	-0.091026805	0.0655173	0.061723	-0.056456394	0.00071536825	-0.032959796	0.0013130772
0.07195634	-0.036626454	0.043247856	0.042126738	-0.05442643	0.0025258479	-0.033548936	-2.30332e-05	0.037056364	0.06197923	-0.028213965	-0.060733497	0.06497498	0.08413674	0.08517546	-0.07935948
-0.047380056	0.002937958	-0.070298426	-0.08454938	0.0038670294	-0.026546964	0.07620603	0.022067133	0.002743281	-0.077944316	0.02988192	0.07986928	-0.07442959	-0.05165159	0.016345548	0.06575001
-0.010481508	0.012953419	-0.0017905635	-0.06551103	0.07956379	-0.068855636	-0.005396855	-0.0085704485	-0.07534623	-0.0133082345	0.07401455	0.07759397	-0.06716542	-0.05597059	-0.0129298875	0.056198474
-0.010032507	0.056772087	-0.006584142	-0.07832421	-0.0013935246	-0.019478684	0.040288713	0.00580574	-0.033422496	-0.07591158	0.08069913	-0.006821518	-0.062157687	-0.07532762	-0.0105967205	0.027841587
-0.08195814	0.009254651	-0.06690324	-0.02744779	0.012857063	-0.074367076	-0.0021027909	0.024300765	-0.082823716	-0.023270955	0.02512	0.0636112	-0.047281597	-0.06356253	0.0022671828	0.078274354
-0.057270642	0.037420504	0.0075236317	-0.069236405	0.07535971	-0.08121862	0.016427198	0.07197352	-0.016900929	-0.010776496	0.018105831	0.02403167	-0.013181681	-0.07162754	-0.03414339	0.010485846
-0.07307969	0.081715904	0.01515349	0.00014619928	0.0699169	-0.039667696	-0.01309123	0.06943628	-0.0839074	-0.0680879	0.008716776	-0.001177526	-0.0047912863	-0.07168398	-0.028859843	0.021789124
-0.01635201	-0.002047178	-0.035664517	-0.04474968	0.02728182	-0.07594497	0.07113843	0.035341267	-0.05685977	-0.010371294	0.066297114	-0.0016512352	-0.052892726	-0.019042946	0.002912526	0.03249486
-0.030345602	0.07359057	-0.0340456	-0.00479325	0.07585012	-0.02418148	0.038814746	0.0690894	-0.083940126	-0.04525464	0.03238292	0.05702537	-0.02782227	-0.044326533	-0.054475687	0.08461018
-0.008520703	-0.009514871	-0.042939615	-0.08386981	0.039155312	-0.065202	-0.0066656857	0.059763465	-0.04656038	-0.003528873	0.06557728	0.0085018715	-0.047178656	0.009940505	-0.075234845	0.025515014
-0.064385556	0.078243285	-0.031983264	0.013908121	0.08938758	-0.054771375	0.08184179	0.050938647	-0.017880073	-0.0865296	0.077589504	0.028466027	-0.07035601	-0.085438855	-0.03467198	0.08340828
0.0033177233	-0.061289575	0.035643917	0.0612465	-0.07424712	0.06228375	-0.07883662	-0.04870001	0.09570147	0.06811009	-0.06099189	0.0077196043	0.0076839468	0.03883701	-0.0075727534	-0.09104121
-0.041894484	0.005445508	-0.072918236	-0.068184294	0.0457511	-0.06006526	0.05512969	0.04364984	-0.06448917	-0.005433783	-0.009917568	0.011331627	-0.059824478	-0.051376335	-0.08186021	0.05948311
0.0037652708	0.012083232	-0.054577965	-0.07277328	0.0051687383	-0.0074129985	0.003983726	0.064111724	-0.005095316	-0.055481676	0.0717927	0.06980475	-0.006042674	-0.05208096	-0.05626115	0.06797979
0.071771175	-0.021121431	0.06393386	0.074472085	-0.056975424	0.05535726	-0.023294497	-0.016861223	0.08846005	0.01666047	-0.06699322	-0.07954446	-0.008011052	0.06905062	0.0021200455	-0.03021015
0.06794207	-0.009367887	0.03426453	0.05980218	-0.009253099	0.034430202	-0.016114905	-0.029144479	0.02042356	0.0035925447	-0.03748129	-0.045926493	0.07326476	0.070969075	0.054766852	-0.017883554
0.029819932	-0.019668622	0.07162933	0.050496303	-0.002497311	0.025029473	-0.028140008	-0.06606044	0.05407104	0.06849815	-0.068551816	-0.0075194966	-0.0037407258	0.069095284	0.026071712	-0.035525557
0.031008985	-0.0496625	0.073165916	0.025097663	-0.031051274	0.017178819	-0.03605283	-0.08267819	0.03699873	0.05516926	-0.0020505793	-0.07219749	0.05778686	0.01758659	0.005642224	-0.090166494
0.009765906	-0.05040279	0.07739713	0.07639345	-0.07406563	0.01617969	-0.059160702	-0.0324135	0.033108693	0.05513626	-0.0087919785	-0.019300567	0.040014856	0.057714928	0.023932232	0.0051612165
0.0016684488	-0.07439082	0.040367253	0.008848912	-0.08375342	0.021742016	-0.02305442	-0.01701914	0.06442164	0.051203582	-0.06876763	-0.068590656	0.03808104	-0.0012797584	0.040486634	-0.003873608
0.08551023	-0.069504395	0.08326357	0.008761211	-0.01185493	0.01437344	-0.068422295	-0.011107176	0.011139673	0.007952044	-0.02167015	-0.06784748	0.08121071	0.017320001	0.070901364	-0.051276658
0.0893042	-0.035126947	0.04619124	0.06771705	-0.05288448	-0.009455635	-0.031273384	0.004538949	0.07691535	0.0029413656	-0.015940003	-0.008868417	0.0029063437	0.044375345	0.03218932	-0.08950542
0.025160454	-0.07547035	0.044108924	0.009194795	-0.046611734	0.07160482	-0.07463828	-0.06017418	0.05668739	0.08966454	-0.06559701	-0.07114895	0.08705998	0.06966901	0.029459111	-0.08817544
0.011918819	-0.06663966	0.042571496	0.0074239606	-0.062554225	0.008649987	-0.07061597	-0.014719099	0.034276947	0.054383904	-0.028557349	-0.03921906	0.08323428	0.059739433	0.07087324	-0.03749449
0.004462777	-0.058717433	0.03248024	0.0783074	-0.050300352	0.06740424	0.0064404625	-0.03959012	0.003236819	0.03712946	-0.07947089	-0.06781901	0.08388647	0.036344014	0.08789577	-0.0021827412
0.042842556	-0.0053226296	0.06773556	0.04637768	-0.054713428	0.04725785	-0.052347284	0.007915558	0.028767843	0.082593106	-0.051601328	-0.06973157	0.065039	0.080623165	0.06591425	-0.09119475
0.02434406	-0.005236068	0.038659003	0.05949565	-0.043095388	0.042451393	-0.023287177	0.0019401497	0.09780414	0.014134947	-0.033827037	-0.0056482675	0.031153513	0.0646852	-0.004527109	-0.06032419
-0.0017274339	-0.025156522	0.0058109253	0.009662249	-0.07300327	0.07204647	-0.021868948	-0.039593734	0.0646832	0.07485986	-0.08345345	-0.09087609	0.030893499	0.05050109	0.029344808	0.0035063815
0.013208771	-0.04511943	0.066950135	0.05738288	-0.020015417	0.045999374	-0.031818572	-0.059067417	0.09036013	0.04288658	-0.04948202	-0.011905325	0.03523752	0.013066383	-0.0046015284	-0.050718095
-0.03169915	0.053848702	-0.063771866	-0.06963215	0.010815801	-0.055293843	0.085304186	-0.012478609	-0.042163353	-0.07242565	0.03693871	0.012635549	-0.030208208	-0.047558494	-0.071962275	0.068515845
0.021428391	-0.04005768	0.04309869	0.07475352	-0.008054665	0.05786192	-0.07411268	-0.052378856	0.07577098	0.09125543	-0.021236135	-0.08235048	0.053287487	0.07709434	0.07608827	-0.067889705
0.010239824	-0.077634014	0.049636394	0.020056825	-0.015478447	0.08505719	-0.041758806	-0.03332158	0.04190657	0.010341152	-0.029689612	-0.002306587	0.030226264	0.022748424	0.047506046	-0.0636958
0.041028492	-0.008878091	-0.004310275	-0.0034166137	-0.043505955	0.0444009	-0.01112137	-0.051352017	0.07125743	0.059772547	-0.047549345	-0.06536194	0.025199939	0.01365312	-0.007010694	-0.0048761982
0.015914388	-0.07464393	0.047689125	0.07744956	-0.03066154	0.027244221	-0.07462754	-0.030209474	0.042619463	0.039858636	-0.028339827	-0.034607656	0.06566206	0.07935578	0.015219728	-0.0075617013
0.047002394	-0.08999108	0.06232082	0.055562973	-0.051021855	0.02853924	-0.058481522	-0.054674365	0.07922392	0.0117438985	-0.07977247	-0.048479266	0.008251826	0.061041284	0.063023224	-0.05614687
0.01583513	-0.038067356	-0.007356669	0.03861602	-0.036741067	0.0687876	-0.04971633	-0.013805553	-0.0019658674	0.040603917	-0.022256125	-0.03629526	0.01656702	0.05654506	0.056506258	-0.048998527
0.020811807	-0.019533819	0.06719106	0.050451074	-0.02427724	0.028382232	-0.02435378	0.0056567006	0.023657225	0.08743708	0.013712476	-0.01353057	-0.010617535	0.026106149	0.0702994	-0.031724162
0.066047475	-0.08775624	0.015820995	0.04595434	-0.06765694	0.019172156	-0.07766077	0.0077028456	0.08470005	0.042008173	-0.06160865	-0.031167533	0.048035786	-0.00030205844	0.061231125	-0.014663351
0.03481253	-0.00917085	-0.00051324	0.011013134	-0.005235374	0.034972943	-0.020958943	-0.079481214	0.02084504	0.031756897	-0.06296829	-0.015456201	0.01988752	0.051485367	0.020174056	-0.028399428
0.0075534536	-0.052685253	0.026069295	0.028065475	-0.078669526	0.03535785	-0.005200254	-0.088093996	0.030252459	0.069627196	-0.0044194073	-0.0034449173	0.024549268	0.08067266	0.05981625	-0.08528678
0.06173549	-0.008988169	0.059466936	-0.008595935	-0.09066992	0.059414983	-0.049525257	-0.073296055	0.045371644	0.06281514	-0.06574436	-0.06070168	0.07386968	0.0012341496	0.0494975	-0.002614241
-0.048703283	0.045750502	-0.072165675	0.0047918116	0.09003327	-0.043515697	0.08162459	-0.0082748225	0.0050918283	-0.06252865	0.02612413	-0.0036170748	-0.03743183	-0.051853247	0.0002588373	0.022995323
0.005577595	-0.008229744	-0.025722843	-0.07970614	0.055760622	-0.04355649	0.03411267	0.078690484	-0.062404864	-0.011503847	0.022364201	0.008075705	-0.03587709	-0.07985793	0.015578508	0.021569436
-0.06559001	-0.0072517246	-0.023302555	-0.012934674	0.05697366	-0.040353484	0.080818854	0.010043895	-0.01793551	-0.009374436	0.010142217	-0.016045764	0.0036229242	-0.061999835	0.0014665354	0.05346827
-0.005355525	0.07149679	-0.039204925	-0.081559375	-0.0038730835	-0.028804539	0.0269045	-0.0031781218	-0.009912465	-0.012191549	0.022645758	0.050863225	-0.061640274	-0.071050085	-0.07622536	0.0099169025
-0.07355775	-0.011123499	-0.08764801	-0.07799365	0.0677408	-0.057537317	0.08751845	0.043156277	-0.049745586	-0.01303191	0.010363825	0.04945995	-0.023886226	-0.04647331	-0.0077537964	-0.004519275
-0.06915552	0.024682596	0.007084067	-0.0049894676	0.04726914	-0.07623823	0.040875927	0.072899014	-0.044242542	-0.0047792024	0.03474949	0.009578382	-0.044604108	-0.022220181	-0.061665904	0.047446843
-0.027593674	0.011015466	-0.06889053	-0.052252848	0.071508296	-0.086488165	-0.010635212	0.07347697	-0.08722084	-0.07852212	0.0281861	0.06976459	0.009982319	0.008176077	-0.014987185	0.041051317
0.007828045	-0.07610328	0.07458606	-0.0028386042	-0.012065393	0.0043228175	-0.054195702	-0.080044456	0.019749573	0.06332095	-0.08931974	-0.065813236	0.08246451	0.03383866	0.07721973	-0.03475556
-0.058040157	0.081753165	-0.06497233	-0.025438111	0.010513614	-0.08594704	0.07249838	0.009540415	-0.050310705	-0.03900809	0.067498006	0.085954994	-0.014437292	-0.05609321	-0.067779325	0.028212888
0.0018431012	0.003633126	-0.05258836	-0.043694507	0.018391231	-0.020417431	0.06958533	0.08328974	-0.013282041	-0.09237962	0.057752818	0.05183422	-0.06921066	-0.058646586	0.0046828887	0.07830438
-0.023499712	0.05791462	-0.02358084	0.0009208622	0.004520945	-0.0670245	-0.0033806677	0.06458708	-0.029313326	-0.07146104	0.01126029	0.047509164	-0.08647491	-0.056091074	-0.04338871	0.042322166
-0.037417043	0.029702157	-0.011595334	-0.07781436	0.006996459	-0.014997232	0.028206196	0.05327916	-0.0648581	-0.07005678	0.06912418	0.080883265	-0.010159869	-0.08336858	-0.061727375	0.011269658
-0.0694599	0.06356037	-0.04401481	-0.032848366	0.04272686	-0.082575165	0.022834389	0.014169007	-0.04736907	-0.09354279	0.06719051	0.037939005	-0.06489355	-0.058717575	-0.04012206	-0.010293185
-0.06759775	0.024057558	-0.029103031	-0.07100131	0.08206651	-0.07839266	0.0642999	0.030397302	-0.0049943984	-0.0007726623	0.08059946	-0.01122825	-0.035250235	-0.012685784	-0.013917004	-0.00087465363
0.040530056	-0.08241285	0.04609298	0.002110024	0.0007116719	0.0019770071	-0.059621166	-0.068021186	0.0030416967	0.09089935	-0.02073166	-0.04752868	-0.0041474495	0.050181154	0.0659681	-0.0034851916
0.04721232	-0.010265531	0.09044612	0.040276352	-0.08076474	0.005533382	-0.07896127	-0.013636129	0.007821354	0.007945319	-0.0034365195	-0.055128295	-0.0053580264	0.08815223	0.011590613	-0.04439509
0.06894546	-0.051733006	0.06998301	0.017852172	0.005835652	0.042125314	-0.013612568	-0.031523354	-0.00069998065	0.03870294	-0.07078826	-0.028911652	0.06689241	-0.0067612906	0.035403635	-0.08473761
0.039219473	-0.021023745	0.041900743	0.06727733	-0.06453628	-0.005542691	-0.0044029723	-0.052334722	0.03367383	0.0022300791	-0.07633927	-0.030673148	0.043505218	0.017875137	0.03698541	-0.031825423
-0.024571126	-0.0019347115	-0.01719435	-0.07911251	0.0018036688	-0.076061584	-0.012587686	0.013049284	-0.070387766	-0.08546264	-0.0026982208	0.066842124	-0.0755193	-0.06999468	-0.0133995265	0.07655183
-0.07328873	0.038404427	0.01608492	-0.038565394	0.029504484	-0.038941406	0.03801471	0.011217367	-0.03095489	-0.05730923	-0.016601438	0.06626796	0.02002353	-0.07401193	-0.008077275	0.033147316
-0.07760727	0.043271493	-0.062304307	-0.066801295	0.06450583	-0.066939026	0.0799038	0.07831872	-0.03495279	0.010351273	0.03791277	0.033088636	-0.029807024	-0.05846307	0.0060828472	0.061173838
0.028286275	-0.00074235373	0.011399221	-0.007378063	-0.086570464	0.04301391	-0.047821384	0.0009917058	0.0803191	0.07892075	-0.019455617	-0.024071325	0.037580833	0.0429026	0.06281852	-0.07255986
0.063479185	-0.06652313	0.02598748	0.0024919328	-0.045268748	0.012559744	-0.035563968	0.0028443513	0.0062479707	0.0649885	-0.06522799	-0.06388217	0.021847464	0.036489915	0.056109417	-0.041324772
0.08519957	-0.07984024	0.02381188	0.037638213	-0.026680145	0.08270925	-0.06301212	-0.008527621	0.076184995	0.0942191	-0.06670263	-0.023389943	0.036038574	0.054390054	0.0073719164	-0.0092047015
0.08700601	-0.062370192	-0.010792544	0.043211382	-0.009788709	0.042163745	-0.032903288	-0.012650267	0.0062173354	0.02764835	-0.06973653	-0.0056387633	0.011685915	0.081889026	0.036905747	-0.05315472
-0.030313056	0.08557174	0.0077744867	-0.049594242	0.08725544	-0.04649919	0.07791758	0.041022997	-0.05960458	-0.021249603	0.080007814	0.047382183	-0.009744175	-0.018149402	-0.062535	0.039905854
-0.08020104	0.08717892	0.008503766	-0.04221786	0.04575667	-0.023097174	0.06330118	0.07666059	-0.064321704	-0.07021878	-0.0014828284	0.0681378	-0.020105053	-0.043265145	-0.011233985	0.03723813
-0.0059356927	-0.04773242	0.013594046	0.010580648	-0.04118204	0.03782158	-0.06727976	-0.07798108	0.026346717	0.022081038	-0.021942481	-0.052338876	-0.009027647	0.041142777	-0.011740394	0.0047044447
-0.008748233	0.0038357438	0.0728419	0.019707248	-0.05411966	0.07503284	-0.049169976	-0.050122995	0.0799338	0.011578402	-0.041249126	-0.008399052	0.034076653	0.07311505	0.070271835	-0.02225819
0.057320055	-0.021811403	-0.003461084	-0.01018274	-0.08634543	0.07689375	-0.004671082	-0.026495922	0.07453796	-0.0036663236	-0.072195224	0.006913795	0.076161675	-0.008717953	0.053009085	-0.07267316
0.0019915325	-0.0023555811	0.035032522	0.009373406	-0.057652935	-0.008286584	0.003986268	-0.030673373	0.043189414	0.025215477	0.003215228	-0.046408974	0.03742712	0.07164615	0.08125199	-0.019022455
0.060970772	-0.054769278	0.052119285	0.027042339	-0.034885477	0.038395986	-0.05674235	-0.060472127	0.00470908	0.07216212	-0.00902144	0.008477126	0.047308657	0.054059148	0.07716897	-0.08733174
0.0049790205	0.014328325	-0.024375623	-0.08236594	0.011755355	-0.05198932	0.08017636	0.077865414	-0.087555505	-0.04133974	0.06407222	0.018768547	-0.06329602	-0.064591974	-0.005642169	0.068069406
-0.038957324	0.07283756	-0.082747936	-0.06160225	0.006982749	-0.049586054	0.013241934	0.085757405	-0.024794959	-0.049107607	0.04754567	0.051490217	-0.019364273	-0.010282936	-0.00689752	0.04863104
-0.037825692	0.0007774463	0.0052173655	-0.06210822	0.06347819	-0.025141645	-0.004705682	0.03516922	-0.032006465	-0.03353691	0.021325268	0.021932503	-0.02449642	-0.05924863	0.0073566646	0.058993783
-0.07950727	0.07328831	-0.06135725	0.012179434	0.0056164013	-0.033752866	0.0667633	0.04325236	-0.05625209	-0.012028966	-0.007991891	0.07040866	-0.032015562	-0.03938755	0.011748019	0.07796394
0.038154233	-0.024967745	0.047057	0.043087617	-0.077930175	0.019578267	-0.057920408	-0.021321785	0.033731885	0.060975477	-0.026253607	-0.006240432	0.055510785	0.021173192	0.075484976	-0.0602342
0.08825635	-0.072619654	0.03152618	0.029075418	-0.03992301	0.060551792	-0.037323788	-0.04514928	0.08731919	0.06333035	-0.026157837	-0.047155242	0.015653456	-0.0026277232	0.049269997	-0.022845756
0.08188	0.0025009532	0.010736529	0.009441412	-0.007320128	-0.007697853	0.00279344	-0.02574477	0.06503452	0.055587634	0.0066175913	-0.009082685	0.027397593	0.07584978	-0.00534147	-0.05820093
0.05277263	-0.06781557	0.017185625	0.03150495	-0.09120294	0.06844435	-0.05544909	-0.022272602	0.046491407	0.0747832	-0.040187187	-0.043876294	0.082874864	0.06447671	0.055542693	-0.029687766
0.087677054	-0.050455824	0.018568093	-0.007598314	0.00513279	0.039009098	-0.009679557	-0.008348586	0.06379852	0.04783941	-0.03442546	-0.008186073	0.012967873	0.045260884	0.047848318	-0.0754366
0.007990607	-0.018369561	0.005263362	0.08032073	-0.078896604	0.022703616	0.0039204657	-0.040442105	0.031685602	0.068430774	-0.01315772	-0.043523397	0.010074069	0.0073415944	0.07380232	-0.09315892
0.016233465	-0.039368585	0.028542625	0.0293832	-0.0037026433	0.091981046	-0.07203806	-0.02364901	0.022142917	0.069894895	-0.05487394	-0.033585303	0.08228324	0.028593957	0.070938036	-0.041939683
0.07623321	-0.01496271	0.08241935	0.0021679706	-0.05502796	-0.004399773	-0.042262107	-0.07823436	0.049585935	0.05745477	-0.091237016	-0.0651588	-0.0024801886	-0.0018936247	0.08255383	-0.056868345
-0.00067974476	-0.024350911	0.06525145	0.03142866	-0.081408426	0.024018714	-0.084717624	0.0018410148	0.091247275	0.07989285	-0.00085214595	-0.07097307	0.030704502	0.020567998	0.0898505	-0.033748046
-0.04533532	-0.0070799263	-0.015830232	-0.081181355	0.015782403	-0.02808212	0.04647575	-0.0011725042	-0.0013399153	-0.076596536	-0.010658903	0.0034711724	-0.07529793	-0.031885702	-0.06148639	0.0646294
0.007386616	0.031800564	-0.043540064	-0.07416783	0.027193042	-0.0060872254	0.029480739	0.06878074	-0.06638526	-0.07637531	0.060076904	0.0028044607	-0.025807224	-0.057787098	-0.012259393	0.014831593
-0.08692618	0.0139348265	-0.010389146	-0.08267238	0.060137726	-0.055985462	0.008225762	0.01897672	-0.079191454	-0.06831226	0.0042261695	0.009475496	-0.027129546	-0.021769896	-0.0035187905	0.03669474
-0.05471349	0.04352929	0.008253296	-0.043180715	0.03139285	-0.036086246	0.0749108	0.018100629	-0.044695187	-0.02486098	0.08044666	-0.011714556	-0.06833567	0.0046086637	-0.060021076	0.04045188
-0.015481856	-0.0031665787	-0.0035885726	-0.088164106	0.0892392	-0.047026373	0.036563825	0.06478869	-0.09029869	0.0017737736	0.0017047734	0.021520637	-0.0014197148	-0.08030081	-0.075770535	0.085158795
-0.00058938406	-0.0019005279	-0.029096251	-0.04246483	0.08901301	-0.009916335	0.07715932	0.07190329	-0.0144054955	-0.0884956	0.020349078	0.00081928493	-0.087153375	-0.018580329	-0.021629045	0.060418792
0.04677657	-0.012156695	0.075720586	0.0027160994	-0.015755367	-0.011521541	0.0086857695	-0.004702339	-0.00061396963	0.02590974	-8.560979e-05	-0.013601637	0.05382761	0.06834968	0.046139594	-0.037157502
0.084257275	-0.018300684	-0.006619057	0.04215565	-0.017463714	0.038538683	-0.048280146	-0.066900074	0.022780625	0.02656198	0.008287957	-0.04690335	0.057284523	0.05824507	0.08435203	-0.06411755
0.02885143	-0.07985532	-0.0076510534	0.013325123	-0.008361417	0.07141887	-0.03804502	-0.05492299	-0.00037081295	0.071163595	0.006144398	-0.0024732295	0.014855085	0.0324513	0.0068123927	-0.049291257
0.016246196	-0.010949725	0.0072306707	0.030361414	-0.07851448	0.001479722	0.0058987127	0.013364929	0.03457526	0.056346223	0.006348246	-0.040354613	0.03599735	0.0800866	-0.004143457	-0.031926036
0.04714764	-0.054190584	0.052641198	0.012886745	-0.082084745	0.0323955	-0.03930053	-0.0142519595	0.0057222485	0.038083103	-0.02219902	-0.083668865	0.02210717	0.05576066	0.010221035	-0.071899004
0.072756566	-0.04373782	0.088275425	0.015482629	-0.07348704	0.016095418	-0.013161038	0.00969539	0.0761407	0.084513806	-0.06362998	-0.06314339	0.059662424	0.04042794	-0.0018674715	-0.004070019
-0.01993618	0.029658314	0.001324179	-0.033668008	-0.0010574709	0.00072296	0.009295509	0.042663887	-0.09550487	-0.013298857	0.058886394	0.02583962	0.0055606267	-0.041651428	-0.030844616	0.05054638
-0.008640384	0.04566788	-0.061505627	-0.0763709	0.02248644	-0.04347419	0.026991138	-0.013209849	-0.07293498	-0.050880756	0.0376735	-0.01624323	0.0014906733	-0.062410984	-0.035625193	0.07586496
-0.03763674	0.011772952	0.0027785783	-0.011280013	0.0662458	-0.0074782367	-0.008448297	0.0621343	-0.033631667	-0.08220925	0.055326138	0.029141568	-0.05211556	-0.033341974	0.011829412	-0.003918486
-0.046055395	0.043788455	-0.016842578	-0.050378148	0.021894991	-0.05548378	0.058439504	0.03948454	-0.04318419	-0.07789486	0.0119175	0.013021657	-0.042406134	-0.07343997	0.007328522	0.030604128
-0.0096856	0.029575586	-0.061292257	0.009497354	0.021322072	-0.038688812	0.033383112	0.021546228	-0.06374548	-0.017216446	0.041108157	0.06480274	0.012114819	-0.007849279	-0.075427026	0.052859504
-0.05849913	0.018892478	-0.051378887	-0.018499896	0.08971826	-0.0029995984	0.06893074	0.003109682	-0.09686918	-0.031022105	0.026592448	0.025140963	-0.052186657	-0.016310297	-0.046135917	-0.0044083116
-0.04036464	-0.010032834	-0.05780312	-0.07784878	0.038718536	0.003498733	0.052510962	0.07131753	-0.07981791	-0.07935612	0.0102436505	0.0663063	-0.080514714	-0.0058486233	0.008911066	0.00732699
-0.040011723	0.035722684	-0.07124781	-0.0016507452	0.012195334	-0.042525914	0.086826146	0.07875413	-0.014088827	-0.044467784	0.031122744	0.045872413	-0.0118998485	-0.0022826653	-0.0062737735	0.012331343
-0.0011201374	0.06881984	-0.017997716	-0.010275336	0.088569954	-0.049468078	0.043008443	0.040218573	-0.0598175	-0.010823965	0.07441073	-0.002925324	-0.050159264	-0.02734423	-0.0729777	-0.0071250442
-0.0895765	0.013558603	0.0075066597	-0.05166463	0.042620145	-0.08343605	0.02360141	0.07036176	-0.031700872	-0.016375672	0.006144428	0.016452765	0.005477141	0.0058918595	-0.06484304	0.050565954
-0.022773812	-0.008889337	-0.060719598	-0.041140806	0.040049262	-0.055530254	0.004442239	0.023011444	-0.077015616	-0.023494625	0.006167603	0.047985666	-0.029796433	-0.03148196	-0.030309217	-0.0072510233
0.02681604	-0.07745426	0.05583079	0.050395332	-0.014174365	0.062770694	-0.005328084	-0.07733367	0.016349653	0.023214113	-0.084415816	-0.009883829	0.07330048	0.0010726155	0.07552251	-0.0098972535
0.023857787	-0.07753858	0.07928576	0.08371731	-0.040614616	0.086739115	-0.008134238	-0.04658231	0.009314905	0.06922293	0.00035454062	-0.03701607	0.03305191	0.042460468	-0.0049669025	-0.09358585
0.07169406	-0.08671535	0.07903306	-0.0017420849	-0.024294361	0.07772935	-0.042119112	-0.036962062	0.093280196	0.06402744	-0.016442295	-0.0794164	0.058036845	0.008192644	0.055172738	-0.046157636
-0.08744637	0.013286192	-0.036939405	-0.007735248	0.057812717	-0.04878454	0.0524332	0.02854052	-0.081615984	-0.014759511	0.019190557	0.03884394	-0.046739593	-0.04763643	-0.06026309	0.08414596
-0.0029101477	0.03202674	0.006480295	-0.034526616	0.09174557	0.0081974305	0.062339533	0.07614517	-0.015509072	-0.01145079	0.020994617	0.029631726	-0.018754732	0.0014592161	-0.0022341167	0.040949263
0.005880262	0.03773265	-0.050564148	-0.032196093	0.04589487	-0.07216884	0.04771445	0.01375312	-0.052956324	-0.08073189	-0.0041927905	0.013312398	-0.01293357	-0.06863799	-0.0650951	0.07273175
0.072153345	-0.0135141	-0.010447029	0.033387005	-0.038247958	0.0634091	-0.030821892	-0.013916247	0.0014797592	-0.0035672043	-0.07618802	-0.06765413	0.081551865	0.020736735	0.03266752	-0.019912561
0.0610258	-0.060679547	0.04933178	0.024492837	-0.07137011	0.058955975	-0.080400385	-0.06332867	0.038217705	0.031386312	-0.04368484	-0.057303492	0.07023324	0.06708443	0.03272487	-0.0022029853
0.057971373	0.011827698	0.041069895	0.046032134	-0.064574026	0.06004961	-0.039297514	-0.047471315	0.061857972	0.041694306	-0.0046335016	-0.03380402	0.05492077	0.081852905	0.034280147	-0.04073641
-0.05550898	0.010980385	-0.029753717	0.006041622	0.06412387	-0.08300605	0.074489795	0.039252806	-0.05123248	-0.028990155	0.06878486	0.008275116	-0.0026662454	-0.0794466	0.008027849	-0.0047649476
0.069084264	0.000808149	0.048696756	0.06854498	-0.08211738	0.0741002	-0.031555433	-0.021362226	0.09395446	0.008898576	0.0020724486	-0.024914827	0.08279588	0.08078722	0.009541316	-0.043422997
0.049808454	-0.047469266	0.032006413	0.009915788	-0.026827268	-0.009127167	0.0059128385	-0.0030643898	0.00367171	0.09337037	-0.049411662	-0.031731114	0.036611844	0.04469533	0.07233233	-0.005205292
0.094447516	0.0049766903	0.09192738	0.06836262	-0.09354281	0.052660573	-0.08339063	-0.041305482	0.002150262	0.0167368	-0.045606483	-0.032527536	0.0139954295	0.017098386	-0.000790953	-0.022083262
-0.060013216	-0.009757067	-0.0034608652	-0.016304288	-0.0022850754	-0.025671463	0.014654467	0.001765877	-0.08402875	-0.070843145	0.07589707	0.008078419	-0.05697687	0.0018880832	-0.051801864	0.0013906894
-0.006167126	0.004673301	-0.042784568	-0.083012715	0.06649841	-0.08264457	0.045940984	-0.0058971047	-0.03593466	-0.03008509	0.049295135	0.06594163	0.0035143641	-0.034411054	-0.0082314275	0.08503559
0.024561558	0.007090533	0.06904516	0.04252195	-0.0040230495	-0.014651592	-0.04715229	-0.07637869	0.05312125	0.061200123	-0.011690987	-0.014203447	0.006966426	-0.0005727166	0.0026129577	-0.046588674
0.015743105	-0.08577677	0.03377744	-0.0065373206	-0.085803255	0.030769518	0.009206009	-0.06913616	0.064634666	0.07300694	0.008941842	0.0026356843	0.02577407	0.06942646	0.07004684	-0.084202886
0.08797637	-0.0793227	0.028836615	-0.0078342445	-0.02933483	0.048902478	-0.059439752	-0.048895385	0.011397072	0.079138905	-0.017250374	-0.06352593	-0.010932975	0.035193495	-0.005681865	-0.04545809
0.08286942	0.008986671	0.015732158	0.047634218	-0.028905502	0.07733053	-0.084882654	-0.049928155	0.05709365	0.030768644	-0.032823373	-0.080162145	0.017244505	0.030416721	0.08052084	-0.037019715
0.046647754	-0.054720853	0.027832443	0.027192397	-0.021791859	0.035740804	-0.021904612	-0.090039514	0.07591874	0.027948441	0.004497832	-0.035980098	0.07062755	0.07403828	0.079044916	-0.033294518
-0.0044944524	-0.045418248	0.08797502	0.017239043	0.001194663	0.01339548	-0.082100585	-0.060537353	0.07847535	0.04662146	-0.06682345	-0.004291837	0.08539774	0.06981868	-0.009334567	-0.046179343
0.016597323	-0.04282067	0.07980007	0.061894156	-0.052245356	0.03171627	-0.059923943	-0.055852756	0.098038204	0.090166055	-0.0648619	-0.035889458	0.0008064382	0.02021303	0.07024714	-0.019528408
-0.07480676	0.03502758	-0.024709925	-0.043935195	0.012618443	-0.057182558	-0.009201271	0.0695237	0.023360947	-0.03931442	0.056864418	0.016420051	-0.024062628	-0.013465233	-0.06628294	0.022122461
-0.026924828	-0.0052789315	-0.033138722	-0.008964453	0.055191163	-0.032129474	0.028417883	0.005037543	-0.05099745	-0.03499715	0.005729471	0.064707994	-0.022553612	0.005208084	-0.027029132	0.0025987222
-0.07260866	0.0148484595	-0.054861564	-0.06538069	0.0176265	0.0065817614	0.014205031	-0.01632914	-0.026542697	-0.050349537	0.08894424	0.024574623	-0.006846975	-0.070707895	-0.004065352	0.062332604
-0.011437069	0.07541692	-0.062586844	-0.008391173	0.012940096	-0.0077361055	0.04751889	-0.02030988	-0.014175991	-0.06867821	0.06519637	0.055058047	0.007294969	-0.078429505	-0.019725969	0.06353191
0.048056174	-0.02624559	0.0014743091	0.06193732	-0.06538662	0.0215474	0.005604333	-0.051243562	0.042314693	0.0709794	-0.024807582	-0.083890915	0.04133633	0.085519984	-0.005174132	-0.08548088
0.0792293	0.0092364475	0.014717114	0.030344985	-0.078929916	0.066914886	-0.08865901	-0.01814882	0.0011153347	0.059120957	-0.05093388	-0.07393186	0.020367518	-0.0010616259	0.008235418	-0.07063334
0.0010759837	-0.046175044	0.05361598	0.0015697103	-0.07006003	0.04179656	-0.06675698	-0.031375833	0.083844654	0.05562066	-0.041341435	-0.02285072	0.009980584	0.05175918	0.03981652	-0.007777059
0.009378777	-0.08064029	0.06601993	0.061137144	-0.0012058975	0.027731922	-0.04160241	-0.019169357	0.027831893	0.04507553	-0.008731561	0.0038023759	0.017907932	0.07416723	0.055873707	0.007699266
0.054113638	-0.0839269	0.0407745	0.003492776	-0.09245717	0.07080376	-0.079974376	0.001279688	0.013464068	0.07904885	-0.007961302	-0.08244241	0.03282903	0.04081851	0.0291287	-0.07417306
0.089949295	-0.07826641	0.049451336	0.046971418	-0.0879726	0.0529304	-0.023661023	-0.05014055	0.0068235174	0.04385483	-0.03535727	-0.032908227	0.07149957	0.0113628255	0.013143361	-0.04756326
0.050100673	-0.08682123	0.045419767	0.033567846	-0.010155393	0.010320024	-0.041968655	0.0018312449	0.07443303	0.053677455	0.005499495	6.67252e-05	-0.007118947	0.016936893	0.020286815	-0.0077622747
0.06691988	0.008554493	0.016038004	0.011930237	-0.01239402	0.06442766	-0.07541853	-0.03585097	0.004585322	0.021397628	0.0013058321	-0.064295515	0.02939698	0.07124645	0.07400091	-0.053705115
0.012085426	-0.011555332	0.047667053	0.053199746	-0.054694273	0.08556759	-0.022815933	-0.004926586	0.025446188	0.053384665	-0.011546957	-0.077747256	0.08872955	0.06542854	0.08659759	-0.07436833
-0.078524694	-0.008608555	-0.07903444	-0.02082905	-0.003648212	-0.055413757	-0.005839722	0.073911116	-0.027298283	-0.08545282	0.013220871	1.0192839e-05	0.011991529	-0.0076085925	-0.00029194326	0.0075112986
-0.06572759	-0.011704039	-0.07884453	-0.050353326	0.083311446	-0.07611551	0.029606834	0.085420735	-0.09449333	-0.062679596	0.07035571	0.07135674	0.010370968	-0.030251099	-0.08368079	0.06258528
-0.012555004	0.0686608	-0.016645042	0.011705891	0.09063126	-0.040944524	0.035749413	-0.0025094352	-0.040482253	-0.016717957	0.0061294925	0.0060745073	-0.06984122	-0.07878205	-0.06873173	0.064721376
-0.008734698	0.003424652	0.013498529	-0.0753053	0.042019058	-0.01657248	0.042461157	0.04070529	-0.046779282	-0.049150445	0.0037196171	0.028284378	-0.05458755	0.0019097764	-0.06021973	0.07003604
-0.0122673465	0.06435874	-0.007271015	-0.052257005	0.02298396	-0.031275738	-0.014538773	0.07154612	-0.06643668	-0.0042249537	-0.00018529897	0.07417248	-0.0052062296	-0.07260408	-0.026444236	0.057693988
-0.050007626	0.030953107	-0.052471437	0.014957233	0.0058910386	-0.05077821	0.05697652	-0.015576192	-0.07153907	-0.04611626	0.02052417	-0.014273902	-0.013685017	-0.056813426	-0.05018046	0.07737672
-0.061013788	0.056886774	-0.0037892049	0.011284204	0.07921887	0.010395205	-0.014954686	0.04906751	-0.010784143	-0.017609349	0.065388165	0.05608014	-0.07694083	-0.040652946	-0.036111753	-0.010145732
-0.06766444	0.011027051	-0.060526323	-0.080524296	0.05119951	-0.009716124	0.0315376	0.08118087	-0.041043982	-0.004795336	0.014971792	0.036063123	-0.03096654	-0.01556918	-0.07345957	0.026638195
0.0021757544	0.030454563	-0.005921164	-0.011012224	-7.722853e-05	-0.048326742	-0.0005299318	0.06819887	-0.03487907	-0.06710933	0.01485208	0.03151069	-0.06849928	0.017882802	-0.04188386	0.076588854
-0.066224754	0.04253087	0.011956619	-0.041614782	0.019650742	-0.015794165	0.07316092	0.047220804	-0.005336173	-0.041869953	0.008216293	0.02535838	-0.045790143	-0.06482121	-0.015225637	0.049786873
-0.061936896	0.056211513	-0.054246355	-0.031233849	0.0055620056	-0.02766739	0.056580476	0.054579757	-0.058841698	-0.013772517	0.042413473	0.06302111	0.0012644338	-0.022245182	-0.014944951	0.0764269
-0.08093739	0.014107042	-0.07495041	-0.03309725	0.061929077	-0.012331685	-0.0046294797	0.074510336	-0.06525288	-0.07147257	0.057801235	-0.0059443703	0.0148155885	-0.028281271	-0.030682271	0.062636904
0.057948098	-0.008776159	0.073423825	0.08106784	-0.025574552	0.071848035	-0.0006383503	-0.0024262795	0.011677723	0.055352695	-0.04640014	0.00881322	0.0873494	-0.002497377	0.06394631	-0.039053127
0.082405075	-0.08235499	0.080463685	-0.0044633094	-0.028116891	0.063987635	-0.055779357	-0.023021793	0.014363621	0.08853084	-0.004306202	-0.06944486	0.05868095	0.016658954	0.049166016	-0.04090356
-0.023834024	0.032596685	-0.073746055	-0.070421055	0.049271688	-0.012415668	0.055106457	0.061010934	-0.00057969475	-0.088159174	0.05514172	0.052594237	-0.034617435	-0.07086234	0.01704459	0.07169611
-0.07926005	0.024806036	-0.00288544	0.0026644114	0.032074627	-0.048652813	0.04194844	0.01416023	-0.0729441	-0.03932739	0.04700142	0.04698704	-0.07259408	-0.046770707	-0.08044634	-0.004015823
-0.018835677	0.059856318	-0.081467584	-0.026992064	0.08526304	-0.01302563	0.036577415	0.0062213596	-0.010421402	-0.0020152545	0.0031840175	-0.0014272532	-0.04273457	-0.030227803	-0.043668825	-0.010437336
0.008050816	0.009415131	-0.044434216	0.004142986	0.086545795	-0.046784896	0.045103434	-0.0027420502	-0.0066229915	-0.06882142	0.0496797	0.001591827	-0.041363116	-0.023331665	-0.0018550431	0.041531768
-0.049852435	-0.010068691	-0.0061363853	0.008321835	0.063134916	0.00942631	0.07019499	0.06708461	-0.068596035	-0.08641024	0.0014613819	0.014545429	0.012080773	-0.051097438	-0.041669726	-0.0059444895
-0.0638704	0.07018411	0.0076764077	0.0013597725	0.06192405	-0.058092974	0.0217614	-0.007979728	-0.07038907	-0.039760914	0.041193042	-0.0066982466	-0.06206052	-0.008238829	-0.025728963	0.028874746
-0.07923335	0.051747523	-0.047620803	-0.025207886	0.057284478	-0.088251986	0.083409496	-0.013953015	-0.100196384	-0.01640021	-0.0009853	-0.0029348966	-0.059156954	-0.08594944	-0.02890588	-0.00035452112
-0.004246968	-0.005120764	-0.07210941	-0.043427154	0.072546	0.0017981614	0.029761957	-0.0053737895	-0.008835291	-0.005663862	-0.0028648241	0.061751243	0.00021229147	-0.0677188	-0.052860904	0.007458891
-0.031066721	-0.0088303955	0.0024110328	0.0068839025	0.025886266	-0.066114016	0.05958003	0.08121253	-0.08422592	-0.072734	0.08408892	0.0756068	-0.078549504	-0.06629889	-0.071318604	0.039778024
-0.0012252409	-0.009861126	-0.055741187	-0.07542143	0.025723713	-0.0030150977	-0.0029825673	0.061513495	-0.0071856137	0.0018606546	0.0066263317	0.01960218	-0.07009473	-0.08607464	-0.022769578	0.036375903
-0.05476271	0.08158088	-0.010553902	-0.07793231	0.05710619	-0.08089441	0.005618261	0.04924191	-0.011759904	-0.037609454	-0.012024481	0.07232092	-0.030378144	0.007064238	-0.08037414	0.050146304
-0.07524291	0.0792624	-0.019160645	0.005326858	-0.00027825224	-0.001077005	0.073384225	0.050133668	-0.0730567	0.0017272731	0.051939122	0.073500484	-0.035073902	0.00084229046	-0.044345137	-0.020549748
0.074218124	-0.03176576	0.05807973	0.022385772	-0.08162118	0.011746094	-0.019152697	-0.0001620698	0.024183817	0.009875286	-0.053302396	0.0009753145	-0.016341843	0.05651654	-0.015777918	-0.04208348
-0.0009395473	-0.007913045	-0.0046055354	-0.0038462302	-0.016875602	0.071432024	-0.02716693	-0.026010867	0.015050997	0.06712643	-0.04477418	-0.002630157	-0.0075572436	0.051465042	-0.006397405	-0.08002349
0.06560059	-0.05513557	0.06556247	-0.0036695714	-0.06475503	0.0042933254	-0.02099577	0.013295982	0.07854117	-0.00039593643	-0.037668217	-0.052450445	0.02902229	0.020413455	0.03819924	-0.0828527
0.046076894	-0.004462174	0.034359347	0.037369467	-0.087942496	0.0107953455	-0.0055811233	-0.014411022	0.060586236	0.09672722	-0.0129372245	-0.07259613	0.06293807	0.041155312	-0.005100176	-0.09345051
0.087700546	-0.08682236	0.043600976	0.032616403	-0.02520532	0.002502095	-0.059506997	0.005188044	0.098882385	0.08579129	0.009739583	-0.015945468	0.002435427	0.064752206	0.08139447	-0.02978937
0.05916185	-0.052452784	0.058124058	0.041644342	-0.020314587	0.031528674	-0.08274244	-0.014155296	0.058754638	0.009332707	-0.04563584	-0.06595011	0.025714599	-0.0029889224	0.08043838	0.0004908894
0.005544512	-0.072564244	0.075911194	0.040527258	-0.050767545	0.044512663	-0.009779053	-0.08865074	0.081797175	0.023295313	-0.047057368	-0.05430628	0.0393567	0.014727461	0.021715175	-0.025740854
0.030052796	-0.060993705	0.0663997	0.011406315	-0.03240735	0.06705863	-0.01903107	-0.028788185	0.029150613	0.03629764	-0.053646956	-0.054528136	0.013970625	0.058697995	0.0641175	-0.030909069
0.043237094	-0.04689998	0.05442242	0.070364855	-0.04583538	0.024672443	-0.013989402	-0.07941789	0.036823157	0.044690564	-0.0427245	-0.07701917	0.039580803	0.08578672	0.050698757	-0.016141081
0.03852214	-0.05018345	0.02229269	0.07515624	-0.039447162	0.029310709	0.006053836	0.0035277356	0.09394759	0.02125787	0.0013224888	-0.09098626	0.07166846	0.024773972	-0.003472175	-0.019963764
-0.020739004	0.004526405	0.010410822	-0.0028301633	0.009109658	-0.0008844182	0.032067146	0.010590095	-0.05189803	-0.006893108	0.011950268	0.013643856	-0.071101084	-0.01490148	0.0004288544	0.05520591
0.063523605	-0.023088003	0.021337697	0.012650853	-0.062109582	0.08381463	-0.072586186	0.0013210056	0.0033980357	0.022681607	-0.0037592072	-0.06045784	0.035087563	0.059010945	0.0078042406	-0.013810578
0.00073364156	-0.0013696793	0.007526714	0.0490454	-0.03700152	0.037331585	-0.07163758	-0.07839984	0.015430934	-0.0012131382	-0.030013222	-0.051338255	0.024511954	0.0554337	0.057840783	-0.015226239
0.014704446	-0.01998073	0.024021158	-0.0050670365	-0.037243627	0.085917614	-0.057955567	-0.064283885	0.05399211	0.0009056902	-0.025927678	-0.050626606	0.017531399	0.08278779	0.066721216	-0.08127458
6.156357e-05	-0.059319455	0.03367416	0.00049836776	-0.06083154	0.0463176	-0.0106287645	-0.0060871877	0.0044947895	0.06299576	-0.023898564	-0.05187744	0.08444958	0.07888631	0.07824988	-0.05675367
0.07022594	-0.00019042677	0.08559423	0.0068614557	-0.064404294	0.01452079	-0.08053804	0.004493739	0.06404312	0.09477574	0.0046898737	-0.08167125	0.035632566	0.05781765	0.05373525	-0.053676363
0.036865458	-0.027056111	0.088228434	0.019842403	-0.09218465	0.008782047	-0.0085797785	-0.0067784674	0.09426765	7.40849e-05	-0.08195398	-0.034655668	0.017655443	0.05540304	0.04121219	0.0028324218
0.022459371	-0.07768044	0.06664125	0.06864648	-0.08721795	0.042988293	-0.041537046	-0.027885174	0.020181973	0.028157253	-0.0065256837	-0.01120309	0.07010292	0.015521309	0.08493685	-0.018543398
0.035687752	-0.062002495	0.057519313	0.06960717	-0.050602917	-0.0032885224	-0.08174812	-0.039892916	0.08433755	0.07935628	-0.03915045	-0.081666045	0.061349675	0.042873748	0.057911742	-0.007759641
0.0094146505	-0.030793656	-0.009958773	0.053460207	-0.08511035	-0.004743747	-0.017467568	-0.00970654	0.0021327753	0.05144102	-0.06738291	-0.005983487	0.039506745	0.044328913	0.069661096	-0.018375034
0.06689014	0.004106568	0.05701757	0.061216168	-0.041797012	0.036544032	-0.073744565	-0.062227692	0.056625232	0.01727126	0.0007567008	-0.0778093	0.053218566	0.011480239	0.00042902038	-0.03011046
-0.003315793	-0.024711309	0.077593416	0.038438704	-0.09644026	0.06057422	-0.015421093	-0.07910514	0.05167737	0.015580465	-0.044892542	-0.0058874465	0.04192952	0.0021530462	0.02283262	-0.006685303
0.041135762	-0.04321266	0.030891193	0.051635526	-0.08650973	0.093163855	-0.055755015	0.005557007	0.009725041	0.068235084	-0.012349227	-0.04664007	0.044237107	0.08301529	0.048425827	-0.06770843
0.079513535	-0.071932964	0.035960376	0.02546863	-0.053717587	0.008589813	-0.04948204	-0.034891658	0.081060566	0.0625342	-0.011074796	-0.06937004	0.07432195	0.04324306	0.0645323	-0.083264254
-0.0651443	0.011299463	-0.06656491	-0.06545399	-0.0025783293	0.014190741	0.03836184	0.07812147	-0.0781485	-0.027821492	0.049458478	0.057816736	-0.06732163	-0.041019615	-0.020949215	0.03236814
-0.05704241	0.07351604	-0.013012272	-0.075748675	0.016186826	-0.019766513	0.0490615	0.047122568	-0.033310976	-0.001849568	0.01820336	0.050852127	-0.040051796	-0.012608703	-0.043019656	0.07320603
-0.04970623	0.056352716	-0.07200293	-0.029122055	0.023509234	-0.06901436	-0.012592578	0.031156812	-0.07780643	-0.010350571	0.03799087	0.020301808	-0.0621493	0.012004017	-0.054639358	0.0689765
-0.0027076204	0.055630278	-0.06321519	-0.035241958	0.06320912	-0.022630744	0.011596186	0.026646372	-0.0792617	-0.019427897	0.06083986	-0.018967967	-0.023122102	-0.005822574	-0.070552126	0.06802593
-0.052824248	0.06958191	-0.07448058	-0.025623854	0.024217878	-0.018660795	0.03443743	0.0845842	-0.068648316	-0.029512227	0.057318226	0.0698805	0.017106937	-0.031926468	7.6266035e-05	-0.0017381868
-0.024751572	0.010674741	-0.0071110083	-0.047962364	0.004258859	-0.032083124	-0.0075783827	0.040824726	-0.08611941	-0.008887135	0.015688496	0.047697026	-0.011651415	-0.07277832	-0.03794783	0.052998733
-0.05217927	0.06309603	-0.005163703	-0.06841423	0.008577285	-0.0015633024	0.06576792	0.062655926	-0.009860179	-0.07394922	0.068358235	0.0025958836	0.012254642	0.0037934538	-0.07744139	0.036343835
-0.0007740589	-0.08684572	0.0077438527	0.040144727	-0.012844429	0.06476359	-0.030892355	-0.054132745	0.064552814	0.07849525	-0.026938083	0.008286479	0.020725524	0.03281971	-0.0027541018	-0.019986454
-0.03136473	0.021460267	-0.0563435	0.011667696	0.044008106	0.0041250316	0.036632903	0.028543482	-0.09693107	-0.050802503	0.057245832	0.028714044	-0.022528946	-0.014211089	-0.016228572	0.07733349
-0.019759132	0.06786107	-0.015380429	-0.06742522	0.029652413	-0.022495229	0.01983852	0.010929878	-0.091300905	-0.020420875	0.086207256	0.021830654	-0.055569757	-0.005827809	-0.0032056475	0.053284347
0.026932826	0.040131707	-0.00971811	0.01068662	-0.025847664	0.019140545	0.036357436	0.027551558	0.0072142677	0.025482664	-0.032303445	0.007976996	-0.03564285	-0.028570447	0.007779534	-0.021240013
-0.040187847	0.009772786	-0.044617947	-0.037764866	-0.002102661	0.032210078	-0.01889691	0.03393957	-0.053596422	-0.025878273	0.0026078185	0.0043686386	0.022456147	-0.0066817277	0.002926152	-0.00021170701
0.017012455	0.041158035	-0.014621303	-0.04238416	0.020312903	-0.020586515	0.023673218	0.03343809	-0.062364817	-0.05464946	-0.04615155	0.043764878	0.009034937	-0.036452264	-0.038052432	-0.019917352
-0.037948884	0.007580556	-0.04657437	-0.010058177	0.05980114	-0.008980964	0.031467147	0.054018043	-0.04791096	-0.02054476	0.019358525	0.07228599	0.0147096515	-0.001691112	-0.024808807	0.047399756
-0.0237107	0.02257806	-0.046138637	-0.016180482	0.048548624	-0.04363694	0.07054302	0.022123158	-0.041100964	-0.053836584	0.037377264	0.04804995	-0.0034949796	-0.022102298	-0.0443214	0.027512897
-0.006397113	0.013575919	-0.03427142	-0.055326115	0.07407592	-0.008591286	0.034996387	0.060376447	-0.09612834	-0.041581623	0.07169048	0.047624752	-0.02589468	-0.040711142	-0.055134535	0.08420368
-0.061948407	0.00407981	0.019967819	-0.024467133	0.057539202	-0.066720635	0.024841962	0.038615465	-0.07556969	-0.058373522	0.0023670106	0.050118823	-0.025080632	0.014516341	-0.00022773695	0.08162843
-0.004288475	-0.0514972	0.045204353	0.052898817	7.7524746e-05	0.04842775	-0.061607227	-0.08098665	0.049427375	0.05854003	-0.058917318	-0.021883743	-0.008831699	0.07436749	0.03505821	-0.004158264
0.059584346	-0.0075450633	0.07204447	0.06760612	-0.068394534	-0.0041873697	-0.0706919	-0.06475415	0.019803723	0.062029175	-0.023243587	-0.06755153	0.06551958	0.0050212247	0.05647561	-0.091888934
0.02312305	-0.06881675	0.007980872	0.014615332	-0.02520836	0.050737295	-0.00032270816	-0.06749695	0.0045785457	0.021953022	0.00023471849	-0.08263932	0.0062364163	-0.004261018	0.07669717	-0.07804635
0.012456533	-0.08466982	0.030772634	0.047591213	-0.09149141	0.0436099	0.009478565	-0.02426809	0.07424524	0.08098901	-0.023399794	-0.07807067	0.05828075	0.050115433	0.058566645	-0.060398847
-0.00025508503	-0.07933243	0.07756569	0.028376523	-0.008315615	0.0318148	0.0060398392	-0.010656534	0.08732959	0.028011646	-0.076542415	-0.052552037	-0.008915426	0.08561468	0.07954919	-0.025578074
0.041478466	-0.04502248	0.07300378	0.05372251	-0.022309946	0.014576944	-0.021374825	-0.0056918017	0.056570172	0.06399412	-0.05228293	0.010956365	-0.010229171	0.04778489	-0.00528932	-0.017891753
0.028826319	-0.046331238	0.024272624	0.05050236	-0.02007132	0.044322647	-0.06250643	-0.06337357	0.05159826	0.024621736	-0.048371375	0.006462728	0.039063364	0.08558907	0.0565821	-0.0038529134
0.081567675	-0.0431784	0.009805984	0.062872365	-0.023028377	0.03971761	-0.08932261	-0.0061531486	0.04002188	0.07463314	-0.09096175	-0.016632138	0.023424434	0.09014967	-0.0016280492	-0.026512628
0.016983546	-0.082638524	0.014426539	0.045569137	-0.05328399	0.029838525	-0.0041796328	-0.027788188	0.03257036	0.055427976	-0.061576914	-0.04897198	0.020522632	0.08724564	0.024920654	-0.08457005
0.030390004	-0.066367276	0.009229176	0.025890484	-0.0020097771	0.08123643	-0.0066936626	-0.023530204	0.045461435	0.09119915	-0.056078963	-0.05825577	0.051931717	0.061814155	0.02660845	-0.016784145
0.009810475	-0.012626267	0.08599389	0.043531947	-0.016229343	0.020001177	-0.0048898845	-0.061052456	0.01532688	0.04029348	-0.08671449	-0.061188567	0.0606042	0.06369588	-0.010182992	-0.045877088
0.01981805	0.0077203787	0.054665945	0.050030038	0.005450793	0.07226216	-0.047920857	-0.020195644	0.041150764	0.059877347	-0.020594226	-0.06236138	0.07405844	0.0020754351	0.039710682	-0.027849576
0.04820177	-0.03418114	-0.014064577	0.02817502	-0.068500146	0.04881424	-0.059504967	-0.059363533	0.049830407	0.052381042	-0.07783262	-0.070098825	0.023218922	-4.976988e-06	0.08185747	-0.0031953142
0.02857259	-0.02877243	0.045275014	0.042490277	-0.035745144	0.014816467	-0.07954106	-0.08115181	0.025438111	0.0792031	-0.025194995	-0.0836755	0.02072876	0.04624474	0.081136875	-0.026862094
0.06328057	-0.03792696	0.040386967	0.053473163	0.009336079	0.007791527	0.0010303173	-0.010903008	-0.008936377	0.08022358	-0.05464575	-0.06944983	0.0056552207	0.018635526	0.06462143	0.007744547
0.054735154	0.0011202571	0.024105763	0.057932697	-0.0661886	-0.0038239537	-0.06742855	-0.057196427	0.0077916468	0.047538195	-0.06929472	-0.06323542	0.042378202	0.038979802	0.035465185	-0.016875165
-0.026560694	0.040247995	-0.054175705	-0.049414963	0.057435364	-0.026536582	-0.0068561677	0.024363212	-0.094881855	-0.039099567	-0.0012933555	0.039008822	-0.03919037	-0.086214535	-0.04978768	0.014151142
-0.07615711	0.058302376	0.0080314325	-0.002825817	0.05386561	-0.073872656	0.053471602	0.0005453964	-0.0018164554	-0.015116277	0.048682034	0.059151296	-0.05092282	-0.0533312	0.005044588	0.068818234
-0.038473792	0.08102935	-0.038322117	-0.082111165	0.03602332	-0.0627417	0.055397227	0.076787256	-0.008608321	-0.07544126	0.062690064	0.074338034	-0.03821389	-0.0003499885	-0.054053076	-0.0020567505
0.08889301	-0.0636631	0.0780353	0.036028508	-0.07098131	0.049782388	-0.04199238	-0.04424903	0.019085806	0.07867054	-0.042161625	0.010419317	0.07012545	0.07636543	0.014693126	-0.012627524
0.04610325	-0.0755023	0.06023329	0.020678753	-0.07096903	0.04784044	0.00040643878	-0.043167483	0.020184474	0.05531602	-0.021943899	-0.070698984	0.028767155	0.016007299	0.07570219	0.005040187
0.0032257193	-0.0069461595	-0.037316285	-0.03259163	-0.0053818487	-0.039852403	0.07834713	-0.012956627	-0.008809766	-0.0028957445	0.0015558269	0.012302161	-0.056412015	-0.026608562	-0.06790597	0.010899422
-0.03130341	0.0027477432	-0.0030047323	-0.08237768	-0.00330398	-0.0060016178	0.045250002	-0.0035584038	0.00084433804	-0.030606767	0.076377854	0.063935176	-0.016780963	-0.05796919	-0.039426666	0.05459289
-0.08559648	0.00050094724	-0.082759835	-0.021726275	0.05722004	0.0045177955	0.010983088	0.0628891	-0.058152843	-0.077720135	0.0037892463	0.011644377	-0.014760435	-0.055965643	-0.0019552074	0.029221145
0.0044720406	0.06361023	-0.07566567	0.0021842734	-0.017441493	-0.019908916	9.768128e-05	0.067681834	0.00065524975	-0.061335687	0.032789808	0.058294926	0.020348871	0.018282255	-0.020760478	0.02032139
-0.07194486	0.037634894	-0.055540446	0.0059312633	0.049062114	-0.056121748	0.051695593	0.0756327	-0.035962973	-0.02648227	0.0008903877	0.0704854	-0.066915505	-0.06005502	0.018988555	0.0059506358
-0.0065539307	0.07707502	-0.081298865	-0.08206744	0.0033540572	-0.03262481	0.049267523	0.05130965	-0.015524793	-0.09110049	-0.0031962723	0.022732401	-0.019842496	-0.06664928	-0.03535539	0.028655348
-0.05331942	-0.00916597	-0.022768045	-0.067078635	0.018688992	-0.04180828	0.061447177	0.06542917	-0.08257873	-0.06593587	0.044828095	-0.012200154	-0.03794469	0.0034319956	-0.019033633	0.07039081
0.014484132	-0.05351408	0.06821921	0.019233929	-0.07233641	0.05235237	-0.04857289	-0.07489524	0.0030572454	-0.0020161537	-0.0009008305	-0.054465797	0.078273475	0.03484069	-0.008175002	-0.023556612
0.0018134572	-0.068327345	0.004156882	0.0722946	-0.09283902	-0.009133795	-0.026252545	-0.032210894	0.076494105	0.029685026	-0.012271553	-0.08613209	0.026339289	0.010802221	0.037996266	-0.00793017
0.015529191	-0.013935923	0.024448825	-0.005110883	-0.06008218	0.07014142	0.005539392	-0.08172553	0.034698237	0.054457523	-0.044267528	-0.012284528	-0.013068524	0.06687836	0.040076382	-0.049546137
-0.08456083	-0.008671409	-0.024574077	-0.07731303	0.08324598	-0.016345907	0.018472748	0.075026035	-0.03189223	-0.05913105	0.017155783	0.0029052855	0.00038911193	-0.014427575	-0.032951254	-0.008322951
-0.0012844824	-0.00037652033	-0.016352084	-0.028816624	0.0047295	-0.07528862	0.06279574	0.02481742	-0.08759042	-0.08291901	0.083347686	0.0041009155	0.0037469596	-0.06938485	0.015496629	0.022809245
-0.08705494	0.06377402	-0.057180267	-0.009394993	0.08896433	-0.04813572	0.027264757	0.06697743	-0.083664626	-0.08473499	0.06383139	0.06673486	-0.058480635	-0.016788276	-0.04683226	0.059767984
0.009671163	0.07960138	-0.07307187	-0.031567875	0.0762686	0.009909145	0.017586287	0.026784731	-0.089813024	-0.058305934	0.025495244	0.045257267	-0.058156375	-0.053947777	0.012539661	-0.0050458293
-0.052867215	0.023737567	-0.052782804	-0.046660244	0.08209181	-0.02518395	0.024369866	0.06688264	-0.049134552	-0.078822106	0.073920086	0.0016027598	-0.05085133	-0.04184849	-0.008522955	0.072618105
-0.08840345	0.020003928	0.013257586	-0.01657602	0.086287886	0.0066934973	0.014824069	0.009148041	-0.005538253	-0.05233733	0.030779505	0.069590576	-0.07399641	-0.07955751	-0.030288512	0.04152883
-0.028540406	0.057888422	-0.072943896	-0.06845799	0.024582725	-0.029941335	0.004227874	0.06344947	-0.046483204	-0.0270794	0.039862793	0.074935816	0.013667311	-0.05089051	-0.008774151	-0.0017732983
-0.08007648	0.047282968	-0.0800552	-0.040116545	0.02764992	-0.051610112	0.059990805	0.061593883	-0.07696122	-0.040438093	0.058551535	0.06687361	-0.015468901	0.008192595	-0.032262944	0.044189274
-0.035764676	0.002303829	-0.06987366	-0.056468405	0.077727236	-0.085713565	-0.010168724	0.05179222	-0.06955895	-0.021124527	0.0008190653	0.049048018	-0.02688326	-1.5890197e-05	-0.056578606	0.08993604
-0.02648944	-0.0068837344	-0.0034144104	-0.04996074	0.05744285	-0.05459717	0.08014597	0.08613111	-0.029254118	-0.04199387	0.07904402	0.041581426	-0.035969257	-0.071517944	0.008398207	0.091071926
-0.044205878	0.007951738	-0.065754384	-0.080046944	0.07645299	-0.0024752326	0.08552848	0.032000236	-0.10051622	-0.08933741	0.0365218	0.08518065	-0.010711536	-0.040403113	-0.062451474	0.091714196
0.042207513	-0.064962395	0.049594138	0.07305802	-0.021865144	0.036645275	-0.0066021904	-0.047401156	0.023308737	0.086843126	-0.027875256	-0.036715943	-0.0010544449	0.04819579	0.08322059	-0.085812
0.0024497437	-0.040593993	0.05654372	0.029254673	-0.056301303	0.051816043	-0.024854243	0.0026649628	0.005851585	0.05246999	-0.00030520643	-0.0666162	0.068994515	0.021826258	0.06452143	-0.07953059
-0.00624995	0.06144185	-0.033472758	-0.05716125	0.087409236	-0.047974393	0.035840895	0.064659014	-0.007900133	-0.07980513	0.036613144	-0.0075645484	-0.070976995	-0.08736571	-0.05647953	0.084848896
0.003195392	0.019108271	-0.019971684	-0.07007641	0.0016844162	-0.06664956	0.030548831	0.07502503	-0.0940572	-0.08815309	0.048585646	0.0059938515	-0.08123048	0.0047596567	0.0037410478	0.019295624
0.069626845	-0.09209128	0.03899922	0.047044173	-0.020975074	0.077404976	-0.084586285	-0.07574623	0.048251547	0.0265733	-0.030476453	-0.018151019	0.01753218	0.046539553	0.045590118	-0.045677964
-0.023157453	0.014617822	-0.0346176	-0.04381286	0.04090801	0.007128886	0.08093312	0.043710653	-0.025294088	-0.05338989	0.06233633	0.026814949	0.009997522	-0.02826846	-0.05773674	0.08228141
-0.06396402	0.07571471	-0.01819321	0.00083481334	0.010034083	-0.023369556	0.06726168	-0.007649414	-0.031367514	0.0025906656	0.026855342	0.027651608	-0.06250617	0.0025624703	-0.02311593	0.046492457
-0.050479442	0.062607385	0.0040430105	-0.013056999	0.017538847	-0.081458084	0.026464032	0.009333252	-0.016072053	-0.06857574	0.0066367867	-0.0158839	-0.0001917407	-0.06251308	-0.0011033639	0.062399432
0.008499625	0.08153661	-0.050020102	-0.042423632	0.04857624	-0.0026840216	0.017775888	0.031106777	-0.015420765	0.0052217557	0.010821448	0.027094685	-0.025827402	-0.06924606	-0.012476956	0.062757045
-0.0018439551	-0.07636945	0.023568647	0.0075477557	-0.02078578	-0.0029615867	-0.077408455	-0.020525077	0.0886313	0.05886323	-0.073542655	-0.0059253825	0.02393928	0.015609997	0.05181435	0.00343806
-0.04256595	0.038605444	0.0150470035	0.0074338475	0.0420576	-0.022488942	0.069586456	-0.008315662	-0.08987378	-0.05662573	-0.013589539	0.08262387	-0.019305808	-0.035746865	-0.0222102	0.023483852
-0.08712342	0.041996006	-0.0790173	-0.044869646	0.050490312	-0.057961915	0.07149416	-0.010533194	-0.006051661	-0.019594906	-0.0039022018	0.071742594	0.008035762	-0.06878553	-0.011989202	0.07169478
0.07221868	-0.08095827	0.056069877	-0.0074225087	-0.044575687	0.049304392	-0.030011915	-0.039093368	0.040008962	0.07162347	-0.012109143	-0.048671596	0.008497854	0.047655165	0.08909099	-0.016511047
0.08489024	-0.023141751	0.049023062	0.035311583	-0.044527274	0.045642726	-0.011451687	-0.015037741	0.08016096	0.030425342	-0.074642316	0.0075932173	0.036949083	0.062444128	0.009538288	-0.026427252
0.024705684	-0.0026588624	0.02133713	0.03391121	-0.054506604	0.06670929	-0.0661024	-0.0043756175	0.032533687	0.083872035	-0.06020244	-0.081781946	-0.0003161167	0.010277498	0.0652926	-0.007076431
0.00091046054	-0.035876207	0.081315935	0.0821518	-0.030109067	0.0752032	-0.06375455	-0.040075332	0.085566886	-0.0009110288	-0.0331744	0.0011826861	0.013355766	0.0589675	0.0040948736	-0.037283298
0.021314764	-0.03398126	0.0008980231	0.037507325	-0.078404374	0.060860146	-0.010200833	-0.061878763	0.0949203	0.039424792	-0.065963484	-0.06417019	0.04987863	0.034772437	0.07880593	-0.027748397
0.037536982	-0.005371772	0.022251941	0.04164323	-0.061634175	0.0018793148	-0.066002764	-0.008972995	0.0062554395	0.043130398	-0.033584252	-0.068882495	0.06643043	0.0020849793	0.05461621	-0.08979605
0.024812624	-0.02887232	-0.00014152288	0.08821006	0.00092664757	0.028619615	-0.041266907	-0.045221463	0.093655385	0.09588247	-0.013553623	-0.05232538	0.0064177397	0.055010967	0.011687489	-0.05326517
0.08407645	-0.03192931	0.042597365	0.0041707917	-0.08042252	-0.0039419774	-0.058400955	-0.03902352	0.022065343	0.0587364	-0.059724547	0.009317	0.028488994	0.08299033	0.05035018	-0.027380059
0.036101315	-0.035656787	0.0490367	0.010480289	0.00024529957	0.021790946	-0.011066942	-0.07085371	0.02022295	0.059918657	-0.00799779	-0.08074647	0.038242627	0.06337872	0.019373555	-0.067774795
0.0745084	-0.002268531	0.026192246	0.01527362	-0.02851712	0.0411973	-0.06769001	-0.0055342605	0.061192602	0.07716193	-0.06608009	-0.020261398	-0.0039989306	0.04619829	0.016745431	-0.040092546
0.03132474	-0.08287346	0.0060591265	0.012543976	-0.009908387	0.0650422	-0.0790858	-0.07131015	0.07741402	0.07272997	-0.07045944	-0.022805568	0.047024384	0.049998563	0.084240794	-0.05996469
-0.012680657	0.037368935	-0.07265255	-0.017925411	0.047581792	-0.040102772	0.047921434	-0.009257208	-0.03505282	-0.014248994	-0.0055577033	0.022164105	-0.082243696	-0.03522116	-0.06353286	-0.009754868
-0.041602634	0.025724169	-0.07028157	0.0024203947	-0.0070609855	-0.043060683	0.051315904	0.07764903	-0.09450131	-0.023990005	0.044901643	0.047752474	-0.01925214	-0.014037782	-0.0043292083	0.06338966
-0.0881311	0.013073416	-0.055164896	-0.0042670844	0.0803536	-0.07768283	0.041637864	0.043674268	-0.10033327	-0.06143515	0.015396961	0.042168956	-0.08255984	-0.019414991	-0.069437936	0.076964095
-0.0030002275	0.019469475	-1.2398617e-05	-0.026610479	0.04344216	-0.08424766	0.009220288	0.023277184	-0.018767579	-0.0069020037	0.0024276255	0.06305572	-0.027898123	-0.010332464	-0.020438273	0.06431773
-0.090225965	0.006044735	0.0076131355	-0.08157014	0.027214782	-0.06282267	0.068541914	0.05308325	-0.04032119	-0.0923699	0.06824942	0.04300673	-0.029310023	0.0059981504	0.003926557	0.058400404
0.036465075	-0.012402358	0.0064535183	0.032761727	-0.0684741	0.020615736	-0.07318052	-0.015523583	0.057352945	0.08274221	-0.008570111	-0.0126018105	0.070833504	0.0075696856	0.056749064	-0.07952743
0.07767081	-0.038967364	-0.010725462	0.04986698	-0.045407753	0.03156726	-0.08232449	-0.058679093	0.026460987	0.08302409	-0.00039768583	-0.07643903	0.06536983	0.08617613	0.024040513	-0.057068836
0.059593327	0.00399065	0.040432017	0.008787269	0.0018575691	0.03762566	-0.0025899017	-0.06912008	0.093404874	0.048798162	-0.04454361	-0.05552726	0.084601946	0.07124785	0.0006577521	-0.020710342
-0.066576704	0.03421594	-0.048621558	-0.0233471	0.044240747	-0.071053594	0.018440709	0.06075518	-0.054644518	-0.085845776	-0.013142373	0.0524251	-0.04104913	-0.058731787	-0.028061632	0.032086782
-0.055398583	0.033588316	-0.0062150154	-0.05372353	-0.0099880975	-0.003557688	-0.0051634447	0.029681893	-0.0041468446	-0.037714686	0.07323941	0.041198425	0.015599837	-0.013430032	-0.017439894	0.050480284
-0.049237646	0.07680025	-0.04646225	-0.029828489	0.059629407	0.0028568918	0.036308788	0.06300869	-0.027524102	-0.08096718	0.04506971	0.05630368	-0.04480276	-0.030337423	-0.014776437	-0.00460597
-0.0682881	0.007663701	-0.078014135	-0.012808	0.03557027	-0.057491336	0.052199833	0.012798411	-0.035526626	-0.026521828	-0.011908646	0.06327959	0.0040055183	0.002743677	-0.04305497	0.055247158
0.0731471	-0.02953357	-0.0017751958	0.023593558	-0.039326854	0.08611835	-0.02448263	-0.028445514	0.093232095	0.01677263	-0.045079958	-0.037740413	0.066032134	0.0679541	0.008721421	-0.003138423
0.06677231	-0.05725482	0.07712146	0.033645093	-0.070192926	0.006872929	-0.08306318	-0.02479019	0.0059715346	0.009684932	-0.05914569	-0.04748561	0.014344288	0.06791157	0.0037145698	-0.08901781
0.043906476	-0.019260103	0.07668076	0.08135603	0.0058409125	0.03391227	-0.004832939	-0.004112008	0.06029845	0.059866935	-0.0076358067	-0.034526084	0.01072021	0.060311347	-0.003494178	-0.06674995
0.0077671623	-0.06730549	0.011447892	0.011214452	-0.07994198	0.08445803	-0.043843247	-0.0903083	0.07051391	0.053083263	-0.08807267	-0.0030654988	0.014496328	0.07873642	0.08738854	-0.04547189
0.051758844	-0.044249997	0.08496781	0.04359956	-0.07892463	0.037659295	-0.02574937	-0.083152905	0.00037366417	0.0085601555	-0.051978823	0.0050083064	0.052998193	1.9062885e-05	0.0030418935	-0.011639814
0.034115765	-0.022111436	0.061457444	0.043261804	-0.088646345	-0.006610601	-0.025679745	-0.012865302	0.010254092	0.006272468	-0.026330052	-0.036792602	0.025254278	0.063016124	-0.006396928	-0.07729648
0.05456509	-0.054747287	0.04697499	0.021293681	0.01171706	0.06555527	-0.08730462	-0.08578778	0.06862771	0.002331928	-0.018495172	-0.03463103	0.07035371	0.044870872	-0.001051477	-0.062129516
-0.06059678	0.019166792	0.014398466	-0.024922153	6.888673e-05	-0.02689577	0.07054592	-0.005522323	-0.062606916	-0.081155345	-0.010552539	0.062365774	-0.03854078	-0.05825225	-0.069037974	0.063698314
-0.04041094	0.062369116	-0.036735103	-0.013714605	0.023963757	-0.024496302	0.024594095	0.07813411	-0.044190727	-0.06281212	-0.0023318857	0.030837892	-0.015955653	-0.04919254	-0.061900638	0.07967176
0.027571313	-0.025485884	0.04122031	0.06134645	-0.03155874	0.032501377	-0.019670542	-0.0019158591	0.079803176	0.041538857	-0.035707723	-0.062135685	-0.009858722	0.020663297	-0.008559738	-0.051714066
0.014270278	-0.07366586	0.024186466	0.05585172	-0.09333241	0.0012956402	0.0077982266	-0.07060248	0.042406637	0.029928172	-0.061954785	-0.024444113	0.07290918	0.011607632	0.0839972	-0.037499197
-0.062476188	0.06293881	0.0035705392	0.0030056362	-0.002749687	-0.049572293	0.0036239475	0.017349392	-0.07854138	-0.028809352	0.05407877	-0.001675994	0.009065229	-0.08353461	-0.0218138	0.0047738957
0.068646476	-0.0479417	0.018091246	0.010899588	-0.094451696	0.02195956	0.0058449004	-0.057782747	0.025141913	0.0696551	-0.06069205	0.004934868	0.06734697	0.045829106	-0.002403521	-0.069186054
0.06331173	-0.0048364946	0.05561771	0.05216264	-0.05496645	0.057143036	0.0062996377	-0.03613207	0.07859555	0.043041583	0.0061477902	-0.038259424	-0.007959406	-0.00633204	0.08167777	-0.08963958
0.025021836	-0.05649977	-0.005227817	0.07276669	0.0026486737	0.030577593	-0.04349005	-0.017402008	0.014403462	0.04657274	-0.011938194	-0.058135036	0.017525394	0.065114856	0.030710207	-0.0033242402
0.018169915	-0.03622409	0.04836675	0.051068097	-0.035193317	0.06341873	0.0030269183	0.0006743791	0.011642124	0.06061759	-0.03595734	-0.018038308	0.04556447	0.01293065	0.07076628	-0.040255055
0.080904156	-0.08128791	-0.008557694	0.066763595	-0.06746446	0.0815746	-0.0124267675	-0.012327448	0.09024686	0.05555197	-0.06357003	-0.03703988	0.06985197	0.074156456	0.08760468	-0.06818907
0.084844485	-0.019376542	0.060418043	-0.009914193	0.0009949513	0.04190115	-0.0007224481	-0.034761455	0.009069191	0.087589	-0.01350861	-0.042589754	-0.002358333	0.0018748902	0.016434025	-0.037430823
0.09211247	-0.0779437	-0.010309577	0.0437862	-0.07314616	0.07210275	-0.023228912	-0.06892717	0.0364582	0.06424937	-0.07653456	-0.03229844	-0.008008934	0.04515057	0.004954471	-0.02135332
0.07011659	-0.026999192	0.07441785	0.010559879	-0.07340046	0.088737644	0.0031171858	-0.033318263	0.08850134	0.0013509053	-0.07194605	-0.05249688	-0.0010603571	0.011027011	0.006097254	-0.012503551
0.008719403	-0.008396684	0.0024687161	0.02097024	-0.050247543	0.08640502	-0.075122766	0.008860491	0.037795212	-4.150877e-05	-0.07181345	-0.03197832	0.0660716	0.051381417	0.04820042	-0.0027750845
0.039516315	-0.014851758	0.023149466	0.035509504	-0.011066665	0.024028955	-0.04496654	-0.083854124	0.024370922	0.012147152	-0.08735202	-0.010054431	0.05756557	0.006947669	0.0895064	-0.06293102
0.047841787	-0.03870721	0.0076425406	0.06911365	-0.06326938	0.075084195	-0.00965512	-0.06869999	0.020737622	0.04366627	-0.06632308	-0.0655488	-0.00029435163	0.04082487	0.033209093	-0.061845712
0.022242814	-0.06919537	0.064943366	0.028523995	-0.08473192	0.07104008	-0.01860964	0.00347083	0.049080852	0.010215447	-0.062477283	-0.03332683	-0.0038308033	-0.0071660313	0.074751705	-0.0059282654
-0.026605278	0.05799714	-0.0042888834	-0.060261633	0.017195659	0.011374524	0.048004154	0.053614978	-0.07957487	-0.06745388	0.066603966	-0.016945427	-0.0034096383	-0.077520974	-0.078079246	0.03402199
0.019085228	-0.071506426	-0.0024582464	0.0722791	-0.05219923	0.08912784	-0.029929522	-0.079777114	0.0920449	-0.0005925693	-0.039663173	0.009080604	0.021037016	0.0664703	0.030348655	-0.08919649
0.0041008648	-0.0456473	0.03851777	0.058520492	0.0027618813	0.036307976	-0.033193715	-0.05913641	0.003016241	0.045078006	-0.067736536	-0.04918632	0.08314446	0.055050544	0.018321542	-0.037555777
0.025025023	-0.0546738	-0.0045144986	-0.00043834117	-0.07581513	0.08128361	-0.06579878	-0.024856014	0.024915421	0.0027322783	0.005244324	0.0071138185	-0.0073678074	0.048264265	0.06587296	-0.06105344
0.0132349515	-0.02790041	0.04388917	0.08134295	-0.072244376	0.008671691	-0.025592113	-0.08198928	0.08700305	0.043475837	-0.008464976	-0.068575636	-0.0018841326	0.013888556	0.026115201	-0.07036933
0.014762614	-0.07427934	0.08294268	0.015824351	-0.055135302	0.02066526	-0.013706087	-0.016070703	0.030343363	0.052966904	0.004834688	-0.034520466	0.03311483	0.07486417	0.07618236	-0.0060623516
0.036052126	-0.038362123	0.015304934	0.06574159	-0.058161076	0.08987448	-0.013148664	0.005638976	0.07294392	0.016525878	-0.063900195	-0.052119583	-0.008277834	-0.0016272338	0.023313684	-0.053134058
0.029548537	-0.025537007	0.033292446	0.030760463	-0.05342928	0.04069343	-0.048177615	-0.07109772	0.09594569	0.021458989	-0.050641842	-0.053759642	0.00033540386	0.0320342	0.043017372	-0.007350836
0.025316566	-0.029062277	0.010153533	0.0575378	-0.09359629	-0.0067469175	-0.08823922	-0.06077528	0.040532432	0.033552196	-0.0143514965	-0.06449884	0.04723305	0.08069581	0.0047989693	-0.0124269985
0.034337666	-0.023662189	-0.0025655115	-0.011918223	-0.056862283	0.014165251	0.0021781237	-0.039194006	0.062397823	0.08567036	-0.019632218	-0.0035046358	0.07280877	0.026565727	-0.0072742933	-0.018472102
0.024957754	-0.03388372	0.0027422584	0.056477383	-0.036937006	0.030226817	0.003313079	-0.00027444103	0.030659676	-0.0022285196	0.01349425	-0.043677337	0.0049577965	0.04538933	0.06637715	-0.021567011
0.08543998	-0.012644683	0.04003247	0.07718854	-0.026511135	0.07489284	-0.0836672	-0.034411907	0.06387284	0.055887785	-0.07487477	-0.07777125	0.004953803	0.043007765	0.07080437	-0.052466493
0.07831267	-0.014227247	0.048992734	0.06457154	-0.041723564	0.046595752	-0.05542214	-0.042951826	0.032797776	0.08399159	-0.07811845	-0.016924286	0.08000284	0.0132843945	0.034923516	-0.05573388
0.026194204	0.0043831193	0.01816093	0.035975598	-0.028132781	0.06838926	0.0013025622	-0.055263758	0.07139309	0.028087676	-0.025942022	-0.025899224	0.07716228	0.053156268	0.05048078	-0.025507696
0.031401876	-0.023830203	0.034769468	0.013880922	0.0055618	0.07018454	-0.006423441	-0.025457509	0.05258039	0.035469994	0.014689399	0.009497838	0.023435326	0.03587973	-0.008999994	-0.06886173
-0.059584558	0.07479699	-0.039177902	-0.056593727	0.07230629	-0.03916149	0.03678104	0.017547974	-0.06682485	-0.087212786	0.08585358	0.0837453	-0.08621445	-0.039800495	-0.0009967955	0.047741175
0.08488246	-0.09030579	0.0031872771	-0.009793485	-0.058729585	0.09151938	-0.044809967	-0.041736305	0.054016713	0.028221074	-0.063167	-0.05946686	-0.0010998333	0.053105947	-0.0038897123	-0.064288035
0.003382062	-0.08156617	0.02768848	-0.0006190763	-0.0009569436	0.046420168	-0.00885142	-0.07026794	0.055455383	0.030768218	-0.047379185	-0.027444098	0.08645869	0.0067638964	0.07694196	-0.08368462
-0.026102407	0.05880856	0.016093107	-0.05765833	0.08474958	-0.06419821	0.083165646	0.0075810747	-0.024876988	-0.033224735	0.046310306	0.052211538	-0.050627843	-0.064039536	-0.05233397	0.01642011
-0.07674042	0.016384598	-0.07771525	-0.011527878	0.049729135	-0.003694625	0.06943433	0.077896774	-0.02287016	-0.06081253	0.018208858	0.07754082	-0.071376644	-0.016139546	-0.064214215	0.06552902
-0.026360445	0.08004654	0.015003325	-0.057134774	0.06824654	-0.030543733	0.042230733	0.016321449	-0.068112694	-0.021253198	0.0003976862	0.001140762	-0.011855599	0.014423583	-0.060012285	0.049548432
0.032565158	-0.017390192	0.08720267	0.013737729	-0.055844266	0.043334	-0.049731515	-0.02344946	0.06928991	0.06956156	-0.046779893	-0.040468	0.04894138	0.08684471	0.08205028	-0.056015614
0.04645156	-0.004582683	0.07808217	-0.00064112747	0.0059620272	-0.008987672	-0.08574205	-0.07901317	0.054554716	0.06893001	0.008746272	-0.07216816	0.01937144	-0.006798772	0.08196324	-0.032002624
0.058475547	-0.07487317	0.028699607	0.083096676	-0.052549385	0.07728942	-0.07471631	-0.084017426	0.045713335	0.08408801	-0.07445167	0.0056465412	0.005894147	-0.011230342	0.06804795	-0.039964885
0.04709518	0.001435821	0.0017387975	0.026743818	-0.031586077	0.005706443	-0.0717318	-0.039161827	-0.0011691861	0.08423378	-0.029753424	0.0020694912	0.038350087	0.06695172	0.05709834	-0.046813976
0.06734575	-0.070106156	0.06696799	0.004218625	0.0010503185	0.018272253	-0.027518908	-0.033764776	0.09078634	0.028875574	-0.047429536	-0.07871976	0.07031243	0.005347797	0.045794602	-0.007073407
-0.03583626	0.058315184	-0.036404144	0.018555406	0.026938934	-0.06067012	0.023601525	-0.0054312805	-0.056822002	-0.016613416	0.053524498	0.032723848	-0.02545509	0.01596804	-0.05627529	0.046289455
0.004382912	-0.0106403055	-0.06656572	-0.035714917	0.0077606495	-0.061851885	0.07066408	-0.017033115	-0.06443654	-0.008191649	0.07429807	0.027074937	-0.06871416	-0.042006586	-0.05607497	0.04046334
-0.04359402	0.05130372	-0.030526135	-0.007303376	0.00048726765	-0.05831823	0.07746499	0.024641298	-0.06802684	-0.041836854	0.067424774	0.064368695	0.007564008	0.013079336	-0.03740139	0.014971829
-0.0690519	-0.012461251	-0.020984728	-0.027585419	0.05318747	-0.04604428	0.04643159	0.035024125	0.02657441	-0.022784952	0.080659345	0.07086585	-0.03127782	-0.057690144	-0.042265106	-0.019127619
-0.042141676	0.0606198	-0.006584926	-0.006975357	-0.039415557	-0.05707941	0.020243473	0.0644484	0.012048346	0.015834028	0.079114206	-0.017373923	-0.0059130746	-0.025832905	-0.022693796	0.036576267
0.059348397	-0.06996383	0.009412638	0.00025178	-0.030435525	0.075535655	0.003163755	-0.025550094	0.07188292	0.09291461	-0.0052186805	-0.06987099	0.0520866	0.031135738	-6.1837694e-05	-0.0016141031
0.08772294	-0.057636004	0.06671698	-0.008985862	-0.027590195	0.021642206	-0.06663957	-0.033716034	0.03914378	0.013133765	-0.0603644	-0.0767469	0.01714093	0.012596002	0.05105877	-0.06474042
0.037461556	-0.06992069	0.056629147	0.03994074	-0.004652512	0.050301775	-0.0410875	-0.02510286	0.062552884	0.07726467	-0.03593475	-0.05914424	0.031634808	0.05611287	-0.0045749964	-0.069256574
0.020542374	0.003438597	0.028811766	0.080136545	-0.083275974	-0.005811607	-0.07425617	-0.047723074	0.09486139	0.09087958	-0.038775314	-0.08629703	0.017211322	0.031403217	0.0141530335	-0.06569884
0.086210646	-0.08455165	0.0787486	0.017448483	-0.018315809	0.025555398	0.011039172	-0.0441346	0.008472504	0.062176038	-0.04708622	-0.08369306	0.06836901	0.06441374	0.024888294	-0.065041356
0.08816448	-0.057227608	-0.0025218627	0.044292446	-0.057987962	0.04991894	-0.07221164	0.0022465768	0.0012753371	0.06983673	-0.03428133	-0.0014636246	0.0405705	0.012282633	0.06383338	-0.030669
0.05470321	-0.011638704	-0.0021816606	0.03347128	-0.08435156	0.06762758	-0.025483314	-0.021831773	0.0020605586	0.074602954	-0.053296275	-0.08682	0.036290415	-0.008117103	0.02247422	-0.04307277
0.05117153	-0.018212164	0.04499826	0.033178512	-0.054862402	0.033953626	-0.013415895	-0.07218091	0.028319683	0.0851428	-0.030593632	-0.08042161	0.020647919	0.076071225	0.0024102132	-0.049728844
-0.086896606	0.046943415	-0.03739755	-0.05781985	-0.0015747376	-0.087537766	0.04774159	-0.0066244053	-0.026482841	-0.014647327	0.024708545	0.077487215	-0.043448955	-0.051974095	-0.015100508	0.008725763
-0.0825418	0.07387777	-0.029538501	-0.0042772423	0.040672168	-0.046147063	0.06438394	0.069969445	-0.097958036	-0.063030034	0.08542805	0.03160049	0.0054867524	-0.0059297783	0.0031249889	0.06435351
-0.020839136	0.007902525	-0.010958887	0.0051036105	0.07885052	-0.046490073	-0.00044464372	0.0698962	-0.05376115	-0.014431215	-0.009524239	0.05227168	-0.0838091	-0.029590493	0.0007363356	0.005339888
0.076505594	0.0002498383	0.08077366	0.001669058	-0.06675793	9.721991e-05	-0.057207018	-0.023381263	0.06500816	0.07561877	-0.016682671	-0.0044632624	0.06215558	0.037885718	0.070268355	-0.0005663432
0.083122365	-0.033830956	0.07106904	0.091024056	-0.08408592	0.0626053	-0.027035361	-0.085819826	0.061339892	0.08301407	-0.025711833	-0.071779996	0.03753012	0.038993135	-0.0075287595	0.00445162
0.07128912	-0.000753304	0.08862902	0.017001124	-0.06516024	0.046450995	-0.071508855	-0.0368507	0.00040802016	0.071987465	-0.00022476698	-0.031455413	0.08992594	0.024417879	0.06915355	-0.010355665
0.07713889	-0.064694025	0.06671982	0.07296475	-0.072104216	0.06552778	-0.06463697	-0.02869628	0.09152197	0.05180388	-0.029286822	-0.08587495	0.03368756	0.01769299	0.086819515	-0.057291754
0.05944552	-0.080970585	0.019964455	0.060550157	-0.057744734	0.03760144	-0.00076626777	-0.021610344	0.038484257	0.05788187	-0.07215372	-0.029010357	0.020602293	0.06714047	0.0040950123	-0.09306793
0.055385064	-0.08363652	0.011089745	0.019996198	-0.08203692	0.07903711	-0.041570216	-0.075950585	0.050822884	0.086247005	-0.025420485	-0.01459277	0.06717124	0.07960244	-0.0051993956	-0.091081366
0.028060805	-0.08275959	0.02158646	0.011569971	-0.040033415	0.0284394	-0.0031613042	-0.01712643	0.022206888	0.016577775	-0.051565345	-0.060536366	0.06731833	0.036443487	0.0229631	-0.02148795
0.054844525	0.0021663145	0.06676188	0.08519082	-0.067408055	0.056196105	0.0071735294	-0.04049307	0.009650121	0.037875786	-0.033917632	-0.043670468	-0.0070381896	0.07984167	0.089866534	-0.025654301
0.048156407	-0.024847599	0.0037319344	0.07528669	-0.00232729	0.053499352	-0.012610215	-0.049374793	0.026608178	0.07234728	-0.06278038	-0.041644715	0.061023284	-0.009570392	0.048395116	-0.07300258
0.01909255	-0.02212111	-0.0035384877	0.08361435	-0.046579156	0.013901081	-0.021995874	-0.051724665	0.04236952	0.057493627	-0.021080175	-0.076197475	0.07038683	0.051118117	0.0698873	-0.037236273
0.013113889	-0.06600276	-0.0019846936	0.057625216	-0.055450603	-0.0036174778	-0.040262327	-0.040564038	0.004655373	0.08280144	-0.03168321	0.004442107	0.06490276	-0.006352787	0.006599885	-0.03438556
0.08921488	-0.06856032	0.087631546	-0.009801295	-0.08809411	0.030251442	-0.03287444	-4.9904498e-05	0.024484102	0.07527099	-0.066484414	-0.055716295	0.0054563363	0.08722679	0.072741665	-0.025920562
-0.055714656	0.0050413623	-0.07816546	-0.04640415	0.013136266	0.0073030908	0.018183628	0.0611467	-0.04570922	-0.05781119	0.029171454	-0.005975877	-0.044386726	0.017327454	-0.024977038	0.04020791
-0.018850043	0.04189677	0.0016084574	-0.07185808	0.0753917	-0.025676705	0.019812979	0.017839162	-0.059527498	-0.013688497	0.028958688	0.02372822	-0.025526108	0.007829569	-0.056153804	0.0730652
-0.08092727	-0.009164797	-0.015874377	-0.02922145	0.0730653	-0.03193535	0.08300439	0.071563765	-0.032267507	-0.010721325	0.04224201	0.05915188	0.0017973729	-0.023801519	-0.06480022	0.054278623
-0.06300515	0.08567405	0.0118236905	-0.049322158	0.047573395	-0.06580744	0.038925756	0.046897177	-0.003627709	-0.04376837	-0.01134668	0.01672653	3.04185e-05	-0.075041264	-0.084174454	-0.0073143225
-0.06304493	0.010501097	0.0035750177	0.0034898012	0.05377675	-0.087829456	0.02727906	0.06380218	-0.04407696	-0.07555591	0.044062436	0.046350308	-0.055124335	-0.011379332	-0.0685076	0.03993369
-0.038056884	-0.0060659177	-0.047405638	-0.049817957	0.07322542	-0.04283928	0.03332221	0.023260312	-0.09825315	-0.051375717	0.012844161	0.07474294	-0.061667476	-0.018928811	-0.01010418	0.02332795
0.076750875	-0.020836115	0.0070296065	0.052975975	-0.09196026	0.04258639	-0.01076532	-0.05430176	-0.0009836132	-0.0019610084	-0.04422839	-0.051785205	-0.00624694	0.0753123	0.043953743	-0.026064258
0.051438533	-0.06686642	-0.005953027	0.03758436	-0.07971819	0.0687866	-0.028028343	-0.06389048	0.038022406	0.04908508	-0.08575216	-0.022326875	0.07796435	0.05594735	0.06696271	-0.026455577
0.0026748504	-0.05991339	-0.0032904153	0.025827056	-0.020782609	0.050229695	-0.016762631	-0.024170527	0.06945999	0.05568275	-0.06286942	-0.0077551515	0.017020727	0.07875179	0.057272196	-0.050688565
-0.040236384	0.014754116	-0.05616368	-0.01635658	0.044863302	-0.015619671	0.05431437	0.05162731	-0.07997467	-0.030907422	0.040507603	0.03023899	-0.052798383	-0.08705057	0.0073765344	0.068419404
-0.014637926	0.017087553	-0.027627701	0.0043262397	0.05562609	-0.015010357	0.05650087	0.07834267	-0.09800215	-0.037992734	0.04872668	0.045728195	-0.03776838	-0.0036281103	-0.014787499	0.035407577
0.037042506	-0.06636964	0.02402497	0.049011074	-0.08599797	0.054304756	-0.0016466086	-0.08133775	0.02486447	0.057277303	-0.049775764	-0.013104363	0.06836656	0.055199068	0.075321354	-0.0025877524
-0.028847815	-0.010324749	0.026982272	-0.028427519	0.044318367	-0.040677063	-0.011807085	-0.029748186	-0.0411054	-0.047701	0.010080409	0.039129637	-0.055267457	0.022862725	-0.03283735	-0.0145098725
0.029066935	0.039749693	-0.019313542	-0.0024603687	-0.040563453	0.021539124	-0.010471189	-0.029440252	0.0059678745	-0.025552316	-0.028149286	0.016610956	0.02232721	0.017539151	-0.021707138	0.014460236
-0.015172082	0.0067895814	-0.046745956	-0.0063349274	-0.018103657	-0.052845813	0.016289752	0.046784397	-0.030967893	-0.03519603	-0.01774264	-0.016699115	-0.045653056	-0.054084506	-0.006210198	0.0068645505
0.0597379	-0.046773985	0.07786318	0.044925623	-0.09113133	-0.0068207723	-0.017271882	-0.06545781	0.012198593	0.03220593	-0.05493308	-0.02412632	0.039991617	0.028715441	0.068382725	-0.018977469
-0.06864572	0.036430158	-0.0025559072	-0.05045973	0.021131132	-0.06704798	0.00080666784	0.05247432	-0.09417441	-0.08848914	0.06623698	0.023634959	-0.00044119303	0.005866444	-0.053405084	0.057798658
-0.025920928	0.075800225	0.0072358004	-0.04776151	0.07147557	-0.08888929	-0.0033891676	0.08154333	-0.028794188	-0.068611264	0.07281977	-0.0050019394	-0.032022886	-0.025062002	-0.010500203	0.055366054
-0.03076655	0.05631583	0.008077265	-0.006210659	0.0042602154	-0.057341874	0.068028525	0.0812101	-0.028175157	-0.086969085	0.059865084	0.050170083	-0.04723515	-0.04103204	-0.020700565	0.0015727219
0.055022817	0.003734427	0.0725128	-0.0070289373	-0.09575171	0.08747899	0.0023732737	-0.07880112	0.040225346	0.030716898	-0.069542885	-0.008244508	0.0026097102	0.02289026	0.03748758	-0.023561057
-0.00462102	-0.0067663	0.06879782	-0.014077524	0.0069116233	0.07903485	-0.057390545	-0.027792774	0.06841185	0.0578904	-0.043807976	-0.0028607221	-0.008204505	0.06810655	0.08265192	-0.05837467
0.009997249	0.0071560955	0.045512877	-0.0072474023	-0.011601043	0.015692754	-0.02156219	-0.05080523	0.09638713	0.014716933	-0.03308207	-0.005055101	0.029794144	0.037243154	0.052624967	-0.0320388
0.0011908308	0.06434322	-0.022807958	-0.021413824	0.04084515	-0.07731802	0.055077866	0.049680002	-0.06908713	-0.06668268	0.049016602	0.036482375	-0.015696608	-0.04690311	-0.07533426	0.03972744
-0.0029622584	0.002278182	-0.02953363	-0.02507702	0.08403408	-0.08690691	0.018698769	0.028771168	-0.07041946	-0.04753439	0.054084063	0.012170866	-0.07347734	-0.038339056	-0.07302456	0.04911451
-0.02985341	-0.010105363	-0.06095671	0.0051831026	0.060627665	-0.039908	0.075435705	0.07001835	-0.014952132	-0.08067398	0.023798525	0.016982997	-0.040908772	-0.017277738	-0.0051510124	0.069333516
0.0032288013	0.07947911	-0.009087466	-0.057818916	0.011778732	-0.07871876	0.042296194	0.056469224	-0.051150218	-0.029546935	0.0032522234	0.062294748	0.0048453035	0.024371313	-0.048455223	0.0346466
-0.031049058	0.0015926645	0.015052726	-0.05806733	0.015637793	-0.008173695	0.038006056	0.005494696	-0.01895444	-0.01917039	0.07731699	0.03131625	-0.015886651	-0.053183388	-0.063375615	0.060210116
0.04513709	-0.0006433659	0.04023953	-7.431794e-05	-0.001168146	0.05828218	-0.0799876	-0.0664422	0.09358885	0.06679217	-0.081389174	-0.0047821663	0.015770618	0.0020452046	0.018192628	-0.02104264
0.09548931	-0.068700135	0.074694574	0.072086886	-0.02633278	0.05424539	-0.037711464	-0.021120468	0.037808754	0.06665031	0.0013934581	-0.009945184	0.0032929375	0.0870413	0.0018225545	-0.06350525
0.013585724	-0.0655906	0.009548372	0.08284889	-0.0799678	0.048101604	-0.0275351	0.006438449	0.068974644	0.0011802516	-0.059896547	-0.04300953	0.083827734	0.008563489	0.029222645	-0.021570163
0.011645583	-0.05789026	0.03253653	0.03037998	-0.025152553	0.059592117	-0.06719429	-0.043426156	0.074808516	0.049094405	-0.08388086	-0.049306437	-0.009365328	0.03179358	0.085015535	-0.055407327
-0.019540317	0.07276339	-0.067002065	-0.069979616	-0.0025235554	-0.050331704	-0.017817732	0.010409339	-0.039061952	0.014529527	0.047283147	0.06122297	-0.026368251	-0.02060178	-0.04107296	-0.017242001
-0.0052943705	0.030957239	-0.055605687	-0.057443243	0.06588975	-0.08491473	0.05060291	0.07537743	-0.016394896	-0.036385126	0.06154058	0.008722817	-0.03486844	0.00012645207	-0.070276625	0.038807213
-0.013744759	0.058477875	-0.039607257	0.008178647	0.014151628	-0.050960895	0.07925761	0.017003478	-0.040223796	0.0077312035	-0.011452519	0.018610833	-0.024092525	-0.0397896	0.010030528	0.035741366
-0.030564485	0.064910054	-0.07127875	-0.009151556	0.064226486	0.0050850576	0.04790848	0.069659956	-0.02777163	-0.053745084	0.07614966	-0.010222931	-0.0028786985	-0.0068634297	-0.014660285	0.057068236
-0.060443923	0.084022306	-0.021690866	-0.065426655	0.03402407	-0.012339685	0.046729177	0.0030080783	-0.09902162	-0.08155799	0.006197272	0.07507867	-0.06903588	-0.078886405	-0.011900407	0.086386606
-0.021168804	0.03902154	-0.05003491	-0.06573718	0.066440456	-0.084619425	0.03125553	-0.016373184	-0.030690316	-0.08688887	0.053123295	0.05945311	-0.056675825	0.013242251	-0.054474723	0.081292555
0.068651594	-0.023284588	0.002958895	0.042580143	-0.0023374786	0.013406886	-0.068030275	-0.04302904	0.09410182	0.019541485	-0.009049605	-0.049235497	0.07804757	-0.0049878326	0.091292754	-0.018150492
0.058198936	-0.06769	-0.0037283727	0.07692583	-0.030425826	0.008835722	-0.056980602	-0.08479595	0.07099902	0.0050547495	0.0114906095	0.012656124	0.0036254607	0.048386607	-0.010721945	-0.023984589
0.08021956	-0.02571021	0.0884153	0.07377	-0.08010157	-0.004334835	-0.005677784	0.0036499214	0.06223359	0.04957308	-0.04717839	-0.036046296	0.005596176	0.054260246	0.054495703	-0.08544941
0.05302649	-0.056580313	0.037335362	-0.0030647889	0.002262506	0.03004256	-0.006222867	-0.041820053	0.050179932	0.074009486	-0.073918656	-0.08251713	0.06702471	0.0013344719	0.06174703	-0.0846033
0.0819546	-0.06614729	0.045385182	0.035486028	-0.030798791	-0.0029168264	-0.075003505	-0.085589916	0.038602766	0.056611568	0.0062069353	-0.07997334	0.04040157	0.08455834	0.024056254	-0.09168386
-0.03151045	-0.009501642	-0.083460934	-0.028748646	-0.003543269	-0.008017255	0.058721393	0.057542685	-0.08331719	-0.0871449	0.06725178	0.022153765	-0.03253388	0.0005331768	-0.0039208992	0.023147266
0.050710775	-0.0834356	0.070233054	0.062415715	-0.00023877484	0.044467445	0.0017220887	-0.059520166	0.043398865	0.042587057	-0.042382322	-0.058591664	-0.0064168577	0.07327713	0.044159885	-0.036466505
-0.068093106	0.058641706	0.012613898	-0.032941878	0.024659961	-0.034324754	0.06745916	0.07408726	-0.051381174	-0.048724238	0.05256301	0.0680943	-0.028304547	-0.05477079	0.016317833	0.047244787
-0.036723398	0.031975135	0.009819564	-0.063985564	0.006985819	-0.020188881	0.028366193	0.027044913	-0.02459651	-0.09033988	0.04616616	0.039956257	-0.051282965	-0.057644725	-0.069644704	0.057899207
-0.039899882	0.0033306822	-0.06538328	-0.004030044	0.026301142	-0.04847021	0.04642422	0.07731989	-0.052931983	-0.04608384	0.059732348	-0.011016698	-0.032542054	-0.05776807	0.015009138	0.018697169
0.009736138	0.07950026	-0.037037376	0.014749076	0.038799338	-0.07028411	0.057724863	0.07703034	0.0008805331	-0.04630316	0.06332797	0.0024823314	0.01604211	-0.027287025	-0.009065252	-0.0047937734
-0.032759912	0.058925774	-0.0005983608	-0.054784752	0.045163915	-0.010308293	0.030218966	0.07875038	-0.010739098	-0.023009947	0.027698174	-0.0094377445	-0.078180954	-0.0050947987	-0.028618075	0.039477475
0.011815281	-0.0788548	0.053734995	0.05766702	-0.05834161	0.093455985	-0.062125325	-0.041195255	0.004677666	0.03340025	-0.0069542024	-0.07296995	0.048956946	0.062468756	0.01179711	-0.0030264074
0.06489789	-0.08971237	0.051332068	0.03771223	-0.042936254	0.0868158	-0.08335356	-0.07807068	0.07722664	0.064078905	-0.0016899405	-0.028986627	-0.0060360217	0.034075283	0.009907228	-0.043612365
0.011008864	-0.06907387	-0.0011589422	0.0340411	-0.062838286	0.019845089	-0.050144285	-0.062048413	0.06610931	0.030746821	-0.026294112	0.002898175	0.0716266	0.046871092	0.00505603	-0.06509079
-0.0728108	0.046488885	-0.07590682	-0.005246126	0.08015284	-0.055550933	0.015268985	0.027108625	-0.009568358	-0.032164134	0.032944966	0.07298751	0.013640922	-0.041149616	0.016159106	0.046793625
-0.045098018	0.050738003	-0.04864394	-0.07971654	0.08501569	-0.017029282	0.05249458	0.07668585	-0.01231325	0.005332024	0.050861582	0.05942894	-0.00076848496	-0.060471125	-0.01408393	0.02637829
0.008231132	0.054289203	-0.008273162	-0.029117638	0.027217172	-0.055058137	0.0042640613	0.043304756	-0.06413148	-0.069675155	0.01756458	0.0026720022	0.008360626	-0.0061930097	-0.027585674	0.005549055
-0.08718001	0.018830815	-0.033684656	-0.08341486	0.07238793	0.0055678706	0.06847297	0.05046852	-0.08223222	-0.041890185	0.022598606	0.0228643	0.006387607	-0.030774688	-0.0026423826	0.052681934
-0.014002928	-0.012052554	-0.010249773	-0.0638215	0.04816294	-0.017859569	0.06564164	-0.0064337584	-0.07064353	-0.08132089	-0.003697876	-0.0012243293	-0.06657786	-0.014387057	-0.013086412	0.02829699
-0.039192032	0.059716284	-0.06649981	-0.0065177325	0.085049115	-0.08324554	0.046889335	-0.0072778813	-0.018501604	-0.07326306	0.007291199	0.010565146	-0.057479873	-0.020300582	-0.06279656	0.08268918
-0.042718552	0.02990816	-0.0722139	-0.057390556	0.066526875	-0.033579078	0.035076514	0.027549021	-0.0577483	-0.0069055143	0.041938785	0.062928	-0.045660384	-0.048070494	-0.033488657	0.0030542638
-0.06010509	0.032632116	-0.06341772	-0.049405836	0.022076463	-0.06763565	0.06552541	-0.014746143	-0.06640119	-0.027437527	0.05858761	0.029852346	-0.058786683	-0.026087819	-0.011405351	0.0073517864
0.033556666	-0.014024683	0.049677275	0.083406426	-0.041753195	0.045110427	-0.0022394294	0.003286962	0.0025919492	0.012386901	-0.07597984	-0.061051678	0.048379224	0.021420607	0.073265515	0.0041181147
0.08379882	-0.04352962	0.04967959	0.03319341	-0.059614748	0.052252363	-0.028546127	-0.03867902	0.054206487	0.09106231	-0.026173975	-0.01853548	0.04807289	0.03800478	0.051680554	-0.024054248
-0.040987685	-0.009003901	-0.05437422	-0.08569759	0.026407445	0.009262808	0.05591073	0.04657648	-0.071335055	-0.026916761	0.052909594	0.084599115	-0.018974017	-0.03065523	-0.0786224	-0.0020621836
0.009061456	0.030686092	-0.071121305	-0.020903863	0.0064845383	-0.0018916356	0.07763387	0.04508273	-0.027001016	-0.011072579	0.043370042	0.03409176	-0.03727785	-0.014733252	-0.07588356	0.01685551
0.015821405	-0.008522084	0.0067253234	0.05091436	-0.07945065	0.07195689	-0.056204792	-0.059452403	0.09411089	-0.0030662657	-0.071889214	0.004074313	0.03533597	0.026985168	-0.008886416	-0.035548534
0.06438433	-0.03984963	-0.010216727	-0.005563095	-0.0069739507	0.037551798	0.0026041497	-0.054695185	0.016390044	0.06779894	-0.054500535	-0.084708534	0.054433405	0.06797118	0.021698695	-0.034696847
0.080441244	-0.053850587	0.06890313	0.018193344	-0.011390512	0.030725837	0.0063610002	-0.02148757	0.023039522	0.0069131204	-0.02516078	-0.06523415	0.025977151	0.011338754	0.020045068	-0.047255754
0.0066314046	0.0061953515	0.03647828	0.017951153	-0.07687634	0.062025417	-0.014297445	-0.057882093	0.04078035	0.021592319	-0.05920666	-0.02430651	0.002406845	0.024842886	0.048539307	-0.030175
0.019398002	-0.041347697	0.073070794	0.051988706	-0.031057902	0.020149093	-0.016356265	-0.08459201	0.078105316	0.038124725	-0.04153863	-0.058424614	0.05255664	0.08648829	0.0010519216	-0.06030484
0.013050658	-0.06974424	0.049294762	0.047875993	-0.036335558	0.09125071	-0.011287375	-0.04950785	0.07494389	0.08960902	0.009023695	-0.0312884	0.08878483	0.021859502	0.077315636	-0.006839703
0.06457616	-0.08584653	0.0795443	0.07828415	-0.087617025	0.044187732	-0.024168853	-0.06909187	0.07501618	0.015442636	-0.07655153	-0.003802809	0.027038788	0.0228518	0.03312295	-0.076316185
-0.016904881	-0.0036664824	-0.06390086	-0.029434152	0.09216192	-0.07856348	0.042552713	0.04543871	-0.07420943	-0.05459093	0.062520765	0.04337152	-0.061899304	-0.052602556	0.005038541	0.048261788
0.004025997	0.038608413	0.0070295963	-0.02749106	0.05387596	-0.01403671	0.01906765	0.022519954	-0.023820847	-0.0505248	0.036782607	0.022699583	-0.01511331	-0.011619551	-0.06905721	0.0029764546
-0.053678047	0.0020576252	-0.046671502	-0.05860581	-0.0043000435	-0.050950926	-0.004597632	0.032369066	-0.032088213	-0.0361877	0.001015186	-0.010838252	0.0015174281	-0.014979897	-0.020432258	0.042380843
-0.07561387	0.0047886623	-0.052456077	-0.046682004	0.022237068	-0.032763932	0.045001775	0.034415476	-0.021126648	-0.025634566	0.038435876	0.013171938	-0.0018945137	-0.0008862795	-0.08009843	0.054268822
-0.06464363	0.02108224	-0.07251895	-0.008289486	0.093363695	-0.023311451	0.027707204	0.06872471	-0.052425347	-0.05170504	0.06264775	0.0352816	-0.05357193	-0.035019327	0.0062762094	0.08916026
-0.06318736	0.011256038	-0.010299302	-0.053493634	0.056736372	-0.05400457	0.05052138	0.055657774	-0.0061041852	-0.095004775	-0.0033472835	0.07873605	-0.01735699	-0.05682505	-0.027715767	0.053957734
0.00087399455	-0.038768638	0.020173969	0.06122808	-0.08189432	0.002931778	-0.077865146	-0.050433014	0.04715585	0.086101964	-0.08705976	-0.07979691	-0.00014290554	0.009312629	0.0045750416	-0.076153085
0.008107984	-0.00189795	0.022169866	0.059056982	-0.09007122	0.013887024	-0.03502027	-0.02159148	0.071912095	0.06804659	-0.06918568	-0.012651919	0.067764744	0.07482074	0.0049524475	-0.01818504
-0.0020144228	-0.03131244	0.064113386	0.06646375	-0.009059878	0.009682783	-0.06606916	-0.017893845	0.057493556	0.022253355	-0.06920934	-0.024258379	0.060912546	0.041365303	0.08251634	0.0010918335
-0.020518929	0.07700077	-0.08175587	-0.06550132	-0.03654665	-0.0815644	-0.015311874	0.055699844	-0.03123954	-0.018230503	0.059742287	0.04510687	-0.036398143	0.00026324907	-0.04065614	-0.02097369
-0.01287549	0.08288625	-0.004011585	-0.07214692	-0.0029703893	-0.039126217	0.05108957	0.058536675	-0.041999847	-0.066558026	0.030191498	-0.023717396	-0.057340372	0.008423856	-0.041977506	0.028636968
-0.03159768	0.05511436	-0.04534492	-0.06097148	-0.015886363	-0.07181715	0.031879704	0.03417525	0.028118975	-0.068142705	0.07959308	0.031923268	-0.051488925	-0.014674863	0.012025097	-0.008876549
-0.021931546	0.0875074	-0.051281452	-0.07473642	-0.04117798	-0.02261656	0.010464141	0.012425348	-0.0073052635	0.016162755	-0.01245495	0.023575492	-0.044637464	0.0025034873	-0.070282586	0.0405767
0.035127766	-0.0147355925	0.06952651	-0.0028514343	-0.0482661	-0.005563164	-0.030124608	-0.021847624	0.06294678	0.0808574	-0.036473207	-0.012442077	0.02766244	0.0114769	0.07140448	-0.066159315
0.048446074	-0.0542532	0.07991264	0.04269645	-0.056671757	0.04277041	-0.02460773	-0.009996738	0.024055017	0.072467856	-0.032699272	-0.060449637	0.02681896	0.066874295	0.08503429	-0.05386693
0.03246352	-0.05397531	0.04338335	0.060077682	-0.01028727	0.01922792	-0.052460726	-0.055654783	0.072160736	0.02141488	-0.007993528	0.0044313353	0.06897287	0.014985479	0.065135755	-0.051149517
0.05527379	-0.033163298	0.06934281	0.029833153	-0.06680774	0.021020085	-0.018380756	-0.0640266	0.05711065	0.0157829	-0.0024244054	-0.05391659	0.08177413	0.04492054	0.0053795143	-0.05084838
0.0861066	-0.055908393	0.07962283	0.0048619155	-0.030522186	0.020302262	-0.02782326	-0.08893126	0.06604733	0.09122686	-0.0841192	0.0053533716	-0.009939003	-0.0046288003	0.046760444	0.0001461985
0.064398214	-0.048680246	0.0124206655	0.0010815272	-0.009479432	0.059765987	-0.026440484	-0.083035134	0.03767646	0.058158703	-0.034861557	-0.014807955	0.065508835	0.06350363	0.016426172	-0.020805793
-0.047907908	0.07032792	-0.03383352	-0.0021135274	-0.0020166873	-0.043015163	0.040274613	-0.0022829517	-0.008619205	-0.05235134	0.060910575	-0.0057563586	-0.0076027904	0.0076358416	-0.017668534	0.018807212
-0.08769848	-0.007571597	-0.07376933	-0.037068103	0.014404822	-0.045319177	0.06332937	0.055698887	-0.06669692	-0.07363573	0.0020192212	-0.00873571	-0.028648393	-0.04376878	-0.023123479	0.014941938
-0.0017838996	0.082379945	-0.026564477	-0.032612134	0.046591714	-0.061286867	0.024740413	0.053460635	-0.04029823	-0.039175168	0.05700885	-0.00023625395	-0.065814845	-0.038346853	-0.04010233	0.045364417
0.07780511	0.016573066	-0.0021508741	0.07713615	0.011674878	0.010719259	-0.0074133053	-0.06835151	0.062229738	0.084441505	-0.037076794	-0.019492835	-0.018078137	0.011378635	0.057233505	-0.012784586
-0.012886434	-0.01852917	0.0633512	0.05680638	-0.051462106	0.05117378	-0.014123996	0.0029422406	0.02306921	0.012024463	-0.01687957	-0.04617905	0.030450601	0.018602185	0.04659027	-0.007954948
0.005081179	-0.07118815	0.080964684	0.028122814	-0.008413207	0.011078567	-0.07727587	-0.07261984	-0.0016452596	0.050481744	0.014184292	-0.016434222	0.02524649	0.007038609	-0.0028221984	-0.052884728
0.039921526	-0.069735676	0.069605745	0.07721858	-0.04928346	-0.0049149315	-0.0029735863	-0.0010376984	0.011851303	-0.011440674	-0.018118884	-0.06372905	0.032830138	0.07790588	-0.006859186	-0.04129682
0.048903003	-0.07084159	0.04575155	0.0073372256	-0.07402459	0.045759264	-0.034271844	-0.0011860767	0.07097849	0.08275247	-0.025303883	-0.03848773	-4.2895786e-05	0.06042664	0.052939165	-0.007355904
0.048146345	0.005236288	-0.015632058	0.024313306	0.011997528	-0.03207522	0.060019314	0.01226176	0.0023348925	0.011781458	-0.04837427	0.03419745	-0.04134423	-0.050408795	-0.0061100265	-0.020132778
0.011064035	0.009680552	-0.016926179	-0.06135731	0.08571615	-0.0060590813	0.05062279	0.03281286	-0.07438436	-0.07927313	0.025041433	0.035225052	-0.07721584	-0.022107607	-0.056310408	-0.009760779
0.089649	-0.07284442	0.046417236	0.019139212	-0.011109464	0.059647623	-0.087740995	-0.051165655	0.032448996	0.024919672	-0.016474204	-0.004871571	0.06144612	-0.004701306	0.012087932	0.0012225593
-0.08024911	0.014872573	-0.053113382	-0.00060787116	0.09420534	-0.04881124	0.0536517	0.024475897	-0.025983142	-0.05171033	0.06912708	0.019472469	-0.026468448	0.0008568428	-0.041933347	0.07820863
-0.02148312	0.045892432	-0.07685086	-0.058738723	0.076583385	0.0068580033	0.029837206	-0.002464146	-0.0094551565	-0.08376445	0.051835183	0.020818789	-0.008994134	-0.028321141	-0.072730556	0.0850792
0.0002695112	0.07344648	-0.076766886	0.005529238	-0.0017508641	0.015948998	0.031065844	-0.016404193	-0.07464771	-0.06262017	0.052066624	0.0784457	-0.076892614	-0.053619344	-0.062152185	0.029744951
-0.052067317	-0.0129824085	-0.05101733	0.014194551	0.072893545	-0.055714685	0.054013662	0.03113405	-0.046120994	-0.04251197	0.0041677468	0.045427717	0.006380498	-0.03870659	-0.07100754	0.042292625
-0.010925796	0.010074624	-0.031244537	-0.054138314	0.019097231	-0.048828628	0.052566186	0.02987158	-0.045605566	-0.055468857	0.039510373	0.05704507	0.014563508	-0.018737543	-0.07163235	-0.001673268
-0.013268781	0.013829398	-0.05297112	-0.059865024	0.06364767	-0.056218382	0.007464401	0.0747799	-0.04134424	0.007905042	0.04363959	0.04166528	-0.004940759	-0.060022946	-0.0006737284	0.05073694
0.08315082	-0.0336615	0.06826279	0.071466565	0.0031030388	0.075613506	-0.052579444	-0.041607693	0.065014146	0.058981314	-0.018151077	-0.0703181	0.03025998	0.072946414	0.0751741	-0.0612194
0.03286469	-0.062001187	0.019899705	0.006726732	0.010293186	0.070972346	0.0013265032	-0.038950823	0.02812306	0.0742522	-0.068505086	-0.04871038	0.059117842	0.069854684	0.035771508	-0.06571621
0.05325039	-0.043232758	0.0029398394	0.078532904	-0.051330276	0.06731501	-0.054611307	0.003682637	0.084152624	-0.0031183688	-0.071414396	0.0035650907	0.06508848	0.08355066	0.073620416	-0.07155431
-0.088207774	0.029818384	0.0074510127	-0.08198396	0.054216705	-0.022356117	0.08051239	0.04113082	-0.081541	-0.08305663	0.0749963	0.02167117	-0.057867583	-0.04349494	-0.048708376	-0.0015290332
-0.055295255	0.006292374	-0.033326134	0.0047288695	0.020392025	-0.032837648	0.044243652	0.0015633296	-0.08302839	-0.06585748	0.067208126	0.05217059	-0.040100433	-0.06162163	-0.046791032	0.01161688
0.056075994	-0.0028719474	0.022710798	0.07360901	-0.08894868	0.07069998	-0.022073565	-0.051156666	0.090748854	0.091608755	-0.06632877	-0.031500403	0.06684591	0.03865535	0.04875219	-0.0019469996
0.061326493	0.00686351	0.08022081	0.0863269	-0.01979724	0.07079454	-0.03572661	-0.019730737	0.091421805	-4.6419125e-05	-0.085302114	-0.06067663	0.011024661	0.04388596	0.04668273	-0.01951276
0.044560418	0.0042101736	0.0705935	0.015639491	-0.07086475	0.015007312	-0.08417061	-0.067881204	0.03139168	-0.005035195	0.0068191793	-0.077809304	0.020055601	0.076651745	0.033062182	-0.033581745
0.089743964	-0.07619563	0.0259233	-0.008140343	-0.06694661	0.049437296	-0.08604777	-0.0054696547	0.027493276	0.015156787	-0.027727373	-0.03625611	0.029601444	0.021564655	0.08110886	-0.0018907915
0.010057141	0.0045154504	-0.010875172	-0.030376876	0.009332797	-0.055651855	0.08306282	-0.0020797348	-0.06812632	-0.0768848	0.07335853	-0.000353728	-0.08136565	-0.0856963	-0.05123141	0.021561354
-0.04883318	0.058978952	-0.0067998394	-0.01269134	0.034117103	-0.044930603	0.050593827	0.009885264	-0.09100754	-0.011334574	0.0008117207	0.038614385	-0.08043388	-0.025304882	-0.074866086	0.06425578
-0.05612432	0.038538247	-0.0146480445	-0.060797833	0.091341354	-0.025909197	0.07727517	0.042291228	-0.08641588	-0.060747825	0.014756215	0.027777918	-0.069768704	-0.010158731	0.010094265	0.00038863416
-0.037693493	0.0023250957	-0.07814572	0.012663803	0.065692075	-0.078808784	0.04901976	0.02252817	-0.027036378	-0.036382563	-0.007239511	0.03293248	-0.06962752	-0.06555725	-0.028036661	-0.0014243964
0.06771055	-0.013821886	0.04980892	0.072432004	-0.017124698	0.018921392	-0.02325704	-0.08458277	0.07524132	-0.0019481621	-0.013242681	-0.01644287	0.016022043	-0.001915828	0.07100109	-0.0788184
0.035459436	-0.08791725	0.026765255	0.017421113	-0.07252332	0.07900274	-0.065770164	-0.0008075441	0.095058784	0.023084538	-0.04239093	-0.06831937	0.049117543	0.05801208	0.020576986	-0.041910164
0.0724233	-0.06254082	0.074028574	0.014598934	-0.011011271	0.04252192	-0.047268055	-0.060584895	0.0019029701	0.085079014	-0.02012134	-0.0050689843	0.020166703	0.04027027	0.07353142	-0.0854444
0.019111829	-0.010658013	0.06407151	-0.0066454588	0.005073724	0.06733182	-0.06148088	0.0047139754	0.086848654	0.055549677	-0.020704072	-0.02711246	0.01334892	0.07606312	0.0038250405	-0.061167087
-0.001520622	0.07873901	-0.07661207	-0.010686242	0.016829578	-0.010187663	0.07739193	-0.008082028	-0.062543266	-0.084482916	0.00046981883	0.053676557	0.011415278	-0.06887228	-0.017107943	0.051684786
-0.017794555	-0.015816897	-0.022055395	0.017346956	0.050361913	-0.008740345	0.07495608	-0.019315943	-0.053403955	-0.018857297	0.07662385	0.0046630814	-0.065327525	-0.0024401764	0.010474994	0.06049108
0.006221172	0.046549357	-0.017530713	-0.015114035	-0.014725031	-0.03632166	0.048148863	0.06540149	-0.046586458	-0.041637775	0.074205264	0.07930292	-0.06532119	-0.055433407	-0.049581163	0.062105898
-0.004815748	0.07614135	-0.022351976	-0.07911294	0.013630737	-0.06952687	0.07774928	0.017992886	-0.017665848	0.000861824	0.07340421	0.046241008	-0.07474831	-0.04146476	-0.039031707	0.048695702
0.00392477	-0.01448731	0.014623965	-0.026424894	0.01982838	-0.05838981	0.064284615	0.046716176	0.0006248932	-0.0087165795	0.006783165	0.02268452	-0.07144452	-0.010742284	0.015507539	0.005596372
-0.007564711	-0.055828393	-0.0010545419	-0.0065021515	-0.002706143	0.07307609	-0.032915074	-0.032166082	0.043861	0.043762673	-0.019195862	-0.023031268	0.008566379	-0.0069249664	0.060314238	-0.05321583
0.00019595545	-0.07700593	0.056159694	0.025163807	-0.07444674	0.042465914	-0.024936229	0.008851497	0.03393425	0.032011718	-0.016974531	-0.04722042	0.034517094	0.009576508	-0.008516213	-0.071402065
0.037619777	0.0013160598	0.086507045	0.07038322	-0.03791968	0.092938274	-0.063903116	-0.029281994	0.019331178	0.08469952	-0.03448845	-0.018304994	0.07633596	0.0048853154	-0.004228863	-0.08112261
0.033760708	-0.087551855	-0.0007438852	0.00753773	-0.0033098548	0.034176797	-0.027812509	-0.028297296	0.0014516311	0.04056351	0.007937577	0.009081296	0.08437738	0.047396954	0.038936924	-0.04833619
0.07470959	-0.02743938	0.014915203	0.04824523	-0.046195816	0.0033003106	-0.008512587	-0.035190396	0.019215977	0.09013821	-0.056135245	-0.02979601	0.01223126	0.07537965	0.06274806	-0.0514954
0.09254587	-0.014374228	0.032856584	0.0398008	-0.036631662	0.070147604	-0.074088424	-0.009145548	0.047316123	0.04683781	-0.03958596	-0.048560128	-0.0027595733	0.0080685355	0.084972896	-0.026059886
0.043533884	-0.022553613	0.073578164	0.010427202	-0.08021339	0.09211773	-0.044599127	-0.057008423	0.07207639	0.062465448	-0.014712625	-0.04435494	0.029690607	0.020867946	0.034015264	-0.052652687
-0.0130257495	-0.014197029	0.012816014	-0.08562216	0.08375089	-0.06226968	-0.007717708	-0.0030695738	-0.057042256	-0.041197233	0.027553765	0.045281716	-0.06434582	-0.062449764	-0.016951568	0.053156823
0.0072583486	0.044288356	-0.08423706	0.00029445902	0.059319615	-0.056167744	0.04430556	0.03766454	-0.0073094536	-0.07250452	0.02178622	0.009213947	-0.07927796	-0.02403736	-0.04226345	0.07997102
-0.03544568	0.0016143675	-0.022357859	-0.0020714263	0.036968134	-0.06279709	0.013280526	0.061066672	-0.02969635	-0.060208596	0.025543861	0.04320152	-0.07371324	-0.07125835	-0.019651985	0.0030822346
0.0023016282	-0.06465948	0.014616425	-0.0036261452	-0.017390735	0.078058004	-0.04889414	0.005340368	0.023196014	0.013924266	-0.0143537065	-0.08120733	0.06962282	0.04200089	0.019484576	-0.02568954
0.058454446	-0.0219304	0.041445475	0.0052998126	-0.08579339	0.07215958	-0.0046899314	0.0076243784	0.015219347	0.08015519	0.0018812821	0.000105611114	0.08229631	0.013099592	0.027198097	-0.03350347
0.069596805	-0.040355105	0.025374657	0.06940354	-0.082483485	0.02645794	-0.07552682	-0.014174015	0.036640733	0.018081049	-0.01512306	0.004471566	0.09018335	0.088525936	0.060320158	-0.056129895
-0.028271211	0.069520466	-0.0812375	-0.043888085	0.025735412	-0.05320441	0.052457027	0.0004634044	-0.007100144	-0.091634646	0.007870595	0.0065378	0.0012209879	-0.006325198	-0.0012659536	-0.00017178884
-0.07564079	0.06554058	-0.04671977	-0.03713937	0.03411291	-0.08077377	0.0753532	0.027052004	-0.030096475	-0.086198956	0.018727707	0.07307719	0.01340009	-0.005165178	-0.058069874	0.010600484
-0.040938914	0.041794382	-0.080538094	-0.0057471488	0.06296092	-0.022775507	0.060313426	0.015556023	-0.09062055	-0.058074735	0.06935288	0.077746294	-0.02846259	-0.011613275	0.011145006	0.041644752
-0.06585858	-0.009309289	-0.04941758	-0.037249498	0.012009609	0.0023047458	0.065464936	0.07450456	0.0021459393	-0.09056189	0.056524195	0.038993455	-0.04506482	0.0110897245	-0.030497408	0.008144001
0.0004666198	0.043247364	-0.04231714	-0.050493266	0.08758074	-0.048420273	0.014453692	0.07608274	-0.0746467	-0.08610305	0.0018571747	0.04959066	-0.050827734	-0.08009193	-0.06753264	0.0798518
-0.07699075	-0.0033972494	-0.014578194	-0.03387001	0.04929013	-0.06286902	0.05725821	0.028106937	0.0030755727	-0.07899826	0.048999894	0.02064044	-0.05867242	-0.06333637	-0.009811568	0.08267282
-0.070312865	0.07836939	-0.02880756	-0.013053357	0.067217685	-0.08018321	0.05273201	-0.0039166105	-0.046904348	-0.08058548	0.075318195	0.08417869	-0.025291162	-0.07563989	0.0058719874	0.008764645
0.0009346692	0.035129182	-0.08366619	0.002380163	0.05936722	-0.04154626	0.044951733	0.008945009	0.0048897373	-0.018280981	0.025434572	0.015498726	-0.022985889	-0.08164953	-0.08009353	0.08618121
-0.061721157	0.037332878	0.00406259	-0.07017944	0.06777993	-0.0439892	0.05142301	0.008925078	-0.035520446	-0.06873798	0.053522866	0.06734749	-0.038524535	-0.039351303	-0.080500945	0.081765965
-0.06436165	0.043343127	-0.07492129	-0.05119495	0.032181725	-0.02216979	0.07265284	0.07031915	-0.05001032	-0.023475215	0.06321087	0.06138668	-0.010900669	-0.06513896	0.0023896657	0.05657571
0.03931595	-0.023046272	-0.007873079	-0.01104264	-0.058218762	0.071492754	-0.016918987	-0.052435476	0.018060114	0.0072253942	-0.07331457	-0.011979203	0.027555376	0.016025776	0.02106722	-0.01782469
0.07021632	-0.043659378	0.034118462	0.08687353	-0.010500292	0.039303634	-0.02160614	0.0046251826	0.08503534	0.031057678	-0.00038672946	-0.020992363	-0.0077348663	0.05288225	0.054328833	0.005154463
-0.08446895	0.02297117	0.0066274945	0.0070155486	0.060034066	0.0033019306	0.031286757	0.07029561	-0.05511645	-0.06264744	0.043756202	0.05883969	-0.009018255	-0.03925101	-0.059740506	0.07542689
0.025434788	0.07231541	-0.0025779726	-0.07330378	-0.011599306	-0.023368413	0.0320978	0.051776253	-0.02901966	-0.043144766	-0.00070133875	0.013165686	-0.042713106	0.018531602	-0.03291443	0.048730347
0.021040386	0.06734835	-0.0622305	0.012114817	-0.017656917	-0.030747201	0.031660005	0.06279256	-0.031240119	-0.00038999616	0.021266647	0.006762768	-0.012175961	-0.027645167	-0.035812896	0.0056691747
0.023311058	0.0054151	-0.0638919	-0.07323382	-0.0041178875	-0.06412533	0.02561616	0.06120886	-0.057954654	-0.066907085	-0.0010500557	-0.0020092581	-0.017903715	0.02788677	0.027137108	0.038250726
0.059069395	-0.063458346	0.03991076	0.0038510503	-0.060932636	0.019871995	-0.08293772	0.009778475	0.08136221	0.059301294	-0.07326031	-0.024313698	0.039269984	0.005742327	0.057595648	-0.024706883
0.049318887	-0.0065964214	0.06486165	0.016333342	-0.046190016	0.029378418	-0.018969249	-0.05733917	0.05833814	0.0616803	-0.017874325	-0.024813356	0.08566343	0.042579263	0.036290832	-0.08874108
0.044313494	-0.059661824	0.07400134	0.06264861	-0.07188673	-0.002691993	-0.022449998	0.0009912588	0.01581701	0.041473858	-0.010348941	0.003327971	0.013103456	0.08825085	0.05527126	-0.08007758
0.030641573	-0.048466105	0.0624569	-0.0028225137	-0.040350694	0.046075754	-0.056646433	-0.016121034	0.04206373	0.07003125	-0.04620362	-0.0105218915	0.05165903	0.029918415	0.08309056	-0.037191663
0.036521222	-0.035186656	0.07421743	0.06572171	-0.05517045	0.07529539	-0.018486133	-0.088527754	0.08504563	0.005800827	-0.08313205	-0.031904966	0.0087256	0.0063303327	0.029749857	-0.0055080117
0.0026342915	-0.0056877453	0.042267792	0.0030914778	-0.055012606	0.023125125	-0.01852206	-0.080338866	0.08988761	0.06478185	-0.08424711	-0.01295295	0.027579714	0.031383168	0.06869262	-0.03217344
0.00874447	-0.009169977	0.015713241	-0.01912949	-0.0030236365	-0.06918442	0.008506875	0.0779735	-0.015609339	0.0068013724	0.032886636	0.062820256	-0.045536235	0.015012749	-0.07186759	-0.012152508
-0.087146014	0.08490475	0.0016993496	-2.53841e-05	0.08050557	-0.06829935	0.007190618	-0.0133455675	-0.00832212	-0.060952563	0.039340407	0.032788448	-0.07717658	-0.07830763	0.003217466	0.06126165
0.0061654765	0.018081332	0.0074262526	-0.08224832	0.052323654	-0.047395155	0.04154353	0.06232499	0.0014545978	-0.0080257235	0.015276756	0.018879563	0.0113503	-0.061342	-0.0025629217	0.0347875
0.033755492	-0.06646256	0.01936691	0.023994239	-0.042476293	0.023214705	-0.06767645	-0.08143541	0.020134669	0.07428377	-0.02328246	-0.07582389	0.06645246	0.070648015	0.070930384	-0.06545258
0.08606206	-0.06834499	0.030524883	0.018005412	-0.047420245	0.027376603	-0.06443385	0.0030079237	0.058342196	0.07400461	-0.010832336	-0.04017481	0.0306292	0.027765028	0.017664568	-0.0033884838
0.0052170004	-0.0717127	0.015901724	0.052069016	-0.087973185	0.078600585	-0.0343809	-0.00043728188	0.009068416	0.049426533	-0.034913935	-0.087874845	0.05849588	0.033900343	0.0007433771	0.00045025913
0.03566116	-0.063715756	0.06763848	0.055046566	-0.034898702	0.08946851	-0.0739006	-0.0077020177	0.043349687	0.008870245	-0.0744999	-0.074017495	-0.007964169	0.016640456	0.03679374	-0.087594286
0.017202934	-0.016193176	0.048256528	0.023027506	-0.017401453	0.04375456	-0.043695226	-0.024116643	0.035665415	0.058134586	-0.08274028	-0.036513906	0.07560192	0.054817244	0.006581071	-0.013726873
-0.0378467	-0.0023710958	-0.087088495	-0.016564205	0.042395502	-0.0468971	0.003049828	0.028573554	-0.098568164	-0.022876479	0.08506339	0.0757025	-0.05288634	-0.021367436	-0.059784777	0.036389556
-0.038457423	0.047473494	-0.064438805	-0.027195565	0.045488693	-0.014305336	0.0009048965	-0.0012162982	-0.06466071	-0.045670968	-0.0028155043	0.012780988	-0.054928984	-0.073520765	-0.05399467	0.029933821
-0.055783056	0.060868673	0.012588596	-0.07644307	-0.0048003728	0.0057003736	0.052427985	0.0042242147	-0.08174106	-0.047137715	0.0159655	0.045066517	-0.078479014	-0.051617887	-0.08472835	0.032891452
0.009230085	0.075916335	0.0151510965	-0.009310914	0.06310176	-0.06735568	0.055853587	0.0497201	-0.0694939	-0.09046974	0.067076474	0.022654159	-0.063134216	-0.057218138	-0.048442286	0.037315823
-0.03737202	0.048011173	0.0077659884	-0.06264119	0.07439772	-0.06414029	0.076213114	0.031363674	-0.08840975	-0.029224146	0.08615905	-0.010573101	-0.005287749	-0.035323635	-0.050360676	0.014655021
-0.06773653	0.029803675	0.0009358028	0.0020408717	0.016498554	-0.015720215	-0.0014663714	0.06383248	-0.07259099	-0.040664576	0.016908279	0.07959813	-0.0059393025	-0.060757387	-0.0389254	-0.0075015984
-0.083089486	0.07654594	-0.008344562	-0.038517334	0.051915187	-0.08409652	0.014420101	0.033036027	-0.08597546	0.0012998705	0.04447476	0.03597078	-0.04548975	-0.014728708	0.015583113	0.018255746
0.0038457315	0.06628511	-0.038182948	-0.053106915	0.0023715482	-0.047620818	0.0694276	-0.0011058586	-0.061263647	-0.054471236	0.06768561	0.027339596	-0.07672965	0.00948469	-0.053348627	0.06977918
-0.019444725	0.007605571	-0.007238031	-0.03181564	0.023584755	-0.085113965	0.020268982	0.03849638	-0.015726289	-0.058521505	0.022944352	0.016191686	0.0028871358	-0.038757637	-0.049987014	0.044555105
-0.020986795	0.0748963	-0.052114073	-0.0672628	0.029151859	-0.0016956503	0.022914357	-0.0034118535	-0.08149946	-0.028124591	0.06804028	0.069325216	-0.05374709	0.012914816	-0.076596454	0.001520594
-0.010327525	0.041590728	-0.065071255	-0.036997296	0.0856627	-0.028136594	0.05759392	0.052765526	-0.06670171	-0.09227683	0.031891365	0.035553116	-0.053516027	-0.044840906	-0.02685255	0.026290117
-0.0041507375	-0.07568452	0.08720512	0.06390963	-0.06802761	0.06959442	-0.051096108	-0.043881387	0.003453313	0.036743745	-0.035393447	-0.064568155	0.000617242	0.018970573	-0.00057253	-0.063115194
0.04539153	-0.068428285	0.051064394	0.059725598	-0.07945267	0.008307494	-0.08511918	-0.0748814	0.051380724	0.088736646	-0.032115825	-0.06661494	0.01580469	0.005324139	-0.009715973	-0.01655385
0.08436173	-0.067860305	0.08501695	0.0818437	-0.093702845	0.0033196996	-0.03597008	-0.03529997	0.09561537	0.052276906	-0.06544196	-0.002974145	0.012482244	0.035768334	0.085150816	-0.04142733
0.030022506	-0.06543789	0.082283504	0.019901892	-0.0085509	0.035463184	-0.07445103	0.008237884	0.08904897	0.083714016	-0.066906676	-0.08379675	0.06846309	0.0151672	0.027804216	0.0040341374
0.031775784	-0.0520998	0.06607608	0.086683996	-0.0019100982	0.05574824	-0.078268655	0.0075889374	0.099232	0.053442422	-0.008920678	-0.064733915	0.08238835	0.020537628	0.06743273	-0.025367571
0.07911661	-0.042688392	0.017322877	0.06144377	-0.009627957	0.04965473	0.0055191163	-0.010021186	0.024495458	0.07881004	-0.081402935	-0.05018012	0.011259967	0.045874864	0.020085545	-0.057033606
-0.006360931	-0.052276473	0.024047052	0.07488627	-0.021342339	-0.008285734	-0.016545672	-0.06721198	0.059013985	0.086428545	-0.043172173	-0.011554914	0.08194622	-0.0076541565	0.03354823	-0.07461693
0.011369429	-0.0714518	-0.005572254	0.026601162	0.0054962845	0.0750683	-0.005847153	-0.03398731	0.052121498	-0.0013360834	-0.063992456	-0.039551463	0.052134406	0.03715724	-0.0045165475	-0.0021088158
0.07382919	0.009983428	0.0009280884	0.00036917662	-0.05758666	0.06721428	-0.027224898	-0.04686038	0.069811456	0.0040688026	0.007416414	0.008283004	0.05284385	0.013246233	0.031154277	0.0005113177
0.015068064	-0.028763613	0.077505745	0.073146105	0.008836664	0.0072317133	-0.04762128	-0.04469963	0.0709029	0.052575365	-0.06837183	-0.00042169332	0.058618065	0.004375432	0.06449205	-0.051900554
0.011032479	-0.03957947	0.0100283995	0.07647365	-0.05177822	0.044716887	0.0050706533	-0.019184915	0.07783732	0.093352355	-0.0854739	-0.041826837	-0.008984024	-0.00717787	0.045670014	-0.017698422
-0.07380324	0.07599248	-0.0108284475	0.013840027	0.02884048	-0.081385724	-0.013216793	-0.013603645	-0.020410512	-0.07419938	0.071465686	0.046020783	-0.0039305487	-0.049591918	-0.010883143	0.003126161
-0.05597445	0.034882512	-0.079266764	-0.049959898	0.0747882	-0.059213106	0.059729837	0.06251329	-0.06815142	-0.09093	0.07340109	0.03943326	-0.069926046	-0.084299	-0.06251468	-0.005746168
0.0019950038	0.044386085	-0.07119479	-0.00817761	0.012991359	-0.05411117	0.07235536	0.03338866	-0.0136706345	-0.06354242	0.001567057	0.022606403	-0.044169687	-0.04525129	-0.07509374	0.02377809
0.019874878	-0.08783604	0.043799322	0.0456698	-0.042592347	0.04268016	-0.04660711	-0.04388634	0.016356127	0.00539325	-0.024700401	-0.07794747	0.037142444	0.043808553	0.0327107	-0.07369943
0.008282421	-0.029120514	0.043565195	0.059186995	-0.06341626	0.051616732	-0.0073461696	-0.02352461	0.0008144266	0.03764836	-0.0028168014	-0.03650306	0.07095257	0.08410395	0.07920079	-0.07267536
0.021265516	-0.03018373	0.056838255	0.074761085	-0.03699286	0.07252998	-0.0010340293	0.007738963	0.016229456	0.04418308	-0.062423684	-0.07001563	0.025694689	0.012413336	0.0037703922	-0.030739425
0.055984426	-0.029215647	0.0051915525	0.057263747	-0.06928892	0.04477965	-0.035094112	-0.040963493	0.034702823	0.06434208	-0.005834734	-0.029484294	0.027515957	0.07083332	0.08655228	-0.061897162
0.009019179	-0.029607	0.008667961	0.061404124	0.0140371695	0.06387838	-0.086250655	-0.07095834	0.02105002	0.07696605	-0.07267055	-0.08475617	0.00033520238	0.05139252	0.069361955	-0.035749376
-0.03352975	-0.0028947487	-0.019811539	0.0004788816	0.016824186	-0.023089413	0.052051693	0.06362627	-0.008144577	-0.01807741	0.019085871	0.0056159594	-0.06363538	-0.07936733	-0.035410527	0.051271204
-0.08120015	0.0031832447	-0.00432903	-0.056071837	0.047342077	-0.047964778	0.057972662	0.022437625	-0.0710482	-0.074739955	0.051972233	-0.00063345523	0.014443651	-0.055333883	-0.011061824	0.029718494
-0.020034933	0.051624686	-0.021671502	-0.02975554	-0.03011342	-0.04475837	0.014822794	0.06469034	-0.030552143	-0.061099164	0.045073945	-0.0044588367	-0.0040370766	-0.044569574	-0.049173582	0.06762285
-4.758171e-05	0.06340033	-0.060789432	-0.005552602	0.03508957	-0.079032674	-0.0005795335	0.04466456	-0.014104432	-0.06821704	0.001332512	0.00048558734	-0.0125441495	-0.028346082	-0.015390359	0.030349651
-0.06835406	0.077797934	-0.011459049	-0.06306719	0.014182844	-0.066330224	0.07309564	-0.00095262256	-0.011959107	-0.06819222	0.043188136	0.035919104	-0.049919814	-0.0041729147	-0.037540372	0.0048477296
0.02715294	-0.015934473	0.009146607	0.037953407	1.7158454e-06	0.027027445	-0.025919894	-0.0016089635	0.093681775	0.06894201	0.007473469	-0.043607414	0.07584667	0.019229751	0.049636766	-0.013347163
0.013971052	-0.060431194	0.00054838264	0.063012354	-0.00028898352	0.05259761	-0.07728744	-0.038273312	0.06186768	0.09031128	0.0034633568	-0.07101712	0.053901497	0.048242804	0.03391022	-0.016435884
0.011724815	-0.04046005	-0.0027263602	0.07085911	0.0034081144	0.053618968	-0.085969165	-0.08565465	0.015803598	0.09071934	0.010984084	0.010989088	-0.0010594797	0.065744944	0.063971385	-0.022690699
0.08485097	-0.02435481	0.047252037	0.017426714	-0.086948216	0.085149094	-0.026775472	-0.081384495	0.06433113	-0.0016149128	-0.005529529	0.0027598648	0.00145666	0.07554958	0.047066655	-0.013706066
0.020174805	-0.07200147	0.049482606	0.011453226	-0.05852539	-0.0027726453	-0.07183029	-0.005228459	0.06136208	0.060655784	-0.03983852	0.0031597526	0.08521601	0.0010019192	0.027547251	-0.07934201
0.0850431	-0.03498875	0.065985925	0.008017197	-0.0023962269	0.0073855496	-0.052797966	-0.017427744	0.09509517	0.023700435	-0.036744636	-0.06355992	0.052645523	0.084277414	0.017798241	-0.086137384
0.011117899	0.05146707	-0.059346214	-0.03833668	0.031477522	0.0037941914	0.06050378	0.074293815	-0.04017664	-0.05192676	0.025773246	0.07473073	-0.022367334	-0.015438016	-0.035256475	0.0008695797
-0.04118911	0.068923175	-0.042056933	-0.078865774	0.013427857	-0.0019493706	-0.012686663	0.05509883	-0.05125153	-0.072834	-0.0028998828	0.00019296687	-0.077791385	-0.039684225	0.012200645	0.069397494
-0.08707641	0.06045437	-0.074554585	-0.008169171	0.077822454	-0.025968095	-0.0027604876	0.021396283	-0.071215376	-0.016716778	0.02789177	0.060729682	-0.046525907	-0.064620934	0.014858797	0.025311975
0.0049031256	0.026795717	-0.060654253	-0.03324421	0.048386317	-0.02697506	0.0519058	0.06542205	-0.032564994	0.0021300106	0.019443285	0.012111253	-0.051650327	-0.06858073	-0.06949814	0.026229324
0.087890804	-0.00035272574	0.05164866	0.040487014	-0.041641	0.026521357	-0.027457219	-0.032336384	0.075157516	0.085695975	-0.04831058	-0.0016703621	0.07389845	0.03461408	0.0133111	-0.021660587
0.0045274277	-0.010344306	0.014350725	0.07346619	-0.023209654	0.024582705	-0.013090818	-0.053374153	0.07097676	0.08243003	-0.05772991	-0.08307804	0.063705906	0.012873393	-0.00868805	-0.025374604
0.068753004	-0.026215903	0.07291255	0.02777118	-0.062078223	0.026150893	-0.0068801455	0.0021873529	0.0984795	0.027893594	0.007113217	-0.023959516	-0.0024675662	-0.004538308	0.08804813	-0.064060114
0.023868393	-0.084095456	0.019051792	0.003562976	-0.092502974	0.047227435	-0.052322328	-0.0649608	0.030062322	0.07095036	-0.08277132	-0.0029527403	0.02536992	0.09129465	0.0018163003	-0.04236689
0.035738513	0.021850653	-0.006107917	0.0027857232	-0.045183733	-0.026228392	0.06716273	0.014230992	0.03369953	0.006806916	0.03553952	-0.02933082	-0.05230174	-0.05172426	-0.053476017	0.034449853
0.0074984757	-0.013338893	-0.0011424645	0.033356134	-0.030001085	0.019473752	-0.0010900331	-0.018245254	0.05615344	0.022300325	-0.060465604	-0.009642682	0.038728684	0.016044596	0.035819456	-0.057360318
0.022004863	-0.011116932	0.058367457	0.07999492	-0.03404728	0.032181565	-0.06339177	-0.0062237973	0.0025503705	0.020908713	-0.060111005	-0.031837203	0.03045485	0.055825792	0.06769882	0.00071534334
0.05069863	-0.01801842	0.01842846	0.04663074	-0.08040621	0.015873836	-0.04270546	-0.07907432	0.074044965	0.05555132	-0.04361964	-0.088305034	0.04567554	0.050851382	0.047395553	-0.054631453
0.040500153	-0.02877855	0.039078604	0.08541778	-0.030667448	0.028713392	-0.080350496	-0.0313622	0.04719871	0.04144821	-0.0829209	-0.015564202	0.014512555	0.032109566	0.06559847	-0.0893204
0.029522574	-0.010238991	0.05073925	0.056568258	-0.06535058	0.07487614	-0.0012685342	-0.028197572	0.00012440073	0.005445255	0.0023345111	-0.08408726	0.01834106	0.038748607	0.045007996	-0.06491363
0.06739761	9.01779e-05	0.01862347	0.081257366	-0.029981362	0.04344271	-0.074887775	-0.05385888	0.09654282	0.026370645	-0.06430928	-0.040732987	-0.011034819	-0.0061296267	0.038295846	-0.026072107
0.08154048	-0.06598175	0.008395237	0.000637996	-0.07496444	0.0038994194	-0.0003014141	0.00090469583	0.015087079	0.07986098	-0.05786255	0.0020827893	0.08983758	0.026476445	0.06909932	-0.076845735
0.058253165	0.003714519	0.090634495	0.009559753	-0.07663082	-0.0027607626	-0.020857027	-0.05045792	0.09942913	0.019946834	-0.060628243	0.0036678948	0.029810376	0.02842577	0.0136013655	0.0006212823
0.06624128	-0.06715104	0.037681922	0.07844659	-0.078188606	0.06076031	0.0054649133	0.0029954016	0.0127849225	0.02076088	-0.007826693	-0.06732416	0.035974216	0.08533461	0.01620089	-0.06601186
0.08728553	-0.03859035	0.02130392	0.038612347	-0.063723736	0.025285143	-0.06496942	0.005027479	0.051421646	0.04625645	-0.08389997	0.011823472	-0.00364461	-0.004587849	0.054584205	-0.028370447
0.074346974	-0.028623082	0.028349599	0.02482293	-0.027793655	0.07698188	-0.07857825	-0.0625644	0.061408278	0.008771931	-0.007734031	-0.029665077	0.027633216	0.04766802	0.06275422	-0.03292317
0.004504363	0.016853927	-0.00432337	-0.03911451	0.014270581	-0.02023473	0.052338038	0.049104847	-0.011319955	0.00756975	-0.0070533673	-0.0028066908	0.033851612	-0.014609689	-0.0008478239	-0.0017556972
0.026608733	0.059725937	-0.033500362	-0.06356788	0.014876254	0.016037561	-0.00016278555	0.05425652	-0.054647036	1.3248038e-05	-0.035825577	0.04028125	0.00022926865	-0.009147359	0.016797237	0.047854934
0.020328159	0.05656508	-0.01585272	0.0040357183	-0.051063024	-0.03149037	-0.009710361	-0.0032685052	-0.008518978	-0.00604904	0.022266649	0.059536442	0.031355765	-0.029486725	-0.013017765	0.014436891
-0.03826502	0.053705487	-0.028001599	-0.004303648	-0.02161633	0.008391793	0.014079734	-0.023794325	0.027494892	0.020848062	0.015978968	-0.013944129	0.037411366	-0.009122255	0.021648042	0.020334102
